{"name":"sumoStreetHomeComputer_area","class":"BeamNGGameplayArea","__parent":"player_homes","position":[81.4748459,-263.272034,194.269669],"rotationMatrix":[0.999218583,-0.0226936545,0.0323604643,0.0212552603,0.998800039,0.0441208929,-0.0333229005,-0.0433985889,0.998501956],"scale":[1.97956133,1.29851007,1.49128199]}
{"name":"sumoStreetHomeComputer_icon","class":"BeamNGPointOfInterest","__parent":"player_homes","position":[81.495636,-264.665619,194.717484],"rotationMatrix":[0.983725607,-0.179677442,-3.7252903e-09,0.179156795,0.980875015,-0.076072976,0.0136685995,0.0748349279,0.997102261]}
{"name":"divisionLaneHomeComputer_area","class":"BeamNGGameplayArea","__parent":"player_homes","position":[314.703949,-253.624573,196.468246],"rotationMatrix":[-0.677102685,0.735176861,0.032360483,-0.733877242,-0.677847862,0.0441209413,0.0543721728,0.00612578169,0.998501956],"scale":[1.97956133,1.29851007,1.49128199]}
{"name":"divisionLaneHomeComputer_icon","class":"BeamNGPointOfInterest","__parent":"player_homes","position":[315.692871,-252.642487,196.916061],"rotationMatrix":[-0.553324223,0.832966328,7.4505806e-09,-0.830552578,-0.551720858,-0.0760730058,-0.0633662343,-0.0420930237,0.997102261]}
{"name":"uncleHomeComputer_icon","class":"BeamNGPointOfInterest","__parent":"player_homes","position":[671.805237,887.343689,184.556259],"rotationMatrix":[-0.983650327,0.180038512,0.00423846859,-0.179566532,-0.978737831,-0.0991354659,-0.0136998529,-0.0982757285,0.995064914]}
{"name":"uncleHomeComputer_area","class":"BeamNGGameplayArea","__parent":"player_homes","position":[671.8255,885.96106,184.075775],"rotationMatrix":[-0.999209166,0.0223431885,0.0328954495,-0.0216726363,-0.999552965,0.0206017457,0.0333410464,0.0198725201,0.999246418],"scale":[1.97956133,1.29851007,1.49128199]}
{"name":"dHomeComputer_icon","class":"BeamNGPointOfInterest","__parent":"player_homes","position":[749.506165,907.420593,180.276062],"hidden":true,"rotationMatrix":[-0.135888577,-0.990715146,0.00423847139,0.985786557,-0.135636687,-0.0991354808,0.098789908,-0.00929313898,0.995064914]}
{"name":"dHomeComputer_area","class":"BeamNGGameplayArea","__parent":"player_homes","position":[750.886536,907.502625,179.795578],"hidden":true,"rotationMatrix":[0.0223448873,-0.999208748,0.0328954384,0.999522269,0.0230301619,0.020601742,-0.0213430263,0.032419391,0.999246418],"scale":[1.97956133,1.29851007,1.49128199]}
{"name":"villaScuderiaHomeComputer_area","class":"BeamNGGameplayArea","__parent":"player_homes","position":[-496.535645,714.179993,305.449249],"rotationMatrix":[-0.999381781,-0.0124747511,0.032895457,0.0131568722,-0.999702096,0.020601742,0.0326286294,0.0210217908,0.999246418],"scale":[1.97956133,1.29851007,1.49128199]}
{"name":"villaScuderiaHomeComputer_icon","class":"BeamNGPointOfInterest","__parent":"player_homes","position":[-496.604034,715.561096,305.929749],"rotationMatrix":[-0.989324808,0.145667538,0.00423848815,-0.145366982,-0.984398842,-0.0991355032,-0.0102684619,-0.0986933261,0.995064914]}
{"name":"tristanLaneHomeComputer_icon","class":"BeamNGPointOfInterest","__parent":"player_homes","position":[-1744.59778,1284.57544,145.487381],"rotationMatrix":[-0.78986001,-0.613273799,0.00423848815,0.609926283,-0.786233783,-0.0991355255,0.0641296357,-0.0757179484,0.995064914]}
{"name":"tristanLaneHomeComputer_area","class":"BeamNGGameplayArea","__parent":"player_homes","position":[-1743.55347,1283.66895,145.006882],"rotationMatrix":[-0.682673216,-0.729983509,0.0328954495,0.730686724,-0.682402492,0.0206017382,0.00740899891,0.0381005108,0.999246418],"scale":[1.97956133,1.29851007,1.49128199]}
{"name":"racelessWayHomeComputer_icon","class":"BeamNGPointOfInterest","__parent":"player_homes","position":[-1769.45117,-97.5093765,153.449585],"rotationMatrix":[0.133861244,0.990991354,0.00423848256,-0.986062169,0.133619428,-0.0991355181,-0.0988087505,0.00909102336,0.995064914]}
{"name":"racelessWayHomeComputer_area","class":"BeamNGGameplayArea","__parent":"player_homes","position":[-1770.83142,-97.5943069,152.969086],"rotationMatrix":[-0.0243895054,0.999161303,0.0328954458,-0.999473393,-0.0250753164,0.0206017345,0.0214093141,-0.0323756561,0.999246418],"scale":[1.97956133,1.29851007,1.49128199]}
{"name":"shiftTabCourtHomeComputer_area","class":"BeamNGGameplayArea","__parent":"player_homes","position":[1823.67932,-1352.59998,163.339142],"rotationMatrix":[-0.0322943926,0.99893719,0.0328954533,-0.999243796,-0.032982707,0.0206017401,0.0216648113,-0.0322052538,0.999246418],"scale":[1.97956133,1.29851007,1.49128199]}
{"name":"shiftTabCourtHomeComputer_icon","class":"BeamNGPointOfInterest","__parent":"player_homes","position":[1825.05884,-1352.50415,163.819641],"rotationMatrix":[0.126015961,0.992019415,0.00423849002,-0.987088442,0.125813127,-0.0991355479,-0.0988776237,0.00830892473,0.995064914]}
{"name":"iHomeComputer_icon","class":"BeamNGPointOfInterest","__parent":"player_homes","position":[1053.45056,-682.460693,149.794373],"rotationMatrix":[-0.986277461,0.165041402,0.00423846394,-0.164644286,-0.981358409,-0.0991355553,-0.0122020189,-0.098473005,0.995064914]}
{"name":"iHomeComputer_area","class":"BeamNGGameplayArea","__parent":"player_homes","position":[1053.49194,-683.842896,149.313873],"rotationMatrix":[-0.999433637,0.00712696649,0.0328954607,-0.0064512575,-0.999767184,0.0206017308,0.0330346227,0.0203778408,0.999246418],"scale":[1.97956133,1.29851007,1.49128199]}
{"name":"jHomeComputer_area","class":"BeamNGGameplayArea","__parent":"player_homes","position":[277.708832,-888.999084,248.904282],"rotationMatrix":[0.826482534,0.562000573,0.0328954645,-0.562746108,0.8263731,0.0206017345,-0.015605744,-0.0355387628,0.999246418],"scale":[1.97956133,1.29851007,1.49128199]}
{"name":"jHomeComputer_icon","class":"BeamNGPointOfInterest","__parent":"player_homes","position":[278.528229,-890.112976,249.384781],"rotationMatrix":[0.90538156,0.424577802,0.0042384658,-0.422109634,0.901108027,-0.0991355777,-0.0459100753,0.0879664272,0.995064914]}
{"name":"mcgroryAveHomeComputer_icon","class":"BeamNGPointOfInterest","__parent":"player_homes","position":[1209.02515,1049.91565,171.248703],"rotationMatrix":[-0.990053773,0.140627831,0.00423846394,-0.140352339,-0.985126376,-0.0991355777,-0.00976579729,-0.0987444073,0.995064914]}
{"name":"mcgroryAveHomeComputer_area","class":"BeamNGGameplayArea","__parent":"player_homes","position":[1209.10071,1048.53491,170.768204],"rotationMatrix":[-0.999304652,-0.0175635852,0.0328954756,0.0182473287,-0.999621391,0.0206017345,0.0325211734,0.0211876594,0.999246418],"scale":[1.97956133,1.29851007,1.49128199]}
