{"name":"fre_finish_castellettoDrift","class":"BeamNGTrigger","__parent":"Castelletto Drift","position":[-1090.29639,957.420227,387.965912],"luaFunction":"onBeamNGTrigger","rotationMatrix":[-0.00317561626,0.999525964,-0.0306288004,-0.999939859,-0.00349617004,-0.0104176663,-0.0105198016,0.0305938721,0.999476552],"scale":[9.87178707,2.43526912,7.9474864]}
{"name":"fre_start_castellettoDrift","class":"BeamNGTrigger","__parent":"Castelletto Drift","position":[-1673.75293,1077.07617,172.196457],"luaFunction":"onBeamNGTrigger","rotationMatrix":[0.0596371293,0.998201728,-0.00606951676,-0.997736096,0.0594177842,-0.0315012671,-0.0310839806,0.00793442409,0.999485254],"scale":[8.70452118,1.37468839,4.83498001]}
{"name":"castellettoDrift","class":"DecalRoad","persistentId":"e4719bf8-814f-4591-b532-4b3de62e9cc4","__parent":"Castelletto Drift","position":[-1686.65894,1079.27527,170.398346],"improvedSpline":true,"material":"road_invisible","nodes":[[-1686.65894,1079.27527,170.398346,8],[-1673.99231,1077.40637,170.463715,8],[-1666.44385,1077.57593,170.991043,8],[-1657.5343,1081.104,171.95047,8],[-1645.45496,1090.10205,173.547577,8],[-1629.45532,1109.02747,175.95108,8],[-1612.94373,1127.46387,178.354004,8],[-1584.6958,1160.07031,182.857117,8],[-1560.24829,1173.01294,184.9328,8],[-1544.49524,1181.75195,186.214386,8],[-1529.43079,1203.74292,187.698135,8],[-1512.71484,1226.36304,189.298447,8],[-1493.36157,1234.90259,190.300217,8],[-1470.47681,1241.48352,191.301163,8],[-1460.37329,1247.36206,191.885315,8],[-1451.03003,1262.45288,192.423355,8],[-1434.18115,1276.01074,194.342484,8],[-1407.09338,1285.62024,197.704468,8],[-1375.12231,1288.9834,201.402405,8],[-1339.6864,1285.9408,204.825317,8],[-1299.07544,1280.76599,207.333069,8],[-1228.30798,1283.64844,207.908813,8],[-1197.94727,1279.83911,208.796219,8],[-1178.56641,1265.17749,209.809998,8],[-1154.18945,1234.79785,211.482727,8],[-1142.17334,1225.85681,212.20871,8],[-1125.4624,1222.46472,213.048645,8],[-1107.32654,1220.12415,214.182938,8],[-1099.58899,1211.47998,214.754028,8],[-1106.4718,1202.45935,215.309814,8],[-1132.42603,1207.85449,215.901428,8],[-1160.0791,1219.77563,216.28595,8],[-1176.67529,1235.72217,216.392807,8],[-1200.59619,1259.76416,216.464172,8],[-1213.72034,1267.43481,216.509674,8],[-1235.51208,1270.64404,216.662262,8],[-1265.23938,1265.80762,216.797226,8],[-1285.76843,1257.13525,216.93396,8],[-1290.07727,1240.62744,217.024261,8],[-1287.0813,1211.99097,217.252563,8],[-1294.35144,1199.45959,217.398438,8],[-1309.96716,1198.26538,217.605652,8],[-1328.01282,1203.96155,217.826019,8],[-1355.83484,1211.12781,218.200439,8],[-1385.2583,1210.72815,218.907745,8],[-1417.23779,1197.65625,219.718262,8],[-1439.64282,1178.65271,220.213181,8],[-1465.19653,1149.92456,220.638062,8],[-1478.64795,1125.46729,220.783234,8],[-1494.21301,1085.25049,222.054138,8],[-1507.27698,1053.03516,223.386322,8],[-1528.76807,1010.79694,225.243256,8],[-1544.0979,977.231506,226.417023,8],[-1546.85107,943.032471,226.913025,8],[-1536.48486,908.33905,228.186569,8],[-1502.83008,877.690308,230.990204,8],[-1456.30273,852.384399,234.926056,8],[-1443.95447,855.514404,235.407318,8],[-1446.77075,867.836426,235.844528,8],[-1478.27905,886.995422,238.753845,8],[-1506.67224,918.819336,243.14357,8],[-1512.17712,944.886169,247.5728,8],[-1489.75366,978.173767,252.451767,8],[-1442.87549,1020.56946,258.658417,8],[-1396.97803,1049.38562,262.852142,8],[-1378.03125,1059.37817,264.423309,8],[-1369.38037,1055.76611,264.699951,8],[-1369.76648,1045.32751,265.102844,8],[-1384.74548,1035.80579,265.581787,8],[-1404.44946,1023.75439,266.292786,8],[-1418.98267,1001.31879,267.243286,8],[-1430.953,967.981995,267.760376,8],[-1426.93787,938.5849,268.048523,8],[-1406.59375,912.415283,268.333984,8],[-1385.36523,895.671509,268.640137,8],[-1378.81018,880.0896,268.884705,8],[-1378.53809,858.227356,269.301697,8],[-1388.78687,835.953979,269.525848,8],[-1411.79028,808.293762,270.03595,8],[-1433.96594,782.858337,270.981628,8],[-1434.45386,770.11438,271.433472,8],[-1420.87061,770.655151,272.122192,8],[-1405.59302,793.689087,274.883301,8],[-1374.83191,819.537964,280.151703,8],[-1353.55737,852.822144,285.557007,8],[-1346.24548,890.530151,290.937378,8],[-1348.55371,927.269531,295.635803,8],[-1340.87427,937.922302,296.443359,8],[-1328.08813,927.144104,296.645691,8],[-1325.71423,896.145264,299.618469,8],[-1329.42322,860.298523,302.656647,8],[-1335.25098,833.826416,304.039612,8],[-1346.08887,804.668396,305.447266,8],[-1359.22815,783.114929,306.562988,8],[-1370.61816,767.154968,307.515961,8],[-1368.77368,751.841187,308.001709,8],[-1353.27051,760.439209,309.22644,8],[-1315.84851,826.691101,318.610107,8],[-1284.49316,901.226318,326.694946,8],[-1270.36169,928.431763,328.948059,8],[-1259.93689,933.308533,329.581116,8],[-1254.85059,922.705322,329.742249,8],[-1261.47815,891.113159,330.215271,8],[-1263.61621,868.735962,330.625488,8],[-1274.07764,843.36969,331.149902,8],[-1282.22241,826.977539,331.610291,8],[-1282.50623,795.828979,332.864868,8],[-1289.40076,767.448303,334.493347,8],[-1296.05518,748.772583,335.436432,8],[-1292.24963,740.329895,335.753632,8],[-1281.15051,743.984741,336.505768,8],[-1270.23828,766.557312,339.289917,8],[-1259.37781,788.69397,340.84021,8],[-1234.87219,807.301514,342.164124,8],[-1220.96826,825.793701,343.21228,8],[-1216.14722,853.328064,345.172119,8],[-1213.35669,919.034058,351.640991,8],[-1203.70935,931.766724,352.630005,8],[-1195.18604,924.238464,353.008423,8],[-1198.46741,906.818481,353.662598,8],[-1202.4552,887.460571,354.066376,8],[-1196.979,855.447388,354.378784,8],[-1192.70312,826.85376,354.505859,8],[-1192.77771,796.562561,354.791168,8],[-1193.75977,776.576538,355.203735,8],[-1198.02783,758.881714,355.941528,8],[-1189.63159,750.564941,356.239502,8],[-1179.49609,762.013672,357.187958,8],[-1177.52026,809.41449,362.64502,8],[-1179.65991,858.192261,368.763062,8],[-1177.90576,873.641602,370.135712,8],[-1166.87805,892.191467,372.118622,8],[-1151.4668,918.90863,375.796051,8],[-1144.9209,951.460571,379.810242,8],[-1140.3739,967.904724,381.291901,8],[-1129.70813,971.274536,381.532837,8],[-1114.83582,965.17157,382.801697,8],[-1099.88513,958.385254,386.628296,8],[-1091.45825,957.397217,387.93158,8]]}
{"class":"TSStatic","__parent":"Castelletto Drift","position":[-1673.68176,1082.09314,170.647415],"isRenderEnabled":false,"rotationMatrix":[-0.151734591,-0.98842144,0,0.98842144,-0.151734591,0,0,0,1],"shapeName":"/levels/italy/art/shapes/objects/featherflag_beamng.dae","useInstanceRenderData":true}
{"name":"fre_staging_castellettoDrift","class":"BeamNGTrigger","__parent":"Castelletto Drift","position":[-1674.42505,1077.13782,172.281387],"luaFunction":"onBeamNGTrigger","rotationMatrix":[0.0596371293,0.998201728,-0.00606951676,-0.997736096,0.0594177842,-0.0315012671,-0.0310839806,0.00793442409,0.999485254],"scale":[8.70452118,0.739773929,4.83498001]}
{"class":"TSStatic","__parent":"Castelletto Drift","position":[-1674.26611,1071.51025,170.647415],"isRenderEnabled":false,"rotationMatrix":[0.116671979,0.993170559,0,-0.993170559,0.116671979,0,0,0,1],"shapeName":"/levels/italy/art/shapes/objects/featherflag_beamng.dae","useInstanceRenderData":true}
{"name":"Castelletto Drift Reverse","class":"SimGroup","__parent":"Castelletto Drift"}
{"class":"TSStatic","__parent":"Castelletto Drift","position":[-1104.6366,966.218262,385.311615],"isRenderEnabled":false,"rotationMatrix":[-0.449802756,-0.893128157,0,0.893128157,-0.449802756,0,0,0,1],"shapeName":"/levels/italy/art/shapes/objects/featherflag_beamng.dae","useInstanceRenderData":true}
{"class":"TSStatic","__parent":"Castelletto Drift","position":[-1108.46326,956.334106,385.311615],"isRenderEnabled":false,"rotationMatrix":[0.417924166,0.908482075,0,-0.908482075,0.417924166,0,0,0,1],"shapeName":"/levels/italy/art/shapes/objects/featherflag_beamng.dae","useInstanceRenderData":true}
{"name":"fre_start_castellettoDriftR","class":"BeamNGTrigger","__parent":"Castelletto Drift","position":[-1107.10364,961.174988,386.777161],"luaFunction":"onBeamNGTrigger","rotationMatrix":[-0.384886265,-0.922944129,-0.00606951304,0.922576606,-0.384525776,-0.0315012708,0.0267400276,-0.0177239925,0.999485254],"scale":[8.70452118,1.37468839,4.83498001]}
{"name":"fre_staging_castellettoDriftR","class":"BeamNGTrigger","__parent":"Castelletto Drift","position":[-1106.48926,960.895569,386.862091],"luaFunction":"onBeamNGTrigger","rotationMatrix":[-0.384886265,-0.922944129,-0.00606951304,0.922576606,-0.384525776,-0.0315012708,0.0267400276,-0.0177239925,0.999485254],"scale":[8.70452118,0.739773929,4.83498001]}
{"name":"fre_finish_castellettoDriftR","class":"BeamNGTrigger","__parent":"Castelletto Drift","position":[-1686.04175,1079.90784,173.189423],"luaFunction":"onBeamNGTrigger","rotationMatrix":[0.0998347402,0.994532704,-0.0306288078,-0.994977355,0.0995585322,-0.0104176635,-0.00731133949,0.0315150134,0.999476552],"scale":[13.4110594,2.43526912,7.9474864]}
