{"name":"SpotLight_12","class":"SpotLight","__parent":"night_light_shadow","position":[673.736755,884.62439,190.275101],"castShadows":true,"outerAngle":170,"range":170,"rotationMatrix":[-0.999963641,0.00174345495,0.00839870702,-0.00857775658,-0.203245759,-0.979090512,0,-0.979126513,0.203252792],"shadowSoftness":0.75}
{"name":"SpotLight_121","class":"SpotLight","__parent":"night_light_shadow","position":[311.283478,-248.92749,202.711014],"castShadows":true,"outerAngle":170,"range":170,"rotationMatrix":[-0.999963641,0.00174345495,0.00839870702,-0.00857775658,-0.203245759,-0.979090512,0,-0.979126513,0.203252792],"shadowSoftness":0.75}
{"name":"SpotLight_1212","class":"SpotLight","__parent":"night_light_shadow","position":[80.6923141,-261.883148,199.842575],"castShadows":true,"outerAngle":170,"range":170,"rotationMatrix":[-0.0461255312,0.99881357,0.015617758,-0.350399196,-0.00153660774,-0.936599255,-0.935464025,-0.0486736,0.350054383],"shadowSoftness":0.75}
{"name":"SpotLight_12121","class":"SpotLight","__parent":"night_light_shadow","position":[-1745.64087,1282.78174,149.446411],"castShadows":true,"outerAngle":170,"range":170,"rotationMatrix":[-0.997973323,-0.0616957322,0.0156177748,0.00700062327,-0.350332975,-0.936599433,0.0632555932,-0.934591472,0.350054145],"shadowSoftness":0.75}
{"name":"SpotLight_121211","class":"SpotLight","__parent":"night_light_shadow","position":[-1775.72729,-104.491165,168.084457],"castShadows":true,"outerAngle":170,"range":170,"rotationMatrix":[0.688668609,-0.724907935,0.0156176984,0.263895214,0.230524302,-0.936598897,0.675347924,0.649127603,0.350054681],"shadowSoftness":0.75}
{"name":"SpotLight_1212111","class":"SpotLight","__parent":"night_light_shadow","position":[1816.95972,-1350.66296,171.143753],"castShadows":true,"outerAngle":170,"range":170,"rotationMatrix":[0.688668609,-0.724907935,0.0156176984,0.263895214,0.230524302,-0.936598897,0.675347924,0.649127603,0.350054681],"shadowSoftness":0.75}
{"name":"SpotLight_12121111","class":"SpotLight","__parent":"night_light_shadow","position":[1202.22388,1043.9801,176.062012],"castShadows":true,"outerAngle":170,"range":170,"rotationMatrix":[0.922723472,-0.385146111,0.0156175941,0.148355454,0.317447186,-0.936599433,0.355769694,0.866539299,0.350054443],"shadowSoftness":0.75}
{"name":"SpotLight_121211111","class":"SpotLight","__parent":"night_light_shadow","position":[-501.580627,708.375366,316.245697],"castShadows":true,"outerAngle":170,"range":170,"rotationMatrix":[-0.0778137445,-0.996845841,0.0156174004,0.347897053,-0.0418305397,-0.936599374,0.934298277,-0.0674468279,0.350054383],"shadowSoftness":0.75}
