{"name":"fre_start_outroDriftasset0","class":"DecalRoad","persistentId":"3c5cafc3-2ca2-446a-aa48-e656afe652fa","__parent":"Outro Drift","position":[-125.470413,-634.392212,432.218109],"improvedSpline":true,"material":"checkered_line_alt","nodes":[[-125.470413,-634.392212,432.218109,0.5],[-119.888985,-632.755676,432.378143,0.5]],"startEndFade":[1,1]}
{"name":"fre_staging_outroDrift","class":"BeamNGTrigger","__parent":"Outro Drift","position":[279.510895,-596.227722,348.358704],"luaFunction":"onBeamNGTrigger","rotationMatrix":[0.879814088,-0.475279272,-0.00606950559,0.474883914,0.879484475,-0.0315012522,0.0203099269,0.024832936,0.999485254],"scale":[8.70452118,0.739773929,4.83498001]}
{"name":"outroDrift","class":"DecalRoad","persistentId":"d8e2e859-01e4-4223-be66-f382f24b3da3","__parent":"Outro Drift","position":[280.025543,-595.828125,346.100281],"improvedSpline":true,"material":"road_invisible","nodes":[[280.025543,-595.828125,346.100281,8],[274.935791,-602.472473,346.430206,8],[263.543549,-608.72113,347.365326,8],[242.825745,-614.709778,348.397217,8],[209.368912,-613.252014,349.834167,8],[185.337097,-609.124817,350.889587,8],[151.757843,-609.210083,353.229584,8],[109.382942,-610.923218,356.651184,8],[96.8488541,-615.154663,357.89978,8],[90.9262085,-630.767883,358.80835,8],[84.660202,-649.489136,359.297943,8],[73.5869598,-659.202881,359.57959,8],[55.2536392,-672.740601,359.929413,8],[45.711071,-686.1474,360.184204,8],[45.9858551,-702.309814,360.646454,8],[50.4325218,-722.916077,362.532288,8],[50.3515892,-732.1026,363.428162,8],[44.3599129,-737.947449,364.049896,8],[34.1640968,-736.060913,364.290344,8],[26.0672283,-725.365723,364.32193,8],[-1.4136672,-680.50061,365.21051,8],[-10.0011387,-660.384705,365.741211,8],[-13.1584549,-640.323059,366.371429,8],[-15.9241858,-628.162537,366.904785,8],[-23.5198154,-616.984314,367.529846,8],[-49.0400162,-577.955261,368.782745,8],[-61.7008247,-561.158813,369.51413,8],[-72.3159103,-561.726257,369.917786,8],[-75.8758392,-572.476013,370.430481,8],[-66.3762894,-586.644043,371.102936,8],[-37.2821732,-623.049072,373.19162,8],[-28.404808,-640.147339,374.858032,8],[-26.1056843,-653.36145,376.359924,8],[-21.0008945,-691.871277,379.965088,8],[-18.5254288,-704.086182,380.846069,8],[-8.53245163,-717.294617,382.224304,8],[-5.83531189,-726.553345,383.431,8],[-3.152071,-744.691223,385.439606,8],[4.87862015,-755.942261,386.459442,8],[14.3360586,-762.384949,386.852753,8],[18.204937,-769.836975,387.116302,8],[14.0265818,-778.286316,387.612915,8],[5.34472847,-780.80426,388.157043,8],[-1.24165535,-776.184265,388.357544,8],[-8.20984077,-766.416138,388.60257,8],[-18.2043858,-748.347473,389.822754,8],[-27.8915749,-732.114441,390.431732,8],[-34.0107765,-718.654358,390.939697,8],[-34.5886307,-705.67157,391.193481,8],[-39.2496719,-694.786926,391.442841,8],[-45.8299713,-679.449585,392.035156,8],[-51.2203331,-658.530212,392.652008,8],[-55.3438568,-637.777039,393.304932,8],[-62.336731,-624.437988,393.853943,8],[-81.0185776,-605.175171,394.591797,8],[-100.859604,-585.129395,395.079163,8],[-109.485184,-570.52179,395.325928,8],[-114.65094,-554.459656,395.692474,8],[-122.706802,-540.304993,396.083038,8],[-138.939636,-533.889526,396.334564,8],[-160.453278,-532.89502,396.50061,8],[-180.858414,-531.386108,396.986206,8],[-195.028076,-519.967529,397.31781,8],[-208.376724,-508.578613,397.692505,8],[-224.954697,-505.98877,398.254822,8],[-245.204681,-508.843445,398.842804,8],[-277.95163,-515.868103,399.703918,8],[-307.424377,-525.413818,402.11853,8],[-329.843445,-530.3526,402.013733,8],[-362.238464,-531.013245,400.866516,8],[-383.934509,-539.240479,402.586243,8],[-404.891235,-555.413513,403.999023,8],[-415.594574,-568.789673,404.77478,8],[-412.210693,-580.517273,406.158783,8],[-400.58963,-580.379944,407.193878,8],[-391.820862,-573.101929,407.560425,8],[-385.223358,-557.979614,407.853912,8],[-374.968811,-550.379333,408.247528,8],[-362.733215,-546.115784,409.181915,8],[-337.983215,-546.447632,413.869995,8],[-308.233246,-542.226379,415.30957,8],[-276.722412,-532.777466,416.390533,8],[-259.283997,-526.877441,417.04657,8],[-244.770081,-527.326477,417.637207,8],[-230.637802,-534.051147,418.284912,8],[-216.953964,-543.391235,419.212677,8],[-201.517761,-552.023254,420.700226,8],[-179.282043,-560.377014,422.947021,8],[-156.078552,-565.23114,424.511536,8],[-142.563751,-575.450195,425.572327,8],[-133.267639,-592.717896,427.53125,8],[-126.584747,-620.775146,431.207153,8],[-122.27446,-634.899719,432.484802,8]]}
{"class":"TSStatic","__parent":"Outro Drift","position":[283.185333,-598.860291,346.016205],"isRenderEnabled":false,"rotationMatrix":[-0.825909257,0.563803792,0,-0.563803792,-0.825909257,0,0,0,1],"shapeName":"/levels/italy/art/shapes/objects/featherflag_beamng.dae","useInstanceRenderData":true}
{"class":"TSStatic","__parent":"Outro Drift","position":[275.343597,-594.456604,346.016205],"isRenderEnabled":false,"rotationMatrix":[0.845337331,-0.534232914,0,0.534232914,0.845337331,0,0,0,1],"shapeName":"/levels/italy/art/shapes/objects/featherflag_beamng.dae","useInstanceRenderData":true}
{"name":"fre_start_outroDrift","class":"BeamNGTrigger","__parent":"Outro Drift","position":[279.171234,-596.811157,348.273773],"luaFunction":"onBeamNGTrigger","rotationMatrix":[0.879814088,-0.475279272,-0.00606950559,0.474883914,0.879484475,-0.0315012522,0.0203099269,0.024832936,0.999485254],"scale":[8.70452118,1.37468839,4.83498001]}
{"name":"fre_finish_outroDrift","class":"BeamNGTrigger","__parent":"Outro Drift","position":[-122.489716,-634.694214,434.378448],"luaFunction":"onBeamNGTrigger","rotationMatrix":[0.971401811,0.235457748,-0.0306287855,-0.235865712,0.971729815,-0.0104176663,0.027309984,0.0173440203,0.999476552],"scale":[9.87178707,2.43526912,7.9474864]}
