{"ctxid":0,"pos":[-1.57200003,-298.548004,189.162003],"rotationMatrix":[-0.526703477,0.850049078,0,-0.850049078,-0.526703477,0,0,0,1],"scale":0.916400015,"type":"cork_oak_medium"}
{"ctxid":0,"pos":[-1.54470003,-254.716995,188.457001],"rotationMatrix":[0.116879463,-0.993146122,0,0.993146122,0.116879463,0,0,0,1],"scale":0.827300012,"type":"cork_oak_medium"}
{"ctxid":0,"pos":[-51.2452011,-595.583008,371.899994],"rotationMatrix":[-0.799304366,-0.600926399,0,0.600926399,-0.799304366,0,0,0,1],"scale":1.10679996,"type":"cork_oak_medium"}
{"ctxid":0,"pos":[-31.8710995,-613.999023,367.747009],"rotationMatrix":[-0.0590945482,0.998252392,0,-0.998252392,-0.0590945482,0,0,0,1],"scale":0.907199979,"type":"cork_oak_medium"}
{"ctxid":0,"pos":[-72.1118011,-550.655029,372.468994],"rotationMatrix":[0.718149662,-0.695888698,0,0.695888698,0.718149662,0,0,0,1],"scale":1.04089999,"type":"cork_oak_medium"}
{"ctxid":0,"pos":[-557.663025,-7.75969982,194.164993],"rotationMatrix":[0.962132454,0.272582352,0,-0.272582352,0.962132454,0,0,0,1],"scale":0.932200015,"type":"cork_oak_medium"}
{"ctxid":0,"pos":[-573.541016,-37.578701,195.125],"rotationMatrix":[0.906601548,-0.421987712,0,0.421987712,0.906601548,0,0,0,1],"scale":0.814199984,"type":"cork_oak_medium"}
{"ctxid":0,"pos":[-866.64502,1595.78003,158.617996],"rotationMatrix":[0.199381351,-0.979921997,0,0.979921997,0.199381351,0,0,0,1],"scale":0.996100008,"type":"cork_oak_medium"}
{"ctxid":0,"pos":[-868.924988,1588.09998,160.335007],"rotationMatrix":[-0.989613414,-0.143754274,0,0.143754274,-0.989613414,0,0,0,1],"scale":1.14909995,"type":"cork_oak_medium"}
{"ctxid":0,"pos":[-707.146973,1207.91003,204.432007],"rotationMatrix":[0.98963201,-0.143626198,0,0.143626198,0.98963201,0,0,0,1],"scale":1.05920005,"type":"cork_oak_medium"}
{"ctxid":0,"pos":[-860.880981,1482.79004,158.845993],"rotationMatrix":[0.161487579,-0.986874759,0,0.986874759,0.161487579,0,0,0,1],"scale":0.838800013,"type":"cork_oak_medium"}
{"ctxid":0,"pos":[-871.534973,1473.22998,161.315994],"rotationMatrix":[0.440106392,0.897945642,0,-0.897945642,0.440106392,0,0,0,1],"scale":1.16929996,"type":"cork_oak_medium"}
{"ctxid":0,"pos":[-751.758972,1252.5,186.645004],"rotationMatrix":[-0.655836105,0.754903316,0,-0.754903316,-0.655836105,0,0,0,1],"scale":1.09259999,"type":"cork_oak_medium"}
{"ctxid":0,"pos":[-927.903015,1283.41003,214.587997],"rotationMatrix":[-0.133716822,0.991019607,0,-0.991019607,-0.133716822,0,0,0,1],"scale":0.976100028,"type":"cork_oak_medium"}
{"ctxid":0,"pos":[-965.030029,1273.48999,232.891006],"rotationMatrix":[0.995449424,-0.0952913687,0,0.0952913687,0.995449424,0,0,0,1],"scale":0.865499973,"type":"cork_oak_medium"}
{"ctxid":0,"pos":[-825.302002,1249.53003,195.942993],"rotationMatrix":[-0.978458285,-0.206444621,0,0.206444621,-0.978458285,0,0,0,1],"scale":1.17379999,"type":"cork_oak_medium"}
{"ctxid":0,"pos":[-790.377991,1208.18005,215.302994],"rotationMatrix":[0.657042384,-0.753853619,0,0.753853619,0.657042384,0,0,0,1],"scale":0.841400027,"type":"cork_oak_medium"}
{"ctxid":0,"pos":[-759.762024,1135.37,247.421997],"rotationMatrix":[0.652722239,-0.757597327,0,0.757597327,0.652722239,0,0,0,1],"scale":1.07669997,"type":"cork_oak_medium"}
{"ctxid":0,"pos":[-833.291992,1150.5,263.014008],"rotationMatrix":[-0.63298583,-0.774163365,0,0.774163365,-0.63298583,0,0,0,1],"scale":1.07219994,"type":"cork_oak_medium"}
{"ctxid":0,"pos":[-853.328979,1234.88,206.656006],"rotationMatrix":[-0.960596085,0.277948141,0,-0.277948141,-0.960596085,0,0,0,1],"scale":0.846499979,"type":"cork_oak_medium"}
{"ctxid":0,"pos":[-889.263977,1248.40002,217.897003],"rotationMatrix":[0.292901635,0.956142604,0,-0.956142604,0.292901635,0,0,0,1],"scale":1.09529996,"type":"cork_oak_medium"}
{"ctxid":0,"pos":[-119.082001,902.953003,201.251999],"rotationMatrix":[-0.871338606,0.490682214,0,-0.490682214,-0.871338606,0,0,0,1],"scale":0.864199996,"type":"cork_oak_medium"}
{"ctxid":0,"pos":[-132.621994,792.405029,207.259995],"rotationMatrix":[-0.999599934,0.0282837879,0,-0.0282837879,-0.999599934,0,0,0,1],"scale":1.16690004,"type":"cork_oak_medium"}
{"ctxid":0,"pos":[-186.600998,786.18103,209.955994],"rotationMatrix":[-0.755188465,-0.655507743,0,0.655507743,-0.755188465,0,0,0,1],"scale":0.986199975,"type":"cork_oak_medium"}
{"ctxid":0,"pos":[-89.8429031,568.510986,178.965622],"rotationMatrix":[-0.194130659,-0.980975688,0,0.980975688,-0.194130659,0,0,0,1],"scale":0.980599999,"type":"cork_oak_medium"}
{"ctxid":0,"pos":[-85.3340988,543.088257,178.454666],"rotationMatrix":[-0.802720785,0.596355021,0,-0.596355021,-0.802720785,0,0,0,1],"scale":0.962499976,"type":"cork_oak_medium"}
{"ctxid":0,"pos":[-147.475998,619.205017,195.531998],"rotationMatrix":[-0.498872995,0.866675079,0,-0.866675079,-0.498872995,0,0,0,1],"scale":1.05420005,"type":"cork_oak_medium"}
{"ctxid":0,"pos":[-173.830002,620.875,196.209],"rotationMatrix":[0.99838686,0.0567774437,0,-0.0567774437,0.99838686,0,0,0,1],"scale":0.85799998,"type":"cork_oak_medium"}
{"ctxid":0,"pos":[-430.427002,532.987976,201.602005],"rotationMatrix":[0.688897252,0.724858999,0,-0.724858999,0.688897252,0,0,0,1],"scale":1.18120003,"type":"cork_oak_medium"}
{"ctxid":0,"pos":[-207.934006,473.006012,179.169006],"rotationMatrix":[-0.356304407,-0.934369922,0,0.934369922,-0.356304407,0,0,0,1],"scale":1.06579995,"type":"cork_oak_medium"}
{"ctxid":0,"pos":[-182.667999,295.037994,178.391006],"rotationMatrix":[0.81455946,0.580080092,0,-0.580080092,0.81455946,0,0,0,1],"scale":0.927900016,"type":"cork_oak_medium"}
{"ctxid":0,"pos":[-194.595993,296.563995,177.947006],"rotationMatrix":[-0.628651619,0.777687073,0,-0.777687073,-0.628651619,0,0,0,1],"scale":1.04320002,"type":"cork_oak_medium"}
{"ctxid":0,"pos":[-52.6299019,173.779999,198.809998],"rotationMatrix":[-0.930612564,-0.366005808,0,0.366005808,-0.930612564,0,0,0,1],"scale":1.00320005,"type":"cork_oak_medium"}
{"ctxid":0,"pos":[-552.684998,283.532013,192.656006],"rotationMatrix":[-0.485398531,-0.874293029,0,0.874293029,-0.485398531,0,0,0,1],"scale":0.941600025,"type":"cork_oak_medium"}
{"ctxid":0,"pos":[-556.309998,239.520996,195.416],"rotationMatrix":[0.831683993,-0.555249274,0,0.555249274,0.831683993,0,0,0,1],"scale":0.851499975,"type":"cork_oak_medium"}
{"ctxid":0,"pos":[-531.919983,37.3264999,191.233002],"rotationMatrix":[-0.962180376,0.272413135,0,-0.272413135,-0.962180376,0,0,0,1],"scale":1.16120005,"type":"cork_oak_medium"}
{"ctxid":0,"pos":[-781.929993,225.585999,237.214996],"rotationMatrix":[0.937977552,-0.346695989,0,0.346695989,0.937977552,0,0,0,1],"scale":1.13940001,"type":"cork_oak_medium"}
{"ctxid":0,"pos":[-1046.5,1345.06995,192.779007],"rotationMatrix":[0.541884065,-0.840453267,0,0.840453267,0.541884065,0,0,0,1],"scale":0.973800004,"type":"cork_oak_medium"}
{"ctxid":0,"pos":[-1807.29004,1535.81995,144.957001],"rotationMatrix":[-0.829784513,0.558083892,0,-0.558083892,-0.829784513,0,0,0,1],"scale":0.897400022,"type":"cork_oak_medium"}
{"ctxid":0,"pos":[-1104.54004,667.367004,366.438995],"rotationMatrix":[-0.674084067,0.738654613,0,-0.738654613,-0.674084067,0,0,0,1],"scale":0.810299993,"type":"cork_oak_medium"}
{"ctxid":0,"pos":[-1141.71997,656.823975,359.27301],"rotationMatrix":[-0.580286384,-0.814412475,0,0.814412475,-0.580286384,0,0,0,1],"scale":0.839900017,"type":"cork_oak_medium"}
{"ctxid":0,"pos":[-1550.06006,975.408997,226.132996],"rotationMatrix":[0.326503873,0.945195854,0,-0.945195854,0.326503873,0,0,0,1],"scale":1.13680005,"type":"cork_oak_medium"}
{"ctxid":0,"pos":[-1503.70996,886.083008,231.311996],"rotationMatrix":[-0.847042084,-0.53152585,0,0.53152585,-0.847042084,0,0,0,1],"scale":0.912999988,"type":"cork_oak_medium"}
{"ctxid":0,"pos":[1638.45996,-42.3829994,148.744995],"rotationMatrix":[0.818074942,0.575111628,0,-0.575111628,0.818074942,0,0,0,1],"scale":0.967599988,"type":"cork_oak_medium"}
{"ctxid":0,"pos":[1631.55005,-110.435997,147.192993],"rotationMatrix":[0.489343882,-0.872090936,0,0.872090936,0.489343882,0,0,0,1],"scale":1.19920003,"type":"cork_oak_medium"}
{"ctxid":0,"pos":[1126.5,-706.5,143.848007],"rotationMatrix":[0.474482298,0.845300853,0.24562785,-0.880021691,0.462070823,0.109783381,-0.0206974745,-0.268248111,0.963127494],"scale":1.19819999,"type":"cork_oak_medium"}
{"ctxid":0,"pos":[1830.31006,-1332.70996,161.889008],"rotationMatrix":[0.474277377,-0.880375445,0,0.880375445,0.474277377,0,0,0,1],"scale":1.005,"type":"cork_oak_medium"}
{"ctxid":0,"pos":[1567.52002,-1154.10999,169.660004],"rotationMatrix":[0.626579165,0.779357791,0,-0.779357791,0.626579165,0,0,0,1],"scale":0.880999982,"type":"cork_oak_medium"}
{"ctxid":0,"pos":[1575.09998,-1162.37,169.660995],"rotationMatrix":[0.143521309,0.98964721,0,-0.98964721,0.143521309,0,0,0,1],"scale":0.993799984,"type":"cork_oak_medium"}
{"ctxid":0,"pos":[1586.60999,-1171.94995,169.688995],"rotationMatrix":[-0.567866325,-0.823120773,0,0.823120773,-0.567866325,0,0,0,1],"scale":0.88410002,"type":"cork_oak_medium"}
{"ctxid":0,"pos":[1604.23999,-1178.57996,169.682007],"rotationMatrix":[0.0610020161,0.998137653,0,-0.998137653,0.0610020161,0,0,0,1],"scale":1.02320004,"type":"cork_oak_medium"}
{"ctxid":0,"pos":[1471.89001,-1235.69995,268.493988],"rotationMatrix":[0.165626287,0.986188591,0,-0.986188591,0.165626287,0,0,0,1],"scale":0.898100019,"type":"cork_oak_medium"}
{"ctxid":0,"pos":[271.730011,-0.654500008,190.923996],"rotationMatrix":[-0.945969939,0.324254334,0,-0.324254334,-0.945969939,0,0,0,1],"scale":1.09679997,"type":"cork_oak_medium"}
{"ctxid":0,"pos":[276.855988,-21.9703999,186.112],"rotationMatrix":[0.130910635,-0.991394162,0,0.991394162,0.130910635,0,0,0,1],"scale":0.920400023,"type":"cork_oak_medium"}
{"ctxid":0,"pos":[320.058014,-187.419998,186.242996],"rotationMatrix":[-0.96336937,0.268178046,0,-0.268178046,-0.96336937,0,0,0,1],"scale":0.893000007,"type":"cork_oak_medium"}
{"ctxid":0,"pos":[315.174988,-222.520004,184.257996],"rotationMatrix":[-0.590971231,-0.80669266,0,0.80669266,-0.590971231,0,0,0,1],"scale":1.00890005,"type":"cork_oak_medium"}
{"ctxid":0,"pos":[153.296997,-298.65799,191.908997],"rotationMatrix":[0.124041438,-0.992277026,0,0.992277026,0.124041438,0,0,0,1],"scale":1.00329995,"type":"cork_oak_medium"}
{"ctxid":0,"pos":[7.28509998,-280.556,188.992004],"rotationMatrix":[0.963819504,0.266555756,0,-0.266555756,0.963819504,0,0,0,1],"scale":0.897700012,"type":"cork_oak_medium"}
{"ctxid":0,"pos":[8.9364996,-260.55899,188.255005],"rotationMatrix":[0.89170146,-0.452624023,0,0.452624023,0.89170146,0,0,0,1],"scale":0.902499974,"type":"cork_oak_medium"}
{"ctxid":0,"pos":[21.6075993,-325.394012,190.692993],"rotationMatrix":[0.999855518,0.0169983078,0,-0.0169983078,0.999855518,0,0,0,1],"scale":1.13829994,"type":"cork_oak_medium"}
{"ctxid":0,"pos":[1261.70996,723.552002,192.947998],"rotationMatrix":[0.572927237,-0.819606245,0,0.819606245,0.572927237,0,0,0,1],"scale":1.13810003,"type":"cork_oak_medium"}
{"ctxid":0,"pos":[1030.13,763.146973,188.130005],"rotationMatrix":[-0.99200809,-0.126174286,0,0.126174286,-0.99200809,0,0,0,1],"scale":1.19780004,"type":"cork_oak_medium"}
{"ctxid":0,"pos":[1177.13,768.846008,193.459],"rotationMatrix":[-0.289939165,-0.957045078,0,0.957045078,-0.289939165,0,0,0,1],"scale":1.12320006,"type":"cork_oak_medium"}
{"ctxid":0,"pos":[1246.52002,576.47998,201.557007],"rotationMatrix":[0.892166376,0.451706946,0,-0.451706946,0.892166376,0,0,0,1],"scale":0.933899999,"type":"cork_oak_medium"}
{"ctxid":0,"pos":[1220.77002,542.952026,198.766006],"rotationMatrix":[0.81211555,-0.58349663,0,0.58349663,0.81211555,0,0,0,1],"scale":0.981299996,"type":"cork_oak_medium"}
{"ctxid":0,"pos":[1123.73999,690.903015,197.119995],"rotationMatrix":[0.478166699,-0.878269076,0,0.878269076,0.478166699,0,0,0,1],"scale":0.999100029,"type":"cork_oak_medium"}
{"ctxid":0,"pos":[1084.82996,635.039001,188.391998],"rotationMatrix":[-0.517979026,0.855393291,0,-0.855393291,-0.517979026,0,0,0,1],"scale":0.820800006,"type":"cork_oak_medium"}
{"ctxid":0,"pos":[1115.75,581.114014,186.447006],"rotationMatrix":[-0.912576914,-0.408905089,0,0.408905089,-0.912576914,0,0,0,1],"scale":1.10350001,"type":"cork_oak_medium"}
{"ctxid":0,"pos":[1098.35999,531.005005,182.854996],"rotationMatrix":[-0.0506700277,0.99871546,0,-0.99871546,-0.0506700277,0,0,0,1],"scale":0.896899998,"type":"cork_oak_medium"}
{"ctxid":0,"pos":[1033.29004,596.312988,183.634003],"rotationMatrix":[-0.862449884,-0.506142437,0,0.506142437,-0.862449884,0,0,0,1],"scale":0.878400028,"type":"cork_oak_medium"}
{"ctxid":0,"pos":[1256.12,460.778015,226.839996],"rotationMatrix":[-0.332691312,0.943035781,0,-0.943035781,-0.332691312,0,0,0,1],"scale":1.1609,"type":"cork_oak_medium"}
{"ctxid":0,"pos":[1067.10999,445.859009,188.242996],"rotationMatrix":[0.834457397,0.551072478,0,-0.551072478,0.834457397,0,0,0,1],"scale":0.950200021,"type":"cork_oak_medium"}
{"ctxid":0,"pos":[1076.34998,472.381989,189.332993],"rotationMatrix":[-0.291867256,0.956458807,0,-0.956458807,-0.291867256,0,0,0,1],"scale":1.1099,"type":"cork_oak_medium"}
{"ctxid":0,"pos":[582.382996,1462.30005,141.164001],"rotationMatrix":[-0.991209626,-0.132300705,0,0.132300705,-0.991209626,0,0,0,1],"scale":0.836199999,"type":"cork_oak_medium"}
{"ctxid":0,"pos":[562.35498,1402.88,148.061996],"rotationMatrix":[-0.0207346678,0.999785006,0,-0.999785006,-0.0207346678,0,0,0,1],"scale":0.905200005,"type":"cork_oak_medium"}
{"ctxid":0,"pos":[564.203003,1387.37,148.529999],"rotationMatrix":[0.850395441,0.526144087,0,-0.526144087,0.850395441,0,0,0,1],"scale":0.90170002,"type":"cork_oak_medium"}
{"ctxid":0,"pos":[981.148987,630.242004,190.199997],"rotationMatrix":[0.754019022,0.656852603,0,-0.656852603,0.754019022,0,0,0,1],"scale":1.12979996,"type":"cork_oak_medium"}
{"ctxid":0,"pos":[912.119019,719.870972,187.098007],"rotationMatrix":[-0.356963396,0.93411839,0,-0.93411839,-0.356963396,0,0,0,1],"scale":0.9023,"type":"cork_oak_medium"}
{"ctxid":0,"pos":[994.299011,533.458984,183.843002],"rotationMatrix":[-0.208701611,-0.977979362,0,0.977979362,-0.208701611,0,0,0,1],"scale":0.824500024,"type":"cork_oak_medium"}
{"ctxid":0,"pos":[879.5,537,186.537994],"rotationMatrix":[0.796095014,0.60517168,0,-0.60517168,0.796095014,0,0,0,1],"scale":0.953100026,"type":"cork_oak_medium"}
{"ctxid":0,"pos":[796.281006,650.200012,184.778],"rotationMatrix":[-0.768704295,-0.63960433,0,0.63960433,-0.768704295,0,0,0,1],"scale":0.831499994,"type":"cork_oak_medium"}
{"ctxid":0,"pos":[637.405029,892.44397,177.960999],"rotationMatrix":[0.960687876,-0.277630687,0,0.277630687,0.960687876,0,0,0,1],"scale":1.09220004,"type":"cork_oak_medium"}
{"ctxid":0,"pos":[625.435974,898.224976,176.188004],"rotationMatrix":[-0.508931994,-0.860806704,0,0.860806704,-0.508931994,0,0,0,1],"scale":0.820299983,"type":"cork_oak_medium"}
{"ctxid":0,"pos":[632.338013,945.934021,176.587997],"rotationMatrix":[0.985413671,0.170176074,0,-0.170176074,0.985413671,0,0,0,1],"scale":0.811800003,"type":"cork_oak_medium"}
{"ctxid":0,"pos":[682.583984,635.05603,174.106995],"rotationMatrix":[0.80381155,-0.594884038,0,0.594884038,0.80381155,0,0,0,1],"scale":1.199,"type":"cork_oak_medium"}
{"ctxid":0,"pos":[596.586975,543.708008,175.388],"rotationMatrix":[0.321154475,-0.947026849,0,0.947026849,0.321154475,0,0,0,1],"scale":1.16779995,"type":"cork_oak_medium"}
{"ctxid":0,"pos":[897.47699,285.795013,199.445007],"rotationMatrix":[-0.382784486,-0.923837662,0,0.923837662,-0.382784486,0,0,0,1],"scale":0.926599979,"type":"cork_oak_medium"}
{"ctxid":0,"pos":[848.788025,457.350006,179.445999],"rotationMatrix":[-0.708661079,0.705549061,0,-0.705549061,-0.708661079,0,0,0,1],"scale":1.12170005,"type":"cork_oak_medium"}
{"ctxid":0,"pos":[811.047974,412.40799,179.195007],"rotationMatrix":[-0.430755258,0.902468801,0,-0.902468801,-0.430755258,0,0,0,1],"scale":0.828599989,"type":"cork_oak_medium"}
{"ctxid":0,"pos":[534.195984,485.502991,177.141998],"rotationMatrix":[-0.435156941,-0.900354624,0,0.900354624,-0.435156941,0,0,0,1],"scale":1.03709996,"type":"cork_oak_medium"}
{"ctxid":0,"pos":[564.52301,331.725006,172.692993],"rotationMatrix":[0.601454139,-0.79890734,0,0.79890734,0.601454139,0,0,0,1],"scale":0.938399971,"type":"cork_oak_medium"}
{"ctxid":0,"pos":[500.002014,371.593994,173.785995],"rotationMatrix":[-0.175351143,-0.984505951,0,0.984505951,-0.175351143,0,0,0,1],"scale":1.00020003,"type":"cork_oak_medium"}
{"ctxid":0,"pos":[737.317993,136.298996,185.643005],"rotationMatrix":[0.999049544,-0.0435890816,0,0.0435890816,0.999049544,0,0,0,1],"scale":0.987399995,"type":"cork_oak_medium"}
{"ctxid":0,"pos":[136.175995,526.494995,178.625],"rotationMatrix":[0.951078057,0.308950692,0,-0.308950692,0.951078057,0,0,0,1],"scale":0.944700003,"type":"cork_oak_medium"}
{"ctxid":0,"pos":[105.734001,651.559021,170.175003],"rotationMatrix":[0.446647882,-0.894709826,0,0.894709826,0.446647882,0,0,0,1],"scale":0.80400002,"type":"cork_oak_medium"}
{"ctxid":0,"pos":[289.859009,97.6847,186.214996],"rotationMatrix":[-0.990411639,-0.138147697,0,0.138147697,-0.990411639,0,0,0,1],"scale":1.09300005,"type":"cork_oak_medium"}
{"ctxid":0,"pos":[133.867004,484.661987,179.050995],"rotationMatrix":[-0.988416791,-0.151763782,0,0.151763782,-0.988416791,0,0,0,1],"scale":0.911800027,"type":"cork_oak_medium"}
{"ctxid":0,"pos":[187.092346,396.295959,182.380005],"rotationMatrix":[-0.790588975,-0.612347186,0,0.612347186,-0.790588975,0,0,0,1],"scale":1.10350001,"type":"cork_oak_medium"}
{"ctxid":0,"pos":[165.091995,451.182007,180.029999],"rotationMatrix":[0.135913372,0.990720749,0,-0.990720749,0.135913372,0,0,0,1],"scale":0.890299976,"type":"cork_oak_medium"}
{"ctxid":0,"pos":[199.703003,284.562012,185.692001],"rotationMatrix":[0.991445661,0.13052012,0,-0.13052012,0.991445661,0,0,0,1],"scale":1.12940001,"type":"cork_oak_medium"}
{"ctxid":0,"pos":[69.0383987,126.777,207.755997],"rotationMatrix":[-0.999200225,-0.0399863794,0,0.0399863794,-0.999200225,0,0,0,1],"scale":0.868099988,"type":"cork_oak_medium"}
{"ctxid":0,"pos":[29.5347996,187.501999,203.557007],"rotationMatrix":[-0.559731126,-0.828674257,0,0.828674257,-0.559731126,0,0,0,1],"scale":1.13370001,"type":"cork_oak_medium"}
{"ctxid":0,"pos":[11.6693001,179.791,202.369003],"rotationMatrix":[0.978740692,-0.205101579,0,0.205101579,0.978740692,0,0,0,1],"scale":0.993600011,"type":"cork_oak_medium"}
{"ctxid":0,"pos":[65.8628006,105.053001,209.914993],"rotationMatrix":[-0.840512872,-0.541791558,0,0.541791558,-0.840512872,0,0,0,1],"scale":0.865100026,"type":"cork_oak_medium"}
{"ctxid":0,"pos":[62.9087982,120.486,211.291],"rotationMatrix":[-0.839745641,-0.542979956,0,0.542979956,-0.839745641,0,0,0,1],"scale":1.01020002,"type":"cork_oak_medium"}
{"ctxid":0,"pos":[1406.68982,1393.04236,139.261917],"rotationMatrix":[-0.780080259,0.620286822,0.0819761455,-0.606310546,-0.78176254,0.145725697,0.154477611,0.063974753,0.985922754],"scale":0.927130342,"type":"cork_oak_medium"}
{"ctxid":0,"pos":[-43.4923706,56.9996414,244.771454],"rotationMatrix":[-0.158341169,0.987384439,0,-0.987384439,-0.158341169,0,0,0,1],"scale":1.19317925,"type":"cork_oak_medium"}
{"ctxid":0,"pos":[-25.2825432,17.63307,244.932129],"rotationMatrix":[-0.657776058,0.753213525,0,-0.753213525,-0.657776058,0,0,0,1],"scale":0.964718819,"type":"cork_oak_medium"}
{"ctxid":0,"pos":[1042.62769,1047.43567,159.377548],"rotationMatrix":[-0.954297006,0.298859805,0,-0.298859805,-0.954297006,0,0,0,1],"scale":0.905081034,"type":"cork_oak_medium"}
{"ctxid":0,"pos":[1063.45264,1054.15833,158.517563],"rotationMatrix":[-0.245785177,0.96932435,0,-0.96932435,-0.245785177,0,0,0,1],"scale":0.803320587,"type":"cork_oak_medium"}
{"ctxid":0,"pos":[1221.80103,1026.46204,170.186188],"rotationMatrix":[0.168207243,-0.985751629,0,0.985751629,0.168207243,0,0,0,1],"scale":0.869712353,"type":"cork_oak_medium"}
{"ctxid":0,"pos":[1225.26733,1014.2644,171.932526],"rotationMatrix":[0.956556141,-0.277633548,0.088994123,0.268313706,0.957721651,0.103811674,-0.114053212,-0.0754233599,0.990607321],"scale":0.881160855,"type":"cork_oak_medium"}
{"ctxid":0,"pos":[962.262512,-187.342163,278.972534],"rotationMatrix":[-0.238253996,0.97120291,0,-0.97120291,-0.238253996,0,0,0,1],"scale":0.841202199,"type":"cork_oak_medium"}
{"ctxid":0,"pos":[-189.725693,-58.2622528,263.313904],"rotationMatrix":[-0.974657655,-0.223701805,0,0.223701805,-0.974657655,0,0,0,1],"scale":1.14481485,"type":"cork_oak_medium"}
{"ctxid":0,"pos":[-151.860977,15.7226629,258.140717],"rotationMatrix":[0.194946542,-0.980813861,0,0.980813861,0.194946542,0,0,0,1],"scale":0.844788253,"type":"cork_oak_medium"}
{"ctxid":0,"pos":[-218.987122,-74.2648239,265.153015],"rotationMatrix":[-0.419974327,0.907536209,0,-0.907536209,-0.419974327,0,0,0,1],"scale":1.10117376,"type":"cork_oak_medium"}
{"ctxid":0,"pos":[212.725891,-1312.79297,374.535767],"rotationMatrix":[-0.611087084,-0.791563392,0,0.791563392,-0.611087084,0,0,0,1],"scale":1.03840518,"type":"cork_oak_medium"}
{"ctxid":0,"pos":[242.137161,-1410.79944,404.503693],"rotationMatrix":[0.543772221,0.839232802,0,-0.839232802,0.543772221,0,0,0,1],"scale":1.15723419,"type":"cork_oak_medium"}
{"ctxid":0,"pos":[278.755127,-1437.67346,406.598419],"rotationMatrix":[0.514265656,-0.857630908,0,0.857630908,0.514265656,0,0,0,1],"scale":1.04661691,"type":"cork_oak_medium"}
{"ctxid":0,"pos":[262.083252,-1404.28186,393.394806],"rotationMatrix":[0.667046368,-0.745016217,0,0.745016217,0.667046368,0,0,0,1],"scale":0.994132996,"type":"cork_oak_medium"}
{"ctxid":0,"pos":[261.133423,-1370.75964,371.380707],"rotationMatrix":[0.744852304,0.667229414,0,-0.667229414,0.744852304,0,0,0,1],"scale":1.19220233,"type":"cork_oak_medium"}
{"ctxid":0,"pos":[342.792175,-1207.17615,333.674805],"rotationMatrix":[0.186187521,-0.982514203,0,0.982514203,0.186187521,0,0,0,1],"scale":0.95080781,"type":"cork_oak_medium"}
{"ctxid":0,"pos":[-762.838867,-1116.28833,306.386414],"rotationMatrix":[0.059711691,0.998215675,0,-0.998215675,0.059711691,0,0,0,1],"scale":0.906963706,"type":"cork_oak_medium"}
{"ctxid":0,"pos":[89.4481659,4.01486301,190.715332],"rotationMatrix":[0.898438156,-0.439100027,0,0.439100027,0.898438156,0,0,0,1],"scale":1.0089426,"type":"cork_oak_medium"}
{"ctxid":0,"pos":[195.463074,-516.763062,256.75116],"rotationMatrix":[0.837490499,-0.546451867,0,0.546451867,0.837490499,0,0,0,1],"scale":0.850340724,"type":"cork_oak_medium"}
{"ctxid":0,"pos":[158.131638,-488.081055,226.784088],"rotationMatrix":[-0.364043653,0.931381881,0,-0.931381881,-0.364043653,0,0,0,1],"scale":1.12642097,"type":"cork_oak_medium"}
{"ctxid":0,"pos":[143.247406,-487.405365,224.963898],"rotationMatrix":[-0.301979095,-0.953314543,0,0.953314543,-0.301979095,0,0,0,1],"scale":1.06386518,"type":"cork_oak_medium"}
{"ctxid":0,"pos":[77.9488678,-470.689728,225.142578],"rotationMatrix":[0.471942544,-0.881629288,0,0.881629288,0.471942544,0,0,0,1],"scale":0.852258086,"type":"cork_oak_medium"}
{"ctxid":0,"pos":[67.8680878,-431.961273,207.982819],"rotationMatrix":[-0.669725955,-0.742608368,0,0.742608368,-0.669725955,0,0,0,1],"scale":0.828670382,"type":"cork_oak_medium"}
{"ctxid":0,"pos":[788.906372,-95.9188919,224.244293],"rotationMatrix":[-0.441763461,0.897131562,0,-0.897131562,-0.441763461,0,0,0,1],"scale":1.12082601,"type":"cork_oak_medium"}
{"ctxid":0,"pos":[796.370972,-102.511719,226.422821],"rotationMatrix":[0.570378959,-0.821381629,0,0.821381629,0.570378959,0,0,0,1],"scale":0.855397522,"type":"cork_oak_medium"}
{"ctxid":0,"pos":[415.668701,997.359314,150.529205],"rotationMatrix":[-0.628983378,-0.777418733,0,0.777418733,-0.628983378,0,0,0,1],"scale":1.12915516,"type":"cork_oak_medium"}
{"ctxid":0,"pos":[375.488129,1044.12561,146.622284],"rotationMatrix":[-0.118967853,0.992898107,0,-0.992898107,-0.118967853,0,0,0,1],"scale":1.13096321,"type":"cork_oak_medium"}
{"ctxid":0,"pos":[366.925812,1054.86414,146.204285],"rotationMatrix":[0.92688632,-0.37534222,0,0.37534222,0.92688632,0,0,0,1],"scale":0.930501938,"type":"cork_oak_medium"}
{"ctxid":0,"pos":[258.89679,1057.72058,153.690872],"rotationMatrix":[0.938735783,0.344637603,0,-0.344637603,0.938735783,0,0,0,1],"scale":0.868038237,"type":"cork_oak_medium"}
{"ctxid":0,"pos":[304.703796,1015.29254,153.919281],"rotationMatrix":[0.89332515,0.449410886,0,-0.449410886,0.89332515,0,0,0,1],"scale":1.02006829,"type":"cork_oak_medium"}
{"ctxid":0,"pos":[762.696411,776.63916,181.603256],"rotationMatrix":[-0.984078169,-0.177736238,0,0.177736238,-0.984078169,0,0,0,1],"scale":1.19352174,"type":"cork_oak_medium"}
{"ctxid":0,"pos":[1441.84204,-1426.9635,212.958221],"rotationMatrix":[-0.869525611,0.493887901,0,-0.493887901,-0.869525611,0,0,0,1],"scale":0.801888168,"type":"cork_oak_medium"}
{"ctxid":0,"pos":[1455.90344,-1446.98254,199.222961],"rotationMatrix":[0.825122476,0.564953923,0,-0.564953923,0.825122476,0,0,0,1],"scale":1.12966943,"type":"cork_oak_medium"}
{"ctxid":0,"pos":[997.172668,-1376.73621,282.011749],"rotationMatrix":[0.94164288,0.300512642,0.15165922,-0.304029465,0.952662468,0,-0.144480035,-0.0461088642,0.988432765],"scale":1.01117134,"type":"cork_oak_medium"}
{"ctxid":0,"pos":[945.036133,-1339.35767,283.68161],"rotationMatrix":[-0.242282853,-0.970205665,0,0.970205665,-0.242282853,0,0,0,1],"scale":1.09715283,"type":"cork_oak_medium"}
{"ctxid":0,"pos":[917.987976,-1317.1333,284.822021],"rotationMatrix":[0.749457538,0.662052393,0,-0.662052393,0.749457538,0,0,0,1],"scale":0.906859934,"type":"cork_oak_medium"}
{"ctxid":0,"pos":[763.139038,-1613.23462,293.904236],"rotationMatrix":[-0.296553642,-0.955016196,0,0.955016196,-0.296553642,0,0,0,1],"scale":0.956476092,"type":"cork_oak_medium"}
{"ctxid":0,"pos":[806.771729,-1655.84363,263.965515],"rotationMatrix":[-0.780820549,-0.624755383,0,0.624755383,-0.780820549,0,0,0,1],"scale":0.850360572,"type":"cork_oak_medium"}
{"ctxid":0,"pos":[813.906189,-1671.51721,267.768127],"rotationMatrix":[-0.825859904,0.563875377,0,-0.563875377,-0.825859904,0,0,0,1],"scale":1.15753555,"type":"cork_oak_medium"}
{"ctxid":0,"pos":[750.677979,-1535.67188,315.553528],"rotationMatrix":[0.694557607,-0.719437063,0,0.719437063,0.694557607,0,0,0,1],"scale":1.06005681,"type":"cork_oak_medium"}
{"ctxid":0,"pos":[967.206909,-1360.5564,278.966919],"rotationMatrix":[0.965912163,-0.258870035,0,0.258870035,0.965912163,0,0,0,1],"scale":0.876358092,"type":"cork_oak_medium"}
{"ctxid":0,"pos":[-860.09491,-1390.21509,144.024094],"rotationMatrix":[0.952055871,0.305924267,0,-0.305924267,0.952055871,0,0,0,1],"scale":0.880700707,"type":"cork_oak_medium"}
{"ctxid":0,"pos":[-663.974182,-1291.08813,145.508759],"rotationMatrix":[-0.626870513,-0.779123485,0,0.779123485,-0.626870513,0,0,0,1],"scale":1.17950869,"type":"cork_oak_medium"}
{"ctxid":0,"pos":[-979.966675,-1422.23401,270.552856],"rotationMatrix":[-0.844750702,0.535160005,0,-0.535160005,-0.844750702,0,0,0,1],"scale":1.00240362,"type":"cork_oak_medium"}
{"ctxid":0,"pos":[1354.86389,819.165955,193.054718],"rotationMatrix":[-0.0759191886,-0.997113645,0,0.997113645,-0.0759191886,0,0,0,1],"scale":1.02237892,"type":"cork_oak_medium"}
{"ctxid":0,"pos":[1293.60791,891.275085,180.241272],"rotationMatrix":[0.693324804,-0.720625341,0,0.720625341,0.693324804,0,0,0,1],"scale":1.01891661,"type":"cork_oak_medium"}
{"ctxid":0,"pos":[-170.632034,-528.437195,396.764832],"rotationMatrix":[0.824413598,0.565987825,0,-0.565987825,0.824413598,0,0,0,1],"scale":0.948165536,"type":"cork_oak_medium"}
{"ctxid":0,"pos":[-16.0722733,-694.842285,380.080414],"rotationMatrix":[0.590330541,0.80716157,0,-0.80716157,0.590330541,0,0,0,1],"scale":0.877990365,"type":"cork_oak_medium"}
{"ctxid":0,"pos":[-4.85616398,-712.045654,380.58136],"rotationMatrix":[-0.943383574,0.331703842,0,-0.331703842,-0.943383574,0,0,0,1],"scale":0.949858665,"type":"cork_oak_medium"}
{"ctxid":0,"pos":[-863.21344,81.5789871,243.476257],"rotationMatrix":[-0.967005551,-0.254755378,0,0.254755378,-0.967005551,0,0,0,1],"scale":1.01757419,"type":"cork_oak_medium"}
{"ctxid":0,"pos":[-859.373779,96.2641754,242.953064],"rotationMatrix":[-0.480456293,0.87701869,0,-0.87701869,-0.480456293,0,0,0,1],"scale":0.916901112,"type":"cork_oak_medium"}
{"ctxid":0,"pos":[-232.993637,-62.8620758,269.837402],"rotationMatrix":[0.591463089,0.806332111,0,-0.806332111,0.591463089,0,0,0,1],"scale":1.07968962,"type":"cork_oak_medium"}
{"ctxid":0,"pos":[-716.634949,222.758041,214.489838],"rotationMatrix":[0.148016557,0.988984883,0,-0.988984883,0.148016557,0,0,0,1],"scale":0.946360111,"type":"cork_oak_medium"}
{"ctxid":0,"pos":[-676.402344,217.719925,201.154327],"rotationMatrix":[-0.81409198,-0.580735922,0,0.580735922,-0.81409198,0,0,0,1],"scale":1.11137259,"type":"cork_oak_medium"}
{"ctxid":0,"pos":[-691.873657,347.622803,200.539703],"rotationMatrix":[0.364128113,-0.93134886,0,0.93134886,0.364128113,0,0,0,1],"scale":1.04028809,"type":"cork_oak_medium"}
{"ctxid":0,"pos":[-693.685486,371.269836,202.54007],"rotationMatrix":[-0.998990536,0.0449216217,0,-0.0449216217,-0.998990536,0,0,0,1],"scale":0.847950697,"type":"cork_oak_medium"}
{"ctxid":0,"pos":[-692.808105,498.361633,228.430389],"rotationMatrix":[-0.7394225,0.673241675,0,-0.673241675,-0.7394225,0,0,0,1],"scale":1.15477836,"type":"cork_oak_medium"}
{"ctxid":0,"pos":[-728.817322,531.001648,252.037903],"rotationMatrix":[-0.418444663,0.908242285,0,-0.908242285,-0.418444663,0,0,0,1],"scale":1.0281167,"type":"cork_oak_medium"}
{"ctxid":0,"pos":[-725.489441,513.044006,249.525009],"rotationMatrix":[0.0185212791,-0.999828458,0,0.999828458,0.0185212791,0,0,0,1],"scale":1.17171395,"type":"cork_oak_medium"}
{"ctxid":0,"pos":[-727.895447,439.334991,232.32193],"rotationMatrix":[-0.844277143,0.535906792,0,-0.535906792,-0.844277143,0,0,0,1],"scale":0.933845997,"type":"cork_oak_medium"}
{"ctxid":0,"pos":[-735.534058,420.840759,230.684143],"rotationMatrix":[0.914499283,-0.404587507,0,0.404587507,0.914499283,0,0,0,1],"scale":0.962745249,"type":"cork_oak_medium"}
{"ctxid":0,"pos":[-838.023804,535.932556,277.580231],"rotationMatrix":[-0.77007705,-0.637950838,0,0.637950838,-0.77007705,0,0,0,1],"scale":0.881289363,"type":"cork_oak_medium"}
{"ctxid":0,"pos":[-815.925964,565.953491,274.971985],"rotationMatrix":[0.412686974,-0.910872877,0,0.910872877,0.412686974,0,0,0,1],"scale":0.933600187,"type":"cork_oak_medium"}
{"ctxid":0,"pos":[-958.27179,437.40567,288.215393],"rotationMatrix":[-0.968898952,-0.247456774,0,0.247456774,-0.968898952,0,0,0,1],"scale":1.05747032,"type":"cork_oak_medium"}
{"ctxid":0,"pos":[-1776.72253,-711.756714,159.133041],"rotationMatrix":[0.99794513,0.0640742853,0,-0.0640742853,0.99794513,0,0,0,1],"scale":0.936896205,"type":"cork_oak_medium"}
{"ctxid":0,"pos":[-649.622437,60.6825027,186.550064],"rotationMatrix":[0.26179871,0.965122521,0,-0.965122521,0.26179871,0,0,0,1],"scale":1.14772642,"type":"cork_oak_medium"}
{"ctxid":0,"pos":[-555.182861,118.759689,182.467377],"rotationMatrix":[-0.142620847,0.989777386,0,-0.989777386,-0.142620847,0,0,0,1],"scale":1.1285795,"type":"cork_oak_medium"}
{"ctxid":0,"pos":[386.279144,-128.179611,184.360123],"rotationMatrix":[0.407518774,0.913196862,0,-0.902849436,0.402901262,-0.150110453,-0.137080431,0.0611728542,0.988669038],"scale":0.98438251,"type":"cork_oak_medium"}
{"ctxid":0,"pos":[630.793579,-673.680725,184.364624],"rotationMatrix":[0.967183352,-0.254079551,0,0.254079551,0.967183352,0,0,0,1],"scale":0.92627871,"type":"cork_oak_medium"}
{"ctxid":0,"pos":[624.214294,-675.973328,185.144989],"rotationMatrix":[0.934294164,-0.35650298,0,0.35650298,0.934294164,0,0,0,1],"scale":0.993362188,"type":"cork_oak_medium"}
{"ctxid":0,"pos":[637.438599,-693.158752,184.23584],"rotationMatrix":[-0.830950439,-0.556346416,0,0.556346416,-0.830950439,0,0,0,1],"scale":1.08038282,"type":"cork_oak_medium"}
{"ctxid":0,"pos":[671.815247,-683.979126,181.354706],"rotationMatrix":[-0.330119401,0.943939209,0,-0.943939209,-0.330119401,0,0,0,1],"scale":0.987257361,"type":"cork_oak_medium"}
{"ctxid":0,"pos":[727.940186,-737.883789,182.93483],"rotationMatrix":[0.106828071,0.994277537,0,-0.994277537,0.106828071,0,0,0,1],"scale":1.03372657,"type":"cork_oak_medium"}
{"ctxid":0,"pos":[787.428223,-758.655396,182.037903],"rotationMatrix":[0.996977329,0.0776926354,0,-0.0776926354,0.996977329,0,0,0,1],"scale":0.901804507,"type":"cork_oak_medium"}
{"ctxid":0,"pos":[785.546204,-761.058899,183.115845],"rotationMatrix":[0.655728042,0.754997134,0,-0.754997134,0.655728042,0,0,0,1],"scale":0.810338438,"type":"cork_oak_medium"}
{"ctxid":0,"pos":[-859.917603,755.449585,335.122498],"rotationMatrix":[0.765794277,-0.643085599,0,0.643085599,0.765794277,0,0,0,1],"scale":0.851186335,"type":"cork_oak_medium"}
{"ctxid":0,"pos":[-837.314331,779.246521,333.421539],"rotationMatrix":[-0.509027243,0.860750437,0,-0.860750437,-0.509027243,0,0,0,1],"scale":1.19640625,"type":"cork_oak_medium"}
{"ctxid":0,"pos":[-814.646729,830.961243,345.505554],"rotationMatrix":[0.784484208,-0.620148778,0,0.620148778,0.784484208,0,0,0,1],"scale":0.976881385,"type":"cork_oak_medium"}
{"ctxid":0,"pos":[-835.852112,735.263,327.335632],"rotationMatrix":[-0.319116145,-0.94771564,0,0.94771564,-0.319116145,0,0,0,1],"scale":0.856031835,"type":"cork_oak_medium"}
{"ctxid":0,"pos":[-755.818726,797.226501,323.866638],"rotationMatrix":[-0.0183291137,-0.999832034,0,0.999832034,-0.0183291137,0,0,0,1],"scale":0.999455035,"type":"cork_oak_medium"}
{"ctxid":0,"pos":[-712.119934,790.077209,320.826233],"rotationMatrix":[-0.484902978,-0.874567986,0,0.874567986,-0.484902978,0,0,0,1],"scale":0.970180631,"type":"cork_oak_medium"}
{"ctxid":0,"pos":[261.93689,-1949.89917,143.782959],"rotationMatrix":[-0.997420132,-0.071779564,0,0.071779564,-0.997420132,0,0,0,1],"scale":1.12212396,"type":"cork_oak_medium"}
{"ctxid":0,"pos":[-267.88623,-1519.33948,348.924042],"rotationMatrix":[-0.904374778,0.426739067,0,-0.426739067,-0.904374778,0,0,0,1],"scale":1.19637918,"type":"cork_oak_medium"}
{"ctxid":0,"pos":[1544.94348,-1292.33423,268.870056],"rotationMatrix":[0.494677961,-0.869076371,0,0.869076371,0.494677961,0,0,0,1],"scale":0.845254898,"type":"cork_oak_medium"}
{"ctxid":0,"pos":[736.985413,893.264465,181.564514],"rotationMatrix":[0.944094181,-0.329675317,0,0.329675317,0.944094181,0,0,0,1],"scale":0.919035196,"type":"cork_oak_medium"}
{"ctxid":0,"pos":[-842.471985,-36.162796,276.489746],"rotationMatrix":[-0.851425588,0.524475396,0,-0.524475396,-0.851425588,0,0,0,1],"scale":0.982038856,"type":"cork_oak_medium"}
{"ctxid":0,"pos":[-70.5875854,-937.367004,464.144836],"rotationMatrix":[0.822581053,0.568647265,0,-0.568647265,0.822581053,0,0,0,1],"scale":0.939226925,"type":"cork_oak_medium"}
{"ctxid":0,"pos":[649.347168,815.166748,179.944824],"rotationMatrix":[-0.880656183,0.473755956,0,-0.473755956,-0.880656183,0,0,0,1],"scale":0.895817041,"type":"cork_oak_medium"}
{"ctxid":0,"pos":[-1110.20752,-341.808044,351.827423],"rotationMatrix":[0.973466337,0.228832632,0,-0.228832632,0.973466337,0,0,0,1],"scale":1.02112901,"type":"cork_oak_medium"}
{"ctxid":0,"pos":[-1039.71997,-452.529083,355.011108],"rotationMatrix":[-0.976688445,-0.214661717,0,0.214661717,-0.976688445,0,0,0,1],"scale":1.08758068,"type":"cork_oak_medium"}
{"ctxid":0,"pos":[459.996704,444.48291,170.150208],"rotationMatrix":[-0.399578422,-0.916698992,0,0.916698992,-0.399578422,0,0,0,1],"scale":0.980127096,"type":"cork_oak_medium"}
{"ctxid":0,"pos":[460.854401,413.168488,170.666626],"rotationMatrix":[0.98418963,0.177118123,0,-0.177118123,0.98418963,0,0,0,1],"scale":1.07416594,"type":"cork_oak_medium"}
{"ctxid":0,"pos":[456.00119,392.388641,170.620178],"rotationMatrix":[-0.998519301,-0.0543982871,0,0.0543982871,-0.998519301,0,0,0,1],"scale":1.10971177,"type":"cork_oak_medium"}
{"ctxid":0,"pos":[417.291107,512.709961,170.260559],"rotationMatrix":[-0.51373142,0.857951045,0,-0.857951045,-0.51373142,0,0,0,1],"scale":1.06124449,"type":"cork_oak_medium"}
{"ctxid":0,"pos":[-1381.98022,251.190155,310.649597],"rotationMatrix":[-0.999370456,0.0354783833,0,-0.0354783833,-0.999370456,0,0,0,1],"scale":1.19433618,"type":"cork_oak_medium"}
{"ctxid":0,"pos":[1069.43298,-769.408447,150.120102],"rotationMatrix":[-0.610275865,-0.792189062,0,0.792189062,-0.610275865,0,0,0,1],"scale":0.786171675,"type":"cork_oak_medium"}
{"ctxid":0,"pos":[116.234718,1278.33337,149.92157],"rotationMatrix":[-0.984592915,-0.174862295,0,0.174862295,-0.984592915,0,0,0,1],"scale":0.812095344,"type":"cork_oak_medium"}
{"ctxid":0,"pos":[155.365067,1287.92078,151.422455],"rotationMatrix":[-0.935577512,-0.35312137,0,0.35312137,-0.935577512,0,0,0,1],"scale":1.18686342,"type":"cork_oak_medium"}
{"ctxid":0,"pos":[181.311737,1285.05774,152.164917],"rotationMatrix":[0.780085266,-0.625673175,0,0.625673175,0.780085266,0,0,0,1],"scale":1.17218292,"type":"cork_oak_medium"}
{"ctxid":0,"pos":[255.372803,1252.85571,155.15744],"rotationMatrix":[-0.756681323,0.653783858,0,-0.653783858,-0.756681323,0,0,0,1],"scale":0.871475756,"type":"cork_oak_medium"}
{"ctxid":0,"pos":[276.602295,1253.8988,155.778641],"rotationMatrix":[0.0969771296,-0.995286584,0,0.995286584,0.0969771296,0,0,0,1],"scale":1.10503447,"type":"cork_oak_medium"}
{"ctxid":0,"pos":[285.062531,1234.31555,153.773331],"rotationMatrix":[0.667224884,0.744856298,0,-0.744856298,0.667224884,0,0,0,1],"scale":1.10471892,"type":"cork_oak_medium"}
{"ctxid":0,"pos":[-1334.67334,-246.382355,343.246124],"rotationMatrix":[-0.118528649,-0.992950618,0,0.992950618,-0.118528649,0,0,0,1],"scale":1.0835017,"type":"cork_oak_medium"}
{"ctxid":0,"pos":[-341.963959,-996.493774,355.433411],"rotationMatrix":[-0.918042302,0.396482706,0,-0.396482706,-0.918042302,0,0,0,1],"scale":1.02608788,"type":"cork_oak_medium"}
{"ctxid":0,"pos":[-324.163513,-988.858582,355.181427],"rotationMatrix":[-0.200430587,-0.979707897,0,0.979707897,-0.200430587,0,0,0,1],"scale":1.13684011,"type":"cork_oak_medium"}
{"ctxid":0,"pos":[-277.628937,-1099.17249,355.073517],"rotationMatrix":[-0.990771592,0.135541931,0,-0.135541931,-0.990771592,0,0,0,1],"scale":1.13370907,"type":"cork_oak_medium"}
{"ctxid":0,"pos":[141.205734,-1425.11938,419.963928],"rotationMatrix":[0.993525803,0.11360652,0,-0.11360652,0.993525803,0,0,0,1],"scale":1.0242691,"type":"cork_oak_medium"}
{"ctxid":0,"pos":[160.385071,-1419.30872,413.990234],"rotationMatrix":[0.743659973,-0.668558061,0,0.668558061,0.743659973,0,0,0,1],"scale":0.889776349,"type":"cork_oak_medium"}
{"ctxid":0,"pos":[200.738983,-1383.50525,400.912659],"rotationMatrix":[0.399452627,0.916753829,0,-0.916753829,0.399452627,0,0,0,1],"scale":1.14498842,"type":"cork_oak_medium"}
{"ctxid":0,"pos":[-1.5793618,-1615.97583,406.202271],"rotationMatrix":[0.739626884,-0.673017144,0,0.673017144,0.739626884,0,0,0,1],"scale":1.02173662,"type":"cork_oak_medium"}
{"ctxid":0,"pos":[-971.556885,842.013245,381.874908],"rotationMatrix":[-0.924780548,0.38011381,0.0171463583,-0.380500317,-0.923841178,-0.0416730791,-1.39751422e-09,-0.0450626537,0.998984158],"scale":0.884046733,"type":"cork_oak_medium"}
{"ctxid":0,"pos":[1511.69006,1330.69019,149.149078],"rotationMatrix":[-0.250858694,0.968023717,0,-0.968023717,-0.250858694,0,0,0,1],"scale":1.09367359,"type":"cork_oak_medium"}
{"ctxid":0,"pos":[448.334167,-866.25293,252.778656],"rotationMatrix":[-0.662936151,-0.748675942,0,0.748675942,-0.662936151,0,0,0,1],"scale":0.90741235,"type":"cork_oak_medium"}
{"ctxid":0,"pos":[346.879089,-747.000305,231.991394],"rotationMatrix":[-0.130029678,-0.991510093,0,0.991510093,-0.130029678,0,0,0,1],"scale":0.902413487,"type":"cork_oak_medium"}
{"ctxid":0,"pos":[-1807.44019,1181.88086,150.372894],"rotationMatrix":[0.638477206,-0.769640744,0,0.769640744,0.638477206,0,0,0,1],"scale":0.887446165,"type":"cork_oak_medium"}
{"ctxid":0,"pos":[1378.66516,430.209778,177.691101],"rotationMatrix":[-0.548209071,-0.836341321,0,0.836341321,-0.548209071,0,0,0,1],"scale":0.939231753,"type":"cork_oak_medium"}
{"ctxid":0,"pos":[649.386414,-1344.03796,377.919708],"rotationMatrix":[0.220695525,-0.975342155,0,0.975342155,0.220695525,0,0,0,1],"scale":0.830276608,"type":"cork_oak_medium"}
{"ctxid":0,"pos":[612.178101,-1474.67773,350.580658],"rotationMatrix":[-0.286911309,-0.957957625,0,0.957957625,-0.286911309,0,0,0,1],"scale":1.19834852,"type":"cork_oak_medium"}
{"ctxid":0,"pos":[672.608459,-1471.63159,342.356598],"rotationMatrix":[0.160501987,-0.987035334,0,0.987035334,0.160501987,0,0,0,1],"scale":0.852406263,"type":"cork_oak_medium"}
