{"ctxid":0,"pos":[-24.8745995,-634.025024,373.855988],"rotationMatrix":[-0.642869234,-0.759906173,0.0962379351,0.751548529,-0.650032759,-0.112393007,0.147965953,7.34764471e-05,0.988992453],"scale":1.19299996,"type":"cork_oak_large_1"}
{"ctxid":0,"pos":[-605.219543,-43.4070511,193.511795],"rotationMatrix":[-0.0482013524,-0.996631324,0.0663520545,0.977604032,-0.0334481597,0.20777607,-0.204856664,0.0748810768,0.975923538],"scale":0.941299975,"type":"cork_oak_large_1"}
{"ctxid":0,"pos":[-605.549011,-60.3861008,195.125],"rotationMatrix":[-0.198461652,0.980108678,0,-0.980108678,-0.198461652,0,0,0,1],"scale":0.811999977,"type":"cork_oak_large_1"}
{"ctxid":0,"pos":[-945.463989,1569.93005,161.934998],"rotationMatrix":[0.933970213,0.357350856,0,-0.357350856,0.933970213,0,0,0,1],"scale":0.819000006,"type":"cork_oak_large_1"}
{"ctxid":0,"pos":[-749.672974,1268.54004,173.524994],"rotationMatrix":[-0.629734635,0.776810348,0,-0.776810348,-0.629734635,0,0,0,1],"scale":1.00220001,"type":"cork_oak_large_1"}
{"ctxid":0,"pos":[-709.919983,1328.90002,152.188995],"rotationMatrix":[-0.991209626,0.132300705,0,-0.132300705,-0.991209626,0,0,0,1],"scale":1.0661,"type":"cork_oak_large_1"}
{"ctxid":0,"pos":[-710.489014,1326.26001,152.884995],"rotationMatrix":[0.605017185,-0.796212435,0,0.796212435,0.605017185,0,0,0,1],"scale":1.08449996,"type":"cork_oak_large_1"}
{"ctxid":0,"pos":[-690.939026,1299.20996,157.873993],"rotationMatrix":[0.869848013,0.493319809,0,-0.493319809,0.869848013,0,0,0,1],"scale":0.966300011,"type":"cork_oak_large_1"}
{"ctxid":0,"pos":[-726.520996,1220.10999,204.813004],"rotationMatrix":[0.672273874,-0.740302503,0,0.740302503,0.672273874,0,0,0,1],"scale":1.15579998,"type":"cork_oak_large_1"}
{"ctxid":0,"pos":[-732.528992,1151.55005,231.662994],"rotationMatrix":[0.917256832,-0.398296237,0,0.398296237,0.917256832,0,0,0,1],"scale":1.08469999,"type":"cork_oak_large_1"}
{"ctxid":0,"pos":[-820.68103,1251.20996,193.960999],"rotationMatrix":[-0.260236859,-0.96554482,0,0.96554482,-0.260236859,0,0,0,1],"scale":1.09010005,"type":"cork_oak_large_1"}
{"ctxid":0,"pos":[-916.258972,1335.89001,186.218994],"rotationMatrix":[-0.997600794,0.0692290142,0,-0.0692290142,-0.997600794,0,0,0,1],"scale":1.09819996,"type":"cork_oak_large_1"}
{"ctxid":0,"pos":[-911.112976,1278.32996,208.110001],"rotationMatrix":[0.12139225,0.992604613,0,-0.992604613,0.12139225,0,0,0,1],"scale":0.888899982,"type":"cork_oak_large_1"}
{"ctxid":0,"pos":[-918.81897,1280.03003,212.067001],"rotationMatrix":[-0.209945798,0.977713048,0,-0.977713048,-0.209945798,0,0,0,1],"scale":0.921700001,"type":"cork_oak_large_1"}
{"ctxid":0,"pos":[-963.106018,1283.59998,230.591003],"rotationMatrix":[0.513507485,0.858085096,0,-0.858085096,0.513507485,0,0,0,1],"scale":0.859200001,"type":"cork_oak_large_1"}
{"ctxid":0,"pos":[-948.48999,1295.5,219.820999],"rotationMatrix":[-0.563619256,-0.826034725,0,0.826034725,-0.563619256,0,0,0,1],"scale":0.971400023,"type":"cork_oak_large_1"}
{"ctxid":0,"pos":[-755.844971,1133.78003,247.061996],"rotationMatrix":[-0.0969766378,-0.995286644,0,0.995286644,-0.0969766378,0,0,0,1],"scale":0.885200024,"type":"cork_oak_large_1"}
{"ctxid":0,"pos":[-152.018997,876.164001,204.343002],"rotationMatrix":[0.382172704,-0.924090922,0,0.924090922,0.382172704,0,0,0,1],"scale":0.889599979,"type":"cork_oak_large_1"}
{"ctxid":0,"pos":[-186.985992,776.551025,212.957993],"rotationMatrix":[0.921354294,-0.38872388,0,0.38872388,0.921354294,0,0,0,1],"scale":0.935800016,"type":"cork_oak_large_1"}
{"ctxid":0,"pos":[-9.38479996,584.299988,174.651001],"rotationMatrix":[-0.776499748,-0.626459897,-0.0677948222,0.630117536,-0.771986485,-0.0835986137,3.44894033e-05,-0.10763301,0.994190693],"scale":1.11339998,"type":"cork_oak_large_1"}
{"ctxid":0,"pos":[-181.621994,642.190979,197.434006],"rotationMatrix":[-0.995602369,-0.09367989,0,0.09367989,-0.995602369,0,0,0,1],"scale":1.17910004,"type":"cork_oak_large_1"}
{"ctxid":0,"pos":[-187.283997,407.42099,178.738007],"rotationMatrix":[0.598950267,0.800786197,0,-0.800786197,0.598950267,0,0,0,1],"scale":1.01069999,"type":"cork_oak_large_1"}
{"ctxid":0,"pos":[-223.134003,408.997986,178.496994],"rotationMatrix":[-0.884128809,-0.467243254,0,0.467243254,-0.884128809,0,0,0,1],"scale":1.11380005,"type":"cork_oak_large_1"}
{"ctxid":0,"pos":[-26.3493996,177.503006,199.373993],"rotationMatrix":[0.867799163,0.496915102,0,-0.496915102,0.867799163,0,0,0,1],"scale":1.0704,"type":"cork_oak_large_1"}
{"ctxid":0,"pos":[-1.1372,177.552002,200.024994],"rotationMatrix":[0.766892076,-0.641776085,0,0.641776085,0.766892076,0,0,0,1],"scale":1.01180005,"type":"cork_oak_large_1"}
{"ctxid":0,"pos":[-252.464005,397.842987,179.518005],"rotationMatrix":[-0.00337779522,0.999994278,0,-0.999994278,-0.00337779522,0,0,0,1],"scale":1.1609,"type":"cork_oak_large_1"}
{"ctxid":0,"pos":[-402.463989,357.134003,180.031006],"rotationMatrix":[0.765113354,0.643895626,0,-0.643895626,0.765113354,0,0,0,1],"scale":0.880299985,"type":"cork_oak_large_1"}
{"ctxid":0,"pos":[-485.225006,369.885986,185.522003],"rotationMatrix":[-0.968127966,0.250456065,0,-0.250456065,-0.968127966,0,0,0,1],"scale":0.82130003,"type":"cork_oak_large_1"}
{"ctxid":0,"pos":[-554.388,451.904999,191.910995],"rotationMatrix":[-0.867471457,-0.497486949,0,0.497486949,-0.867471457,0,0,0,1],"scale":1.05649996,"type":"cork_oak_large_1"}
{"ctxid":0,"pos":[-565.663025,371.243988,190.020004],"rotationMatrix":[0.0668834448,0.997724831,-0.00846808124,-0.989812791,0.0674173832,0.125401303,0.125686899,-5.45577859e-06,0.99206996],"scale":1.15139997,"type":"cork_oak_large_1"}
{"ctxid":0,"pos":[-635.19397,363.506989,192.970993],"rotationMatrix":[-0.978060484,-0.208321124,0,0.208321124,-0.978060484,0,0,0,1],"scale":0.998199999,"type":"cork_oak_large_1"}
{"ctxid":0,"pos":[-642.843018,251.005005,194.388],"rotationMatrix":[0.713626862,-0.700525999,0,0.700525999,0.713626862,0,0,0,1],"scale":0.844500005,"type":"cork_oak_large_1"}
{"ctxid":0,"pos":[-545.38501,239.565994,196.130005],"rotationMatrix":[-0.346768618,0.93795073,0,-0.93795073,-0.346768618,0,0,0,1],"scale":0.868700027,"type":"cork_oak_large_1"}
{"ctxid":0,"pos":[-551.377014,185.901993,193.233994],"rotationMatrix":[0.742410183,-0.664523125,0.0850657001,0.660195053,0.747267723,0.0757194236,-0.113884158,-5.49186407e-05,0.993494034],"scale":0.986100018,"type":"cork_oak_large_1"}
{"ctxid":0,"pos":[-574.650024,198.201996,192.410995],"rotationMatrix":[0.99815166,-0.060772229,0,0.060772229,0.99815166,0,0,0,1],"scale":1.18770003,"type":"cork_oak_large_1"}
{"ctxid":0,"pos":[-526.346985,89.6468964,182.065994],"rotationMatrix":[0.804937363,-0.593359768,0,0.593359768,0.804937363,0,0,0,1],"scale":1.08116138,"type":"cork_oak_large_1"}
{"ctxid":0,"pos":[-774.357971,287.342987,230.223007],"rotationMatrix":[0.829588771,-0.558374822,0,0.558374822,0.829588771,0,0,0,1],"scale":1.19980001,"type":"cork_oak_large_1"}
{"ctxid":0,"pos":[-781.182007,240.733994,238.014999],"rotationMatrix":[-0.886070371,0.463550746,0,-0.463550746,-0.886070371,0,0,0,1],"scale":1.11329997,"type":"cork_oak_large_1"}
{"ctxid":0,"pos":[-1814.30005,1532.02002,142.261993],"rotationMatrix":[0.995581985,-0.0938962847,0,0.0938962847,0.995581985,0,0,0,1],"scale":1.03289998,"type":"cork_oak_large_1"}
{"ctxid":0,"pos":[-1790.81995,1534,147],"rotationMatrix":[0.972948551,0.231021896,0,-0.231021896,0.972948551,0,0,0,1],"scale":1.06560004,"type":"cork_oak_large_1"}
{"ctxid":0,"pos":[-1111.44995,680.763977,372.612],"rotationMatrix":[0.999943733,-0.0106080351,0,0.0106080351,0.999943733,0,0,0,1],"scale":0.836899996,"type":"cork_oak_large_1"}
{"ctxid":0,"pos":[-1494.56995,943.825989,257.03299],"rotationMatrix":[0.994403124,0.105652392,0,-0.105652392,0.994403124,0,0,0,1],"scale":0.975600004,"type":"cork_oak_large_1"}
{"ctxid":0,"pos":[-1298.58997,724.778015,343.005005],"rotationMatrix":[0.600560784,0.799579084,0,-0.799579084,0.600560784,0,0,0,1],"scale":1.00800002,"type":"cork_oak_large_1"}
{"ctxid":0,"pos":[-1552.48999,949.447998,226.373993],"rotationMatrix":[-0.144887209,0.98944819,0,-0.98944819,-0.144887209,0,0,0,1],"scale":1.19319999,"type":"cork_oak_large_1"}
{"ctxid":0,"pos":[1637.13,-74.5223999,148.199005],"rotationMatrix":[0.608210444,-0.793775797,0,0.793775797,0.608210444,0,0,0,1],"scale":1.03489995,"type":"cork_oak_large_1"}
{"ctxid":0,"pos":[1646.80005,-30.5065994,153.990005],"rotationMatrix":[0.73208797,0.681210101,0,-0.681210101,0.73208797,0,0,0,1],"scale":1.11070001,"type":"cork_oak_large_1"}
{"ctxid":0,"pos":[1001.44,-652.987,157.843002],"rotationMatrix":[0.152137637,0.988359332,0,-0.988359332,0.152137637,0,0,0,1],"scale":1.12639999,"type":"cork_oak_large_1"}
{"ctxid":0,"pos":[959.61499,-669.79303,162.235992],"rotationMatrix":[-0.086337924,-0.996265888,0,0.996265888,-0.086337924,0,0,0,1],"scale":0.947099984,"type":"cork_oak_large_1"}
{"ctxid":0,"pos":[313.144012,-184.710007,186.550995],"rotationMatrix":[0.984441519,0.175712541,0,-0.175712541,0.984441519,0,0,0,1],"scale":1.05770004,"type":"cork_oak_large_1"}
{"ctxid":0,"pos":[353.692993,-190.268997,184.764999],"rotationMatrix":[0.405077696,0.914282262,0,-0.914282262,0.405077696,0,0,0,1],"scale":1.19500005,"type":"cork_oak_large_1"}
{"ctxid":0,"pos":[250.505997,-289.072998,188.785995],"rotationMatrix":[0.543223143,-0.839588344,0,0.839588344,0.543223143,0,0,0,1],"scale":1.19949996,"type":"cork_oak_large_1"}
{"ctxid":0,"pos":[211.942993,-306.013,190.798996],"rotationMatrix":[-0.730516315,0.668648303,-0.138763696,-0.682658017,-0.720383167,0.122581214,-0.0179993138,0.184275717,0.982709765],"scale":0.811999977,"type":"cork_oak_large_1"}
{"ctxid":0,"pos":[111.877419,-264.802582,196.580994],"rotationMatrix":[0.0345058441,0.99940449,0,-0.99940449,0.0345058441,0,0,0,1],"scale":1.26230001,"type":"cork_oak_large_1"}
{"ctxid":0,"pos":[563.52301,-1315.27002,422.86499],"rotationMatrix":[-0.968127966,0.250456065,0,-0.250456065,-0.968127966,0,0,0,1],"scale":1.03799999,"type":"cork_oak_large_1"}
{"ctxid":0,"pos":[1117.89001,755.200012,193.199005],"rotationMatrix":[-0.582064748,-0.813142419,0,0.813142419,-0.582064748,0,0,0,1],"scale":1.0704,"type":"cork_oak_large_1"}
{"ctxid":0,"pos":[1136.46997,612.286011,187.037994],"rotationMatrix":[-0.966541052,0.256511986,0,-0.256511986,-0.966541052,0,0,0,1],"scale":0.806599975,"type":"cork_oak_large_1"}
{"ctxid":0,"pos":[1118.32996,737.731018,195.139008],"rotationMatrix":[0.256531715,0.966535807,0,-0.966535807,0.256531715,0,0,0,1],"scale":1.16649997,"type":"cork_oak_large_1"}
{"ctxid":0,"pos":[1123.63,679.445007,197.227997],"rotationMatrix":[-0.279360056,0.960186422,0,-0.960186422,-0.279360056,0,0,0,1],"scale":0.872500002,"type":"cork_oak_large_1"}
{"ctxid":0,"pos":[1037.88,744.588989,189.057999],"rotationMatrix":[0.847316623,-0.531088054,0,0.531088054,0.847316623,0,0,0,1],"scale":1.12030005,"type":"cork_oak_large_1"}
{"ctxid":0,"pos":[1110.90002,593.45697,185.389008],"rotationMatrix":[0.150574207,-0.988598704,0,0.988598704,0.150574207,0,0,0,1],"scale":1.17460001,"type":"cork_oak_large_1"}
{"ctxid":0,"pos":[1092.94995,582.632019,185.735992],"rotationMatrix":[-0.587405682,-0.809292614,0,0.809292614,-0.587405682,0,0,0,1],"scale":0.869300008,"type":"cork_oak_large_1"}
{"ctxid":0,"pos":[1042.63,424.395996,187.447998],"rotationMatrix":[0.996472001,0.0839258656,0,-0.0839258656,0.996472001,0,0,0,1],"scale":1.01960003,"type":"cork_oak_large_1"}
{"ctxid":0,"pos":[933.630981,561.713013,188.292007],"rotationMatrix":[0.984193563,0.177096099,0,-0.177096099,0.984193563,0,0,0,1],"scale":1.11790001,"type":"cork_oak_large_1"}
{"ctxid":0,"pos":[819.221008,723.020996,180.552994],"rotationMatrix":[-0.927862525,-0.372922421,0,0.372922421,-0.927862525,0,0,0,1],"scale":0.836600006,"type":"cork_oak_large_1"}
{"ctxid":0,"pos":[793.369995,725.140991,180.145004],"rotationMatrix":[0.922854066,0.385149807,0,-0.385149807,0.922854066,0,0,0,1],"scale":1.03530002,"type":"cork_oak_large_1"}
{"ctxid":0,"pos":[759.237,589.60498,181.529007],"rotationMatrix":[0.562326312,0.826915443,0,-0.826915443,0.562326312,0,0,0,1],"scale":0.922999978,"type":"cork_oak_large_1"}
{"ctxid":0,"pos":[873.461975,584.750977,190.503998],"rotationMatrix":[0.556506395,-0.830843329,0,0.830843329,0.556506395,0,0,0,1],"scale":1.06210005,"type":"cork_oak_large_1"}
{"ctxid":0,"pos":[924.268982,327.425995,205.309006],"rotationMatrix":[-0.0187354088,-0.999824464,0,0.999824464,-0.0187354088,0,0,0,1],"scale":0.855599999,"type":"cork_oak_large_1"}
{"ctxid":0,"pos":[896.218018,311.213989,200.429001],"rotationMatrix":[-0.114225864,0.993454814,0,-0.993454814,-0.114225864,0,0,0,1],"scale":0.850199997,"type":"cork_oak_large_1"}
{"ctxid":0,"pos":[874.338989,492.700989,182.619995],"rotationMatrix":[-0.261825085,0.965115368,0,-0.965115368,-0.261825085,0,0,0,1],"scale":1.01110005,"type":"cork_oak_large_1"}
{"ctxid":0,"pos":[741.645996,440.179993,177.391006],"rotationMatrix":[-0.692800045,-0.721129715,0,0.721129715,-0.692800045,0,0,0,1],"scale":1.15859997,"type":"cork_oak_large_1"}
{"ctxid":0,"pos":[697.72998,474.940002,177.283005],"rotationMatrix":[-0.988416791,-0.151763782,0,0.151763782,-0.988416791,0,0,0,1],"scale":1.05180001,"type":"cork_oak_large_1"}
{"ctxid":0,"pos":[746.200012,341.584015,174.322006],"rotationMatrix":[-0.876371861,-0.481635094,0,0.481635094,-0.876371861,0,0,0,1],"scale":0.978200018,"type":"cork_oak_large_1"}
{"ctxid":0,"pos":[591.598999,234.921005,179.580994],"rotationMatrix":[0.909687519,0.415293425,0,-0.415293425,0.909687519,0,0,0,1],"scale":1.19939995,"type":"cork_oak_large_1"}
{"ctxid":0,"pos":[250.647003,409.44101,177.737],"rotationMatrix":[0.0239161253,-0.999713957,0,0.999713957,0.0239161253,0,0,0,1],"scale":0.823400021,"type":"cork_oak_large_1"}
{"ctxid":0,"pos":[291.709015,258.852997,183.328003],"rotationMatrix":[-0.450104356,0.892975986,0,-0.892975986,-0.450104356,0,0,0,1],"scale":0.834200025,"type":"cork_oak_large_1"}
{"ctxid":0,"pos":[389.290009,60.4107018,183.903],"rotationMatrix":[0.638409972,-0.769696474,0,0.769696474,0.638409972,0,0,0,1],"scale":0.866900027,"type":"cork_oak_large_1"}
{"ctxid":0,"pos":[422.753998,71.6572037,186.408997],"rotationMatrix":[0.994168043,-0.107842021,0,0.107842021,0.994168043,0,0,0,1],"scale":0.856400013,"type":"cork_oak_large_1"}
{"ctxid":0,"pos":[426.890991,57.5629997,184.636993],"rotationMatrix":[-0.446020246,-0.895022869,0,0.895022869,-0.446020246,0,0,0,1],"scale":0.960699975,"type":"cork_oak_large_1"}
{"ctxid":0,"pos":[403.727997,68.293602,185.822998],"rotationMatrix":[0.995314837,-0.096687004,0,0.096687004,0.995314837,0,0,0,1],"scale":0.979099989,"type":"cork_oak_large_1"}
{"ctxid":0,"pos":[341.274994,169.207001,181.673996],"rotationMatrix":[-0.446020246,0.895022869,0,-0.895022869,-0.446020246,0,0,0,1],"scale":1.05690002,"type":"cork_oak_large_1"}
{"ctxid":0,"pos":[273.292999,25.8794003,193.524002],"rotationMatrix":[-0.466499329,0.884521544,0,-0.884521544,-0.466499329,0,0,0,1],"scale":0.981899977,"type":"cork_oak_large_1"}
{"ctxid":0,"pos":[353.397003,108.546997,182.854996],"rotationMatrix":[0.981835842,-0.189732388,0,0.189732388,0.981835842,0,0,0,1],"scale":0.815500021,"type":"cork_oak_large_1"}
{"ctxid":0,"pos":[357.312012,88.6589966,182.850998],"rotationMatrix":[0.996799946,0.0799366534,0,-0.0799366534,0.996799946,0,0,0,1],"scale":1.13769996,"type":"cork_oak_large_1"}
{"ctxid":0,"pos":[68.6762009,134.367004,209.121994],"rotationMatrix":[-0.999200225,0.0399863794,0,-0.0399863794,-0.999200225,0,0,0,1],"scale":0.958899975,"type":"cork_oak_large_1"}
{"ctxid":0,"pos":[18.7313995,14.5263004,221.781006],"rotationMatrix":[-0.228998542,0.973426759,0,-0.973426759,-0.228998542,0,0,0,1],"scale":0.909099996,"type":"cork_oak_large_1"}
{"ctxid":0,"pos":[45.1259995,42.3638,218.714005],"rotationMatrix":[-0.330080509,-0.943952799,0,0.943952799,-0.330080509,0,0,0,1],"scale":1.06509995,"type":"cork_oak_large_1"}
{"ctxid":0,"pos":[50.2639999,47.2509995,216.748001],"rotationMatrix":[-0.92001605,-0.391880691,0,0.391880691,-0.92001605,0,0,0,1],"scale":0.954200029,"type":"cork_oak_large_1"}
{"ctxid":0,"pos":[53.5886993,57.1318016,216.798996],"rotationMatrix":[-0.918448687,0.395540148,0,-0.395540148,-0.918448687,0,0,0,1],"scale":0.964600027,"type":"cork_oak_large_1"}
{"ctxid":0,"pos":[-55.5861397,59.0954742,244.965607],"rotationMatrix":[-0.709895968,0.704306543,0,-0.704306543,-0.709895968,0,0,0,1],"scale":0.969806075,"type":"cork_oak_large_1"}
{"ctxid":0,"pos":[-74.8405914,67.0518799,245.348831],"rotationMatrix":[-0.495210707,0.868772924,0,-0.868772924,-0.495210707,0,0,0,1],"scale":1.11259735,"type":"cork_oak_large_1"}
{"ctxid":0,"pos":[1427.07642,1382.79895,139.647675],"rotationMatrix":[0.951418102,-0.307901949,0,0.307901949,0.951418102,0,0,0,1],"scale":0.920956492,"type":"cork_oak_large_1"}
{"ctxid":0,"pos":[-849.339844,91.7735901,240.887756],"rotationMatrix":[0.987369478,-0.158434674,0,0.158434674,0.987369478,0,0,0,1],"scale":1.16584015,"type":"cork_oak_large_1"}
{"ctxid":0,"pos":[-849.689392,121.597122,239.162888],"rotationMatrix":[0.756628036,0.653845549,0,-0.653845549,0.756628036,0,0,0,1],"scale":0.991123557,"type":"cork_oak_large_1"}
{"ctxid":0,"pos":[-180.043396,-47.0153008,263.05426],"rotationMatrix":[0.582957208,0.812502861,0,-0.812502861,0.582957208,0,0,0,1],"scale":1.03733253,"type":"cork_oak_large_1"}
{"ctxid":0,"pos":[-205.189468,-55.4820442,263.581787],"rotationMatrix":[-0.0973440632,-0.995250762,0,0.995250762,-0.0973440632,0,0,0,1],"scale":0.993647814,"type":"cork_oak_large_1"}
{"ctxid":0,"pos":[-246.337021,-84.4468613,274.229614],"rotationMatrix":[0.307112724,0.95167315,0,-0.95167315,0.307112724,0,0,0,1],"scale":0.937938511,"type":"cork_oak_large_1"}
{"ctxid":0,"pos":[-247.239273,-60.1346855,271.59024],"rotationMatrix":[-0.0702355951,0.99753046,0,-0.99753046,-0.0702355951,0,0,0,1],"scale":1.08264577,"type":"cork_oak_large_1"}
{"ctxid":0,"pos":[317.506653,-1350.43774,359.062134],"rotationMatrix":[-0.81735456,-0.576135039,0,0.576135039,-0.81735456,0,0,0,1],"scale":0.847368002,"type":"cork_oak_large_1"}
{"ctxid":0,"pos":[300.283966,-1357.57776,362.163635],"rotationMatrix":[0.924154639,0.382018536,0,-0.382018536,0.924154639,0,0,0,1],"scale":1.18400884,"type":"cork_oak_large_1"}
{"ctxid":0,"pos":[501.216705,-1297.94324,393.650208],"rotationMatrix":[-0.838761985,0.544498205,0,-0.544498205,-0.838761985,0,0,0,1],"scale":1.01518297,"type":"cork_oak_large_1"}
{"ctxid":0,"pos":[502.592224,-1308.11072,397.091614],"rotationMatrix":[0.453832358,-0.891087055,0,0.891087055,0.453832358,0,0,0,1],"scale":0.987765789,"type":"cork_oak_large_1"}
{"ctxid":0,"pos":[492.27887,-1312.96838,395.195435],"rotationMatrix":[0.219043419,-0.975715101,0,0.975715101,0.219043419,0,0,0,1],"scale":1.04090548,"type":"cork_oak_large_1"}
{"ctxid":0,"pos":[234.170471,-1327.47437,366.030823],"rotationMatrix":[-0.9017995,0.432154626,0,-0.432154626,-0.9017995,0,0,0,1],"scale":1.14652896,"type":"cork_oak_large_1"}
{"ctxid":0,"pos":[224.396072,-1330.52417,373.622589],"rotationMatrix":[-0.946757972,-0.243031248,0.211153015,0.249893725,-0.968254924,0.00602882449,0.202984661,0.0584736764,0.977434516],"scale":0.881157994,"type":"cork_oak_large_1"}
{"ctxid":0,"pos":[273.942047,-1409.27136,395.137299],"rotationMatrix":[-0.951514602,0.307603538,0,-0.307603538,-0.951514602,0,0,0,1],"scale":1.08032691,"type":"cork_oak_large_1"}
{"ctxid":0,"pos":[-7.62396049,-166.237152,191.58342],"rotationMatrix":[0.543919444,0.839137435,0,-0.839137435,0.543919444,0,0,0,1],"scale":0.895094275,"type":"cork_oak_large_1"}
{"ctxid":0,"pos":[-18.2531013,-132.323853,203.742599],"rotationMatrix":[0.864075661,0.50336194,0,-0.50336194,0.864075661,0,0,0,1],"scale":0.802249908,"type":"cork_oak_large_1"}
{"ctxid":0,"pos":[133.426712,-27.9252377,182.747192],"rotationMatrix":[-0.81058085,0.582296252,0.0623680539,-0.581626654,-0.812892139,0.0302707646,0.0683250874,-0.0117380656,0.997594476],"scale":0.983275414,"type":"cork_oak_large_1"}
{"ctxid":0,"pos":[193.900726,-514.28656,254.258484],"rotationMatrix":[-0.914824486,0.403851599,0,-0.403851599,-0.914824486,0,0,0,1],"scale":1.12807548,"type":"cork_oak_large_1"}
{"ctxid":0,"pos":[-873.435852,-947.156616,485.351562],"rotationMatrix":[0.213003486,-0.977051437,0,0.977051437,0.213003486,0,0,0,1],"scale":1.00208879,"type":"cork_oak_large_1"}
{"ctxid":0,"pos":[-853.54187,-906.943237,488.376617],"rotationMatrix":[-0.505410075,0.862879276,0,-0.862879276,-0.505410075,0,0,0,1],"scale":0.883767009,"type":"cork_oak_large_1"}
{"ctxid":0,"pos":[816.770874,-105.033676,230.474899],"rotationMatrix":[-0.999534428,0.0305117369,0,-0.0305117369,-0.999534428,0,0,0,1],"scale":0.863274455,"type":"cork_oak_large_1"}
{"ctxid":0,"pos":[348.119965,1005.14496,154.581604],"rotationMatrix":[-0.353377551,-0.935480773,0,0.935480773,-0.353377551,0,0,0,1],"scale":0.844064951,"type":"cork_oak_large_1"}
{"ctxid":0,"pos":[778.931702,837.874817,176.131699],"rotationMatrix":[0.568155587,0.822921157,0,-0.822921157,0.568155587,0,0,0,1],"scale":0.804302275,"type":"cork_oak_large_1"}
{"ctxid":0,"pos":[779.645752,824.587646,178.2173],"rotationMatrix":[0.872295022,-0.488979906,0,0.488979906,0.872295022,0,0,0,1],"scale":0.984047055,"type":"cork_oak_large_1"}
{"ctxid":0,"pos":[771.078491,814.242798,178.044174],"rotationMatrix":[-0.465933979,-0.884819508,0,0.884819508,-0.465933979,0,0,0,1],"scale":0.904652834,"type":"cork_oak_large_1"}
{"ctxid":0,"pos":[796.300781,804.560974,182.301346],"rotationMatrix":[-0.472089589,0.88155055,0,-0.88155055,-0.472089589,0,0,0,1],"scale":1.03574204,"type":"cork_oak_large_1"}
{"ctxid":0,"pos":[1552.23743,-1383.67517,225.080093],"rotationMatrix":[0.478026003,0.878345668,0,-0.878345668,0.478026003,0,0,0,1],"scale":0.834985018,"type":"cork_oak_large_1"}
{"ctxid":0,"pos":[1597.22058,-1424.59021,192.008896],"rotationMatrix":[0.331871122,0.943324745,0,-0.943324745,0.331871122,0,0,0,1],"scale":0.843876779,"type":"cork_oak_large_1"}
{"ctxid":0,"pos":[817.677673,-1691.57605,270.770325],"rotationMatrix":[0.992547572,0.121857598,0,-0.121857598,0.992547572,0,0,0,1],"scale":0.801171601,"type":"cork_oak_large_1"}
{"ctxid":0,"pos":[749.01532,-1524.61084,315.525421],"rotationMatrix":[-0.999942958,-0.0106818154,0,0.0106818154,-0.999942958,0,0,0,1],"scale":1.10090017,"type":"cork_oak_large_1"}
{"ctxid":0,"pos":[738.473816,-1505.77698,323.71759],"rotationMatrix":[0.831048906,0.556199312,0,-0.556199312,0.831048906,0,0,0,1],"scale":0.829104424,"type":"cork_oak_large_1"}
{"ctxid":0,"pos":[-821.539917,-1466.01831,143.555084],"rotationMatrix":[0.774744332,0.632274687,0,-0.632274687,0.774744332,0,0,0,1],"scale":1.01040995,"type":"cork_oak_large_1"}
{"ctxid":0,"pos":[-855.946594,-1417.21765,143.618607],"rotationMatrix":[-0.42220968,-0.906498194,0,0.906498194,-0.42220968,0,0,0,1],"scale":0.995756984,"type":"cork_oak_large_1"}
{"ctxid":0,"pos":[-679.310547,-1227.75854,155.665085],"rotationMatrix":[-0.581882715,0.813272715,0,-0.813272715,-0.581882715,0,0,0,1],"scale":1.07497191,"type":"cork_oak_large_1"}
{"ctxid":0,"pos":[-692.248169,-1238.03931,157.859802],"rotationMatrix":[-0.65616262,-0.754619539,0,0.754619539,-0.65616262,0,0,0,1],"scale":0.976488888,"type":"cork_oak_large_1"}
{"ctxid":0,"pos":[-577.913086,-1097.46899,195.966019],"rotationMatrix":[-0.827747822,-0.561100304,0,0.561100304,-0.827747822,0,0,0,1],"scale":1.15253651,"type":"cork_oak_large_1"}
{"ctxid":0,"pos":[-956.27356,-1481.745,249.885529],"rotationMatrix":[-0.469303578,-0.883036911,0,0.883036911,-0.469303578,0,0,0,1],"scale":0.984701931,"type":"cork_oak_large_1"}
{"ctxid":0,"pos":[1423.78796,859.854858,204.951706],"rotationMatrix":[-0.910199523,-0.414169997,0,0.414169997,-0.910199523,0,0,0,1],"scale":1.15742636,"type":"cork_oak_large_1"}
{"ctxid":0,"pos":[-69.329071,-401.193939,244.044159],"rotationMatrix":[0.230848446,-0.923506975,0.306339085,0.937431753,0.126763776,-0.324272782,0.260635436,0.362029761,0.894987941],"scale":1.2997601,"type":"cork_oak_large_1"}
{"ctxid":0,"pos":[101.882599,-498.862518,238.401108],"rotationMatrix":[-0.915467978,0.402390838,0,-0.402390838,-0.915467978,0,0,0,1],"scale":1.16129065,"type":"cork_oak_large_1"}
{"ctxid":0,"pos":[88.6700821,-505.033325,248.587616],"rotationMatrix":[-0.982992351,-0.183646649,0,0.183646649,-0.982992351,0,0,0,1],"scale":0.953597546,"type":"cork_oak_large_1"}
{"ctxid":0,"pos":[75.2157669,-513.737732,262.456146],"rotationMatrix":[-0.959310651,-0.282352716,0,0.282352716,-0.959310651,0,0,0,1],"scale":0.84167105,"type":"cork_oak_large_1"}
{"ctxid":0,"pos":[479.764954,-366.929932,307.700592],"rotationMatrix":[0.989259005,0.146173164,0,-0.144146919,0.975545764,-0.165927306,-0.0242541172,0.164145052,0.986137986],"scale":1.11634409,"type":"cork_oak_large_1"}
{"ctxid":0,"pos":[1203.8761,-4.35278702,247.272522],"rotationMatrix":[-0.710742712,-0.703452051,0,0.703452051,-0.710742712,0,0,0,1],"scale":0.914558828,"type":"cork_oak_large_1"}
{"ctxid":0,"pos":[1246.40601,-31.3746166,231.417145],"rotationMatrix":[-0.851078033,-0.525039256,0,0.525039256,-0.851078033,0,0,0,1],"scale":0.864690363,"type":"cork_oak_large_1"}
{"ctxid":0,"pos":[-723.34552,225.754471,217.261032],"rotationMatrix":[-0.173179507,-0.984890282,0,0.984890282,-0.173179507,0,0,0,1],"scale":0.95012629,"type":"cork_oak_large_1"}
{"ctxid":0,"pos":[-694.409424,261.665283,200.92598],"rotationMatrix":[-0.435449123,-0.900213361,0,0.900213361,-0.435449123,0,0,0,1],"scale":0.946448684,"type":"cork_oak_large_1"}
{"ctxid":0,"pos":[-691.800659,360.572845,200.623825],"rotationMatrix":[-0.934448779,0.356097579,0,-0.356097579,-0.934448779,0,0,0,1],"scale":0.867080927,"type":"cork_oak_large_1"}
{"ctxid":0,"pos":[-696.277466,402.331024,207.894089],"rotationMatrix":[-0.193172842,-0.981164753,0,0.981164753,-0.193172842,0,0,0,1],"scale":0.871796668,"type":"cork_oak_large_1"}
{"ctxid":0,"pos":[-685.741577,484.329407,220.25174],"rotationMatrix":[-0.900412261,-0.435037643,0,0.435037643,-0.900412261,0,0,0,1],"scale":0.848252773,"type":"cork_oak_large_1"}
{"ctxid":0,"pos":[-751.328552,321.689453,223.019073],"rotationMatrix":[0.973628163,0.228140801,0,-0.228140801,0.973628163,0,0,0,1],"scale":1.00686049,"type":"cork_oak_large_1"}
{"ctxid":0,"pos":[-854.395081,502.863953,280.28476],"rotationMatrix":[-0.11749813,0.993073106,0,-0.993073106,-0.11749813,0,0,0,1],"scale":0.88877821,"type":"cork_oak_large_1"}
{"ctxid":0,"pos":[-389.297882,-124.026878,282.933655],"rotationMatrix":[0.180580795,-0.983560145,0,0.983560145,0.180580795,0,0,0,1],"scale":0.860879004,"type":"cork_oak_large_1"}
{"ctxid":0,"pos":[-317.982758,-140.641098,298.925476],"rotationMatrix":[-0.658676684,-0.752086639,0.0225985907,0.752278745,-0.658844948,0,0.0148889665,0.0170004405,0.999744594],"scale":0.928698003,"type":"cork_oak_large_1"}
{"ctxid":0,"pos":[-282.856995,-33.9795227,266.8638],"rotationMatrix":[0.46864292,-0.883387685,0,0.883387685,0.46864292,0,0,0,1],"scale":0.844782174,"type":"cork_oak_large_1"}
{"ctxid":0,"pos":[-242.512421,-45.104126,267.705292],"rotationMatrix":[-0.211574554,-0.977361858,0,0.977361858,-0.211574554,0,0,0,1],"scale":0.823407114,"type":"cork_oak_large_1"}
{"ctxid":0,"pos":[649.303345,-688.322815,182.962723],"rotationMatrix":[-0.182310909,0.983240902,0,-0.983240902,-0.182310909,0,0,0,1],"scale":1.02799869,"type":"cork_oak_large_1"}
{"ctxid":0,"pos":[723.542175,-733.795349,183.689926],"rotationMatrix":[-0.999739408,0.0228281133,0,-0.0228281133,-0.999739408,0,0,0,1],"scale":1.19803524,"type":"cork_oak_large_1"}
{"ctxid":0,"pos":[-853.169434,763.161072,335.829681],"rotationMatrix":[0.288650125,0.957434654,0,-0.957434654,0.288650125,0,0,0,1],"scale":1.04237103,"type":"cork_oak_large_1"}
{"ctxid":0,"pos":[-826.258423,840.500183,349.613159],"rotationMatrix":[0.595972896,-0.803004563,0,0.803004563,0.595972896,0,0,0,1],"scale":1.11588335,"type":"cork_oak_large_1"}
{"ctxid":0,"pos":[-852.968262,872.477173,359.313477],"rotationMatrix":[0.740065992,-0.672534287,0,0.672534287,0.740065992,0,0,0,1],"scale":1.15735471,"type":"cork_oak_large_1"}
{"ctxid":0,"pos":[-853.555725,740.867371,331.074493],"rotationMatrix":[0.29390645,0.95583421,0,-0.95583421,0.29390645,0,0,0,1],"scale":1.17635405,"type":"cork_oak_large_1"}
{"ctxid":0,"pos":[-798.474426,748.130981,318.429657],"rotationMatrix":[0.954372287,-0.29861936,0,0.29861936,0.954372287,0,0,0,1],"scale":1.09942818,"type":"cork_oak_large_1"}
{"ctxid":0,"pos":[-961.15094,647.117554,340.802826],"rotationMatrix":[-0.892093897,0.451850027,0,-0.451850027,-0.892093897,0,0,0,1],"scale":1.00890088,"type":"cork_oak_large_1"}
{"ctxid":0,"pos":[-950.376526,640.224243,338.777496],"rotationMatrix":[0.962317705,-0.271927714,0,0.271927714,0.962317705,0,0,0,1],"scale":0.904228806,"type":"cork_oak_large_1"}
{"ctxid":0,"pos":[167.115616,-1969.01672,144.317245],"rotationMatrix":[0.995491326,0.0945068002,0.00808575004,-0.0948520452,0.991867781,0.0848615691,-8.14769086e-10,-0.0852459148,0.996360004],"scale":0.858346164,"type":"cork_oak_large_1"}
{"ctxid":0,"pos":[1139.69434,-393.352814,142.354843],"rotationMatrix":[0.807502389,-0.589864314,0,0.589864314,0.807502389,0,0,0,1],"scale":1.15209067,"type":"cork_oak_large_1"}
{"ctxid":0,"pos":[1558.44739,-1297.96936,269.16275],"rotationMatrix":[0.984217048,0.176963851,0,-0.176963851,0.984217048,0,0,0,1],"scale":1.09763336,"type":"cork_oak_large_1"}
{"ctxid":0,"pos":[667.412415,841.21283,182.547791],"rotationMatrix":[-0.692927539,-0.721007288,0,0.721007288,-0.692927539,0,0,0,1],"scale":1.16251945,"type":"cork_oak_large_1"}
{"ctxid":0,"pos":[-1316.83838,150.612778,328.677612],"rotationMatrix":[-0.915180326,0.403044671,0,-0.403044671,-0.915180326,0,0,0,1],"scale":1.14493835,"type":"cork_oak_large_1"}
{"ctxid":0,"pos":[-1348.45752,113.371544,328.599579],"rotationMatrix":[-0.191950843,0.979451716,-0.061880067,-0.969020724,-0.199136496,-0.146092698,-0.15541333,0.0319204554,0.987333655],"scale":1.06999421,"type":"cork_oak_large_1"}
{"ctxid":0,"pos":[1305.57788,1174.03857,180.530365],"rotationMatrix":[-0.195022285,-0.980798841,0,0.980798841,-0.195022285,0,0,0,1],"scale":0.955144405,"type":"cork_oak_large_1"}
{"ctxid":0,"pos":[459.423553,406.2435,170.699036],"rotationMatrix":[-0.972821832,-0.231554821,0,0.231554821,-0.972821832,0,0,0,1],"scale":0.95334816,"type":"cork_oak_large_1"}
{"ctxid":0,"pos":[431.944397,453.700012,170.354813],"rotationMatrix":[-0.92908287,0.369871587,0,-0.369871587,-0.92908287,0,0,0,1],"scale":0.96229279,"type":"cork_oak_large_1"}
{"ctxid":0,"pos":[433.879364,373.125916,171.402374],"rotationMatrix":[0.503928781,-0.863745213,0,0.863745213,0.503928781,0,0,0,1],"scale":1.16255093,"type":"cork_oak_large_1"}
{"ctxid":0,"pos":[137.568481,1290.44812,150.792953],"rotationMatrix":[0.867141128,-0.498062491,0,0.498062491,0.867141128,0,0,0,1],"scale":0.990656734,"type":"cork_oak_large_1"}
{"ctxid":0,"pos":[224.340073,1276.54749,155.015732],"rotationMatrix":[0.0158677157,-0.999874115,0,0.999874115,0.0158677157,0,0,0,1],"scale":0.828942358,"type":"cork_oak_large_1"}
{"ctxid":0,"pos":[-1097.34741,526.713684,339.08783],"rotationMatrix":[0.851354301,-0.524591148,0,0.524591148,0.851354301,0,0,0,1],"scale":1.14126658,"type":"cork_oak_large_1"}
{"ctxid":0,"pos":[602.784424,1235.46765,159.736572],"rotationMatrix":[0.762665033,-0.646794081,0,0.646794081,0.762665033,0,0,0,1],"scale":0.952785015,"type":"cork_oak_large_1"}
{"ctxid":0,"pos":[1057.04529,1376.79919,138.589615],"rotationMatrix":[-0.854789317,-0.518975198,0,0.518975198,-0.854789317,0,0,0,1],"scale":0.869726598,"type":"cork_oak_large_1"}
{"ctxid":0,"pos":[1010.93896,1375.97107,138.55983],"rotationMatrix":[-0.971156478,0.238443032,0,-0.238443032,-0.971156478,0,0,0,1],"scale":0.998171389,"type":"cork_oak_large_1"}
{"ctxid":0,"pos":[-345.95993,-1030.08264,357.298981],"rotationMatrix":[0.060478963,0.998169482,0,-0.998169482,0.060478963,0,0,0,1],"scale":1.05980074,"type":"cork_oak_large_1"}
{"ctxid":0,"pos":[-310.829376,-1062.22754,377.479248],"rotationMatrix":[0.999602556,-0.0281919129,0,0.0281919129,0.999602556,0,0,0,1],"scale":0.807041109,"type":"cork_oak_large_1"}
{"ctxid":0,"pos":[-979.198853,1018.3017,374.988678],"rotationMatrix":[-0.35365355,-0.935376465,0,0.935376465,-0.35365355,0,0,0,1],"scale":1.14592993,"type":"cork_oak_large_1"}
{"ctxid":0,"pos":[-1043.23535,1037.90771,387.019135],"rotationMatrix":[0.758242905,0.651972175,0,-0.651972175,0.758242905,0,0,0,1],"scale":1.1813041,"type":"cork_oak_large_1"}
{"ctxid":0,"pos":[1493.46521,1318.16052,148.670853],"rotationMatrix":[-0.806833148,-0.590779364,0,0.590779364,-0.806833148,0,0,0,1],"scale":1.03690362,"type":"cork_oak_large_1"}
{"ctxid":0,"pos":[543.696655,-1462.26746,360.580231],"rotationMatrix":[0.570447743,0.821333885,0,-0.821333885,0.570447743,0,0,0,1],"scale":0.95958674,"type":"cork_oak_large_1"}
{"ctxid":0,"pos":[160.153946,1433.99158,186.942535],"rotationMatrix":[-0.562194109,0.827005088,0,-0.827005088,-0.562194109,0,0,0,1],"scale":1.09160948,"type":"cork_oak_large_1"}
{"ctxid":0,"pos":[375.965088,1835.52893,207.295792],"rotationMatrix":[0.597880542,-0.801585197,0,0.801585197,0.597880542,0,0,0,1],"scale":0.92641592,"type":"cork_oak_large_1"}
{"ctxid":0,"pos":[357.935608,1898.81567,198.89595],"rotationMatrix":[-0.533554733,0.845765531,0,-0.845765531,-0.533554733,0,0,0,1],"scale":1.16915298,"type":"cork_oak_large_1"}
{"ctxid":0,"pos":[275.873718,1143.60681,147.824539],"rotationMatrix":[0.785401583,0.618986547,0,-0.618986547,0.785401583,0,0,0,1],"scale":0.814872205,"type":"cork_oak_large_1"}
{"ctxid":0,"pos":[369.968475,1108.13818,147.420776],"rotationMatrix":[-0.999439061,0.0334892496,0,-0.0334892496,-0.999439061,0,0,0,1],"scale":0.983816385,"type":"cork_oak_large_1"}
{"ctxid":0,"pos":[468.891632,829.831543,161.998993],"rotationMatrix":[-0.996992409,-0.0774990022,0,0.0774990022,-0.996992409,0,0,0,1],"scale":1.08128548,"type":"cork_oak_large_1"}
{"ctxid":0,"pos":[464.719482,761.757874,162.279358],"rotationMatrix":[-0.718122065,0.695917189,0,-0.695917189,-0.718122065,0,0,0,1],"scale":0.804182649,"type":"cork_oak_large_1"}
{"ctxid":0,"pos":[319.718994,705.173523,162.188889],"rotationMatrix":[0.136757582,0.99060452,0,-0.99060452,0.136757582,0,0,0,1],"scale":0.985793173,"type":"cork_oak_large_1"}
{"ctxid":0,"pos":[240.423691,676.134094,163.842804],"rotationMatrix":[-0.997173786,-0.0751293749,0,0.0751293749,-0.997173786,0,0,0,1],"scale":0.880245805,"type":"cork_oak_large_1"}
{"ctxid":0,"pos":[209.24794,709.029175,164.718811],"rotationMatrix":[0.859153807,0.511717498,0,-0.511717498,0.859153807,0,0,0,1],"scale":1.07860625,"type":"cork_oak_large_1"}
