{"ctxid":0,"pos":[1110.02002,1304.71997,143.014008],"rotationMatrix":[1,0,0,0,1,0,0,0,1],"scale":1,"type":"cypress_hedge_3m"}
{"ctxid":0,"pos":[1112,1304.73999,143.014008],"rotationMatrix":[1,0,0,0,1,0,0,0,1],"scale":1,"type":"cypress_hedge_3m"}
{"ctxid":0,"pos":[1113.93994,1304.66003,143.014008],"rotationMatrix":[0.998317957,-0.0579763465,0,0.0579763465,0.998317957,0,0,0,1],"scale":1,"type":"cypress_hedge_3m"}
{"ctxid":0,"pos":[1115.92004,1304.55005,143.014008],"rotationMatrix":[0.998317957,-0.0579763465,0,0.0579763465,0.998317957,0,0,0,1],"scale":1,"type":"cypress_hedge_3m"}
{"ctxid":0,"pos":[1117.91003,1304.43994,143.024002],"rotationMatrix":[0.998317957,-0.0579763465,0,0.0579763465,0.998317957,0,0,0,1],"scale":1,"type":"cypress_hedge_3m"}
{"ctxid":0,"pos":[1119.87,1304.32996,143.026001],"rotationMatrix":[0.998317957,-0.0579763465,0,0.0579763465,0.998317957,0,0,0,1],"scale":1,"type":"cypress_hedge_3m"}
{"ctxid":0,"pos":[1121.80005,1304.22998,143.024994],"rotationMatrix":[0.998317957,-0.0579763465,0,0.0579763465,0.998317957,0,0,0,1],"scale":1,"type":"cypress_hedge_3m"}
{"ctxid":0,"pos":[1123.78003,1304.12,143.022995],"rotationMatrix":[0.997035503,-0.0769428685,0,0.0769428685,0.997035503,0,0,0,1],"scale":1,"type":"cypress_hedge_3m"}
{"ctxid":0,"pos":[1125.76001,1304.03003,143.037003],"rotationMatrix":[1,0,0,0,1,0,0,0,1],"scale":1,"type":"cypress_hedge_3m"}
{"ctxid":0,"pos":[1143.07996,1302.01001,143.546997],"rotationMatrix":[0.987223387,-0.153971717,0.0410206877,0.153839156,0.988075256,0.00638772734,-0.041515056,4.4741987e-06,0.999137878],"scale":1,"type":"cypress_hedge_3m"}
{"ctxid":0,"pos":[1141.09998,1302.31006,143.464996],"rotationMatrix":[-0.987225652,0.153957173,-0.0410207361,-0.153824612,-0.988077521,-0.00638742512,-0.041515056,4.16870262e-06,0.999137878],"scale":1,"type":"cypress_hedge_3m"}
{"ctxid":0,"pos":[1139.13,1302.62,143.382004],"rotationMatrix":[0.987223387,-0.153971717,0.0410206877,0.153839156,0.988075256,0.00638772734,-0.041515056,4.4741987e-06,0.999137878],"scale":1,"type":"cypress_hedge_3m"}
{"ctxid":0,"pos":[1137.15002,1302.93005,143.300003],"rotationMatrix":[-0.987225652,0.153957173,-0.0410207361,-0.153824612,-0.988077521,-0.00638742512,-0.041515056,4.16870262e-06,0.999137878],"scale":1,"type":"cypress_hedge_3m"}
{"ctxid":0,"pos":[1135.18005,1303.23999,143.218002],"rotationMatrix":[-0.987225652,0.153957173,-0.0410207361,-0.153824612,-0.988077521,-0.00638742512,-0.041515056,4.16870262e-06,0.999137878],"scale":1,"type":"cypress_hedge_3m"}
{"ctxid":0,"pos":[1133.19995,1303.55005,143.136002],"rotationMatrix":[0.987223387,-0.153971717,0.0410206877,0.153839156,0.988075256,0.00638772734,-0.041515056,4.4741987e-06,0.999137878],"scale":1,"type":"cypress_hedge_3m"}
{"ctxid":0,"pos":[1145.05005,1301.69995,143.628998],"rotationMatrix":[-0.987225652,0.153957173,-0.0410207361,-0.153824612,-0.988077521,-0.00638742512,-0.041515056,4.16870262e-06,0.999137878],"scale":1,"type":"cypress_hedge_3m"}
{"ctxid":0,"pos":[1147.02002,1301.39001,143.710999],"rotationMatrix":[0.987223387,-0.153971717,0.0410206877,0.153839156,0.988075256,0.00638772734,-0.041515056,4.4741987e-06,0.999137878],"scale":1,"type":"cypress_hedge_3m"}
{"ctxid":0,"pos":[1149,1301.07996,143.792999],"rotationMatrix":[-0.987225652,0.153957173,-0.0410207361,-0.153824612,-0.988077521,-0.00638742512,-0.041515056,4.16870262e-06,0.999137878],"scale":1,"type":"cypress_hedge_3m"}
{"ctxid":0,"pos":[1150.96997,1300.77002,143.875],"rotationMatrix":[0.987223387,-0.153971717,0.0410206877,0.153839156,0.988075256,0.00638772734,-0.041515056,4.4741987e-06,0.999137878],"scale":1,"type":"cypress_hedge_3m"}
{"ctxid":0,"pos":[1152.83997,1300.43994,143.889008],"rotationMatrix":[0.989603162,-0.143824831,0,0.143824831,0.989603162,0,0,0,1],"scale":1,"type":"cypress_hedge_3m"}
{"ctxid":0,"pos":[1154.82996,1300.23999,143.945999],"rotationMatrix":[0.986519098,-0.163646176,0,0.163646176,0.986519098,0,0,0,1],"scale":1,"type":"cypress_hedge_3m"}
{"ctxid":0,"pos":[1156.77002,1299.94995,144.022003],"rotationMatrix":[0.991914749,-0.119302101,0.0432682261,0.119413719,0.992844582,4.91823403e-06,-0.0429592095,0.00516194105,0.999063492],"scale":1,"type":"cypress_hedge_3m"}
{"ctxid":0,"pos":[1158.71997,1299.81995,144.035995],"rotationMatrix":[1,0,0,0,1,0,0,0,1],"scale":1,"type":"cypress_hedge_3m"}
{"ctxid":0,"pos":[1160.70996,1299.78003,144.039001],"rotationMatrix":[1,0,0,0,1,0,0,0,1],"scale":1,"type":"cypress_hedge_3m"}
{"ctxid":0,"pos":[1162.68994,1299.81006,144.037003],"rotationMatrix":[1,0,0,0,1,0,0,0,1],"scale":1,"type":"cypress_hedge_3m"}
{"ctxid":0,"pos":[1164.70996,1299.81995,144.035995],"rotationMatrix":[1,0,0,0,1,0,0,0,1],"scale":1,"type":"cypress_hedge_3m"}
{"ctxid":0,"pos":[1166.29004,1299.88,144.046997],"rotationMatrix":[1,0,0,0,1,0,0,0,1],"scale":1,"type":"cypress_hedge_3m"}
{"ctxid":0,"pos":[1167.55005,1299.84998,144.067993],"rotationMatrix":[0.999549985,-0.0299971271,0,0.0299971271,0.999549985,0,0,0,1],"scale":1,"type":"cypress_hedge_3m"}
{"ctxid":0,"pos":[1109.26001,1299.52002,143.102997],"rotationMatrix":[1.93119049e-05,-1,0,1,1.93119049e-05,0,0,0,1],"scale":1,"type":"cypress_hedge_3m"}
{"ctxid":0,"pos":[1109.26001,1303.44995,143.078995],"rotationMatrix":[1.93119049e-05,-1,0,1,1.93119049e-05,0,0,0,1],"scale":1,"type":"cypress_hedge_3m"}
{"ctxid":0,"pos":[1109.26001,1301.43994,143.087006],"rotationMatrix":[1.93119049e-05,-1,0,1,1.93119049e-05,0,0,0,1],"scale":1,"type":"cypress_hedge_3m"}
{"ctxid":0,"pos":[1109.28003,1297.47998,143.162994],"rotationMatrix":[0.0314490795,0.997783542,-0.0586429611,-0.999505341,0.0313909054,-0.0019131907,-6.8094465e-05,0.0586741231,0.998277187],"scale":1,"type":"cypress_hedge_3m"}
{"ctxid":0,"pos":[1109.22998,1295.56006,143.320007],"rotationMatrix":[1.71661377e-05,0.997734308,-0.0672774091,-1,1.71661377e-05,-5.78101549e-07,5.78101549e-07,0.0672774091,0.997734308],"scale":1,"type":"cypress_hedge_3m"}
{"ctxid":0,"pos":[1109.25,1293.69995,143.399994],"rotationMatrix":[1.93119049e-05,1,0,-1,1.93119049e-05,0,0,0,1],"scale":1,"type":"cypress_hedge_3m"}
{"ctxid":0,"pos":[1168.81995,1299.03003,144.087006],"rotationMatrix":[0.000105857849,0.99960804,-0.0279958323,-1,0.000105857849,-1.48207982e-06,1.48207982e-06,0.0279958323,0.99960804],"scale":1,"type":"cypress_hedge_3m"}
{"ctxid":0,"pos":[1168.81995,1297.03003,144.143005],"rotationMatrix":[0.000105857849,0.99960804,-0.0279958323,-1,0.000105857849,-1.48207982e-06,1.48207982e-06,0.0279958323,0.99960804],"scale":1,"type":"cypress_hedge_3m"}
{"ctxid":0,"pos":[1168.81995,1295.03003,144.199005],"rotationMatrix":[0.000105857849,0.99960804,-0.0279958323,-1,0.000105857849,-1.48207982e-06,1.48207982e-06,0.0279958323,0.99960804],"scale":1,"type":"cypress_hedge_3m"}
{"ctxid":0,"pos":[1168.81995,1293.04004,144.255005],"rotationMatrix":[0.000105857849,0.99960804,-0.0279958323,-1,0.000105857849,-1.48207982e-06,1.48207982e-06,0.0279958323,0.99960804],"scale":1,"type":"cypress_hedge_3m"}
{"ctxid":0,"pos":[1168.81995,1291.04004,144.311005],"rotationMatrix":[0.000105857849,0.99960804,-0.0279958323,-1,0.000105857849,-1.48207982e-06,1.48207982e-06,0.0279958323,0.99960804],"scale":1,"type":"cypress_hedge_3m"}
{"ctxid":0,"pos":[1168.81995,1289.04004,144.367004],"rotationMatrix":[0.000105857849,0.99960804,-0.0279958323,-1,0.000105857849,-1.48207982e-06,1.48207982e-06,0.0279958323,0.99960804],"scale":1,"type":"cypress_hedge_3m"}
{"ctxid":0,"pos":[1168.81995,1275.04004,144.759995],"rotationMatrix":[0.000105857849,-0.99960804,0.0279958323,1,0.000105857849,-1.48207982e-06,-1.48207982e-06,0.0279958323,0.99960804],"scale":1,"type":"cypress_hedge_3m"}
{"ctxid":0,"pos":[1168.81995,1277.04004,144.703995],"rotationMatrix":[0.000105857849,-0.99960804,0.0279958323,1,0.000105857849,-1.48207982e-06,-1.48207982e-06,0.0279958323,0.99960804],"scale":1,"type":"cypress_hedge_3m"}
{"ctxid":0,"pos":[1168.81995,1279.04004,144.647003],"rotationMatrix":[0.000105857849,-0.99960804,0.0279958323,1,0.000105857849,-1.48207982e-06,-1.48207982e-06,0.0279958323,0.99960804],"scale":1,"type":"cypress_hedge_3m"}
{"ctxid":0,"pos":[1168.81995,1281.04004,144.591003],"rotationMatrix":[0.000105857849,-0.99960804,0.0279958323,1,0.000105857849,-1.48207982e-06,-1.48207982e-06,0.0279958323,0.99960804],"scale":1,"type":"cypress_hedge_3m"}
{"ctxid":0,"pos":[1168.81995,1283.04004,144.535004],"rotationMatrix":[0.000105857849,-0.99960804,0.0279958323,1,0.000105857849,-1.48207982e-06,-1.48207982e-06,0.0279958323,0.99960804],"scale":1,"type":"cypress_hedge_3m"}
{"ctxid":0,"pos":[1168.81995,1285.04004,144.479004],"rotationMatrix":[0.000105857849,-0.99960804,0.0279958323,1,0.000105857849,-1.48207982e-06,-1.48207982e-06,0.0279958323,0.99960804],"scale":1,"type":"cypress_hedge_3m"}
{"ctxid":0,"pos":[1168.81995,1287.04004,144.419998],"rotationMatrix":[0.000105857849,-0.99960804,0.0279958323,1,0.000105857849,-1.48207982e-06,-1.48207982e-06,0.0279958323,0.99960804],"scale":1,"type":"cypress_hedge_3m"}
{"ctxid":0,"pos":[1168.79004,1273.54004,144.822998],"rotationMatrix":[1.93119049e-05,1,0,-1,1.93119049e-05,0,0,0,1],"scale":1,"type":"cypress_hedge_3m"}
{"ctxid":0,"pos":[1168.79004,1267.45996,145.044006],"rotationMatrix":[1.93119049e-05,-1,0,1,1.93119049e-05,0,0,0,1],"scale":1,"type":"cypress_hedge_3m"}
{"ctxid":0,"pos":[1168.80005,1265.47998,145.037003],"rotationMatrix":[1.93119049e-05,-1,0,1,1.93119049e-05,0,0,0,1],"scale":1,"type":"cypress_hedge_3m"}
{"ctxid":0,"pos":[1109.25,1291.65002,143.423996],"rotationMatrix":[1.87158585e-05,-0.999433517,0.0336547792,1,1.87158585e-05,-3.15028274e-07,-3.15028274e-07,0.0336547792,0.999433517],"scale":1,"type":"cypress_hedge_3m"}
{"ctxid":0,"pos":[1109.25,1289.65002,143.487],"rotationMatrix":[1.87158585e-05,-0.999433517,0.0336547792,1,1.87158585e-05,-3.15028274e-07,-3.15028274e-07,0.0336547792,0.999433517],"scale":1,"type":"cypress_hedge_3m"}
{"ctxid":0,"pos":[1109.25,1287.65002,143.554001],"rotationMatrix":[1.87158585e-05,-0.999433517,0.0336547792,1,1.87158585e-05,-3.15028274e-07,-3.15028274e-07,0.0336547792,0.999433517],"scale":1,"type":"cypress_hedge_3m"}
{"ctxid":0,"pos":[1109.25,1285.65002,143.621002],"rotationMatrix":[1.87158585e-05,-0.999433517,0.0336547792,1,1.87158585e-05,-3.15028274e-07,-3.15028274e-07,0.0336547792,0.999433517],"scale":1,"type":"cypress_hedge_3m"}
{"ctxid":0,"pos":[1109.25,1283.65002,143.688004],"rotationMatrix":[1.87158585e-05,-0.999433517,0.0336547792,1,1.87158585e-05,-3.15028274e-07,-3.15028274e-07,0.0336547792,0.999433517],"scale":1,"type":"cypress_hedge_3m"}
{"ctxid":0,"pos":[1109.25,1281.66003,143.819],"rotationMatrix":[1.87158585e-05,-0.999433517,0.0336547792,1,1.87158585e-05,-3.15028274e-07,-3.15028274e-07,0.0336547792,0.999433517],"scale":1,"type":"cypress_hedge_3m"}
{"ctxid":0,"pos":[1109.25,1279.66003,143.873001],"rotationMatrix":[1.87158585e-05,-0.999433517,0.0336547792,1,1.87158585e-05,-3.15028274e-07,-3.15028274e-07,0.0336547792,0.999433517],"scale":1,"type":"cypress_hedge_3m"}
{"ctxid":0,"pos":[1109.25,1277.66003,143.955002],"rotationMatrix":[1.87158585e-05,-0.999433517,0.0336547792,1,1.87158585e-05,-3.15028274e-07,-3.15028274e-07,0.0336547792,0.999433517],"scale":1,"type":"cypress_hedge_3m"}
{"ctxid":0,"pos":[1109.25,1275.66003,144.022995],"rotationMatrix":[1.87158585e-05,-0.999433517,0.0336547792,1,1.87158585e-05,-3.15028274e-07,-3.15028274e-07,0.0336547792,0.999433517],"scale":1,"type":"cypress_hedge_3m"}
{"ctxid":0,"pos":[1109.25,1273.66003,144.089996],"rotationMatrix":[1.87158585e-05,-0.999433517,0.0336547792,1,1.87158585e-05,-3.15028274e-07,-3.15028274e-07,0.0336547792,0.999433517],"scale":1,"type":"cypress_hedge_3m"}
{"ctxid":0,"pos":[1109.14001,1263.58997,144.100006],"rotationMatrix":[1.93119049e-05,-1,0,1,1.93119049e-05,0,0,0,1],"scale":1,"type":"cypress_hedge_3m"}
{"ctxid":0,"pos":[1109.14001,1265.59998,144.100006],"rotationMatrix":[1.93119049e-05,-1,0,1,1.93119049e-05,0,0,0,1],"scale":1,"type":"cypress_hedge_3m"}
{"ctxid":0,"pos":[1109.13,1267.58997,144.115997],"rotationMatrix":[1.93119049e-05,-1,0,1,1.93119049e-05,0,0,0,1],"scale":1,"type":"cypress_hedge_3m"}
{"ctxid":0,"pos":[562.893005,1407.83997,147.891998],"rotationMatrix":[0.997066259,-0.0765432864,0,0.0765432864,0.997066259,0,0,0,1],"scale":1,"type":"cypress_hedge_3m"}
{"ctxid":0,"pos":[560.898987,1407.98999,147.940002],"rotationMatrix":[0.997066259,-0.0765432864,0,0.0765432864,0.997066259,0,0,0,1],"scale":1,"type":"cypress_hedge_3m"}
{"ctxid":0,"pos":[558.903992,1408.14001,147.964996],"rotationMatrix":[0.997066259,-0.0765432864,0,0.0765432864,0.997066259,0,0,0,1],"scale":1,"type":"cypress_hedge_3m"}
{"ctxid":0,"pos":[556.909973,1408.30005,147.977997],"rotationMatrix":[0.997066259,-0.0765432864,0,0.0765432864,0.997066259,0,0,0,1],"scale":1,"type":"cypress_hedge_3m"}
{"ctxid":0,"pos":[554.916016,1408.44995,147.998001],"rotationMatrix":[0.997066259,-0.0765432864,0,0.0765432864,0.997066259,0,0,0,1],"scale":1,"type":"cypress_hedge_3m"}
{"ctxid":0,"pos":[553.13501,1408.56006,148.007004],"rotationMatrix":[0.997066259,-0.0765432864,0,0.0765432864,0.997066259,0,0,0,1],"scale":1,"type":"cypress_hedge_3m"}
{"ctxid":0,"pos":[551.276001,1408.71997,148.033005],"rotationMatrix":[0.997066259,-0.0765432864,0,0.0765432864,0.997066259,0,0,0,1],"scale":1,"type":"cypress_hedge_3m"}
{"ctxid":0,"pos":[550.085022,1408.03003,148.123001],"rotationMatrix":[1.93119049e-05,1,0,-1,1.93119049e-05,0,0,0,1],"scale":1,"type":"cypress_hedge_3m"}
{"ctxid":0,"pos":[550.041992,1405.95996,148.238007],"rotationMatrix":[3.36170197e-05,0.998897791,-0.0469382927,-1,3.36170197e-05,-7.89397802e-07,7.89397802e-07,0.0469382927,0.998897791],"scale":1,"type":"cypress_hedge_3m"}
{"ctxid":0,"pos":[550.007019,1403.92004,148.408997],"rotationMatrix":[0.00767827034,0.996076763,-0.0881598294,-0.999970496,0.00765323639,-0.000621974526,5.51736484e-05,0.0881620049,0.996106148],"scale":1,"type":"cypress_hedge_3m"}
{"ctxid":0,"pos":[550.021973,1401.96997,148.580994],"rotationMatrix":[0.00767827034,0.996076763,-0.0881598294,-0.999970496,0.00765323639,-0.000621974526,5.51736484e-05,0.0881620049,0.996106148],"scale":1,"type":"cypress_hedge_3m"}
{"ctxid":0,"pos":[550.02002,1400.03003,148.753006],"rotationMatrix":[0.00767827034,0.996076763,-0.0881598294,-0.999970496,0.00765323639,-0.000621974526,5.51736484e-05,0.0881620049,0.996106148],"scale":1,"type":"cypress_hedge_3m"}
{"ctxid":0,"pos":[550.005005,1398.06006,148.927002],"rotationMatrix":[0.00767827034,0.996076763,-0.0881598294,-0.999970496,0.00765323639,-0.000621974526,5.51736484e-05,0.0881620049,0.996106148],"scale":1,"type":"cypress_hedge_3m"}
{"ctxid":0,"pos":[563.612,1406.96997,147.936005],"rotationMatrix":[0.0928094387,0.992174625,-0.0835217088,-0.995683908,0.0924891233,-0.00770457461,8.05659729e-05,0.0838762745,0.996476173],"scale":1,"type":"cypress_hedge_3m"}
{"ctxid":0,"pos":[563.426025,1404.97998,148.102997],"rotationMatrix":[0.0928094387,0.992174625,-0.0835217088,-0.995683908,0.0924891233,-0.00770457461,8.05659729e-05,0.0838762745,0.996476173],"scale":1,"type":"cypress_hedge_3m"}
{"ctxid":0,"pos":[563.23999,1403,148.270004],"rotationMatrix":[0.0928094387,0.992174625,-0.0835217088,-0.995683908,0.0924891233,-0.00770457461,8.05659729e-05,0.0838762745,0.996476173],"scale":1,"type":"cypress_hedge_3m"}
{"ctxid":0,"pos":[563.054016,1401.01001,148.438004],"rotationMatrix":[0.0928094387,0.992174625,-0.0835217088,-0.995683908,0.0924891233,-0.00770457461,8.05659729e-05,0.0838762745,0.996476173],"scale":1,"type":"cypress_hedge_3m"}
{"ctxid":0,"pos":[562.867981,1399.03003,148.604996],"rotationMatrix":[0.0928094387,0.992174625,-0.0835217088,-0.995683908,0.0924891233,-0.00770457461,8.05659729e-05,0.0838762745,0.996476173],"scale":1,"type":"cypress_hedge_3m"}
{"ctxid":0,"pos":[562.682007,1397.04004,148.772003],"rotationMatrix":[0.0928094387,0.992174625,-0.0835217088,-0.995683908,0.0924891233,-0.00770457461,8.05659729e-05,0.0838762745,0.996476173],"scale":1,"type":"cypress_hedge_3m"}
{"ctxid":0,"pos":[562.495972,1395.06006,148.938995],"rotationMatrix":[0.0928094387,0.992174625,-0.0835217088,-0.995683908,0.0924891233,-0.00770457461,8.05659729e-05,0.0838762745,0.996476173],"scale":1,"type":"cypress_hedge_3m"}
{"ctxid":0,"pos":[-487,699.5,304],"rotationMatrix":[1,0,0,0,1,0,0,0,1],"scale":1,"type":"cypress_hedge_3m"}
{"ctxid":0,"pos":[-489,699.5,304],"rotationMatrix":[1,0,0,0,1,0,0,0,1],"scale":1,"type":"cypress_hedge_3m"}
{"ctxid":0,"pos":[-491,699.5,304],"rotationMatrix":[1,0,0,0,1,0,0,0,1],"scale":1,"type":"cypress_hedge_3m"}
{"ctxid":0,"pos":[-493,699.5,304],"rotationMatrix":[1,0,0,0,1,0,0,0,1],"scale":1,"type":"cypress_hedge_3m"}
{"ctxid":0,"pos":[-498,699.5,304],"rotationMatrix":[1,0,0,0,1,0,0,0,1],"scale":1,"type":"cypress_hedge_3m"}
{"ctxid":0,"pos":[-500,699.5,304],"rotationMatrix":[1,0,0,0,1,0,0,0,1],"scale":1,"type":"cypress_hedge_3m"}
{"ctxid":0,"pos":[-482,699.5,304],"rotationMatrix":[1,0,0,0,1,0,0,0,1],"scale":1,"type":"cypress_hedge_3m"}
{"ctxid":0,"pos":[-480,699.5,304],"rotationMatrix":[-0.999999821,-1.1920929e-07,0,1.1920929e-07,-0.999999821,0,0,0,1],"scale":1,"type":"cypress_hedge_3m"}
{"ctxid":0,"pos":[-478,699.5,304],"rotationMatrix":[1,0,0,0,1,0,0,0,1],"scale":1,"type":"cypress_hedge_3m"}
{"ctxid":0,"pos":[-476,699.5,304],"rotationMatrix":[1,0,0,0,1,0,0,0,1],"scale":1,"type":"cypress_hedge_3m"}
{"ctxid":0,"pos":[-474,699.5,304],"rotationMatrix":[1,0,0,0,1,0,0,0,1],"scale":1,"type":"cypress_hedge_3m"}
{"ctxid":0,"pos":[-472,699.5,304],"rotationMatrix":[1,0,0,0,1,0,0,0,1],"scale":1,"type":"cypress_hedge_3m"}
{"ctxid":0,"pos":[-505.266388,715.660645,304],"rotationMatrix":[1,0,0,0,1,0,0,0,1],"scale":1,"type":"cypress_hedge_3m"}
{"ctxid":0,"pos":[-503.266388,715.660645,304],"rotationMatrix":[1,0,0,0,1,0,0,0,1],"scale":1,"type":"cypress_hedge_3m"}
{"ctxid":0,"pos":[-501.266388,715.660645,304],"rotationMatrix":[1,0,0,0,1,0,0,0,1],"scale":1,"type":"cypress_hedge_3m"}
{"ctxid":0,"pos":[-499.266388,715.660645,304],"rotationMatrix":[1,0,0,0,1,0,0,0,1],"scale":1,"type":"cypress_hedge_3m"}
{"ctxid":0,"pos":[-507.266388,715.660645,304],"rotationMatrix":[1,0,0,0,1,0,0,0,1],"scale":1,"type":"cypress_hedge_3m"}
{"ctxid":0,"pos":[-493.683044,715.614441,304],"rotationMatrix":[1,0,0,0,1,0,0,0,1],"scale":1,"type":"cypress_hedge_3m"}
{"ctxid":0,"pos":[-491.683044,715.614441,304],"rotationMatrix":[1,0,0,0,1,0,0,0,1],"scale":1,"type":"cypress_hedge_3m"}
{"ctxid":0,"pos":[-489.683044,715.614441,304],"rotationMatrix":[1,0,0,0,1,0,0,0,1],"scale":1,"type":"cypress_hedge_3m"}
{"ctxid":0,"pos":[-487.683044,715.614441,304],"rotationMatrix":[1,0,0,0,1,0,0,0,1],"scale":1,"type":"cypress_hedge_3m"}
{"ctxid":0,"pos":[-485.683044,715.614441,304],"rotationMatrix":[1,0,0,0,1,0,0,0,1],"scale":1,"type":"cypress_hedge_3m"}
{"ctxid":0,"pos":[-483.683044,715.614441,304],"rotationMatrix":[1,0,0,0,1,0,0,0,1],"scale":1,"type":"cypress_hedge_3m"}
{"ctxid":0,"pos":[-481.683044,715.614441,304],"rotationMatrix":[1,0,0,0,1,0,0,0,1],"scale":1,"type":"cypress_hedge_3m"}
{"ctxid":0,"pos":[-479.683044,715.614441,304],"rotationMatrix":[1,0,0,0,1,0,0,0,1],"scale":1,"type":"cypress_hedge_3m"}
{"ctxid":0,"pos":[-477.683044,715.614441,304],"rotationMatrix":[1,0,0,0,1,0,0,0,1],"scale":1,"type":"cypress_hedge_3m"}
{"ctxid":0,"pos":[-475.683044,715.614441,304],"rotationMatrix":[1,0,0,0,1,0,0,0,1],"scale":1,"type":"cypress_hedge_3m"}
{"ctxid":0,"pos":[-473.683044,715.614441,304],"rotationMatrix":[1,0,0,0,1,0,0,0,1],"scale":1,"type":"cypress_hedge_3m"}
{"ctxid":0,"pos":[-471.683044,715.614441,304],"rotationMatrix":[1,0,0,0,1,0,0,0,1],"scale":1,"type":"cypress_hedge_3m"}
{"ctxid":0,"pos":[-470.854767,715.685608,303.912109],"rotationMatrix":[1,0,0,0,1,0,0,0,1],"scale":1,"type":"cypress_hedge_3m"}
{"ctxid":0,"pos":[1212.71655,1060.61194,169.049866],"rotationMatrix":[-1.49011594e-08,-0.999917746,0.0128277792,1,-1.48999337e-08,1.91148666e-10,1.11022302e-16,0.0128277792,0.999917746],"scale":1,"type":"cypress_hedge_3m"}
{"ctxid":0,"pos":[1212.71667,1058.61243,169.0755],"rotationMatrix":[-1.49011594e-08,-0.999917746,0.0128277792,1,-1.48999337e-08,1.91148666e-10,1.11022302e-16,0.0128277792,0.999917746],"scale":1,"type":"cypress_hedge_3m"}
{"ctxid":0,"pos":[1212.71655,1056.61255,169.101166],"rotationMatrix":[-1.49011594e-08,-0.999917746,0.0128277792,1,-1.48999337e-08,1.91148666e-10,1.11022302e-16,0.0128277792,0.999917746],"scale":1,"type":"cypress_hedge_3m"}
{"ctxid":0,"pos":[1212.71667,1054.61267,169.126816],"rotationMatrix":[-1.49011594e-08,-0.999917746,0.0128277792,1,-1.48999337e-08,1.91148666e-10,1.11022302e-16,0.0128277792,0.999917746],"scale":1,"type":"cypress_hedge_3m"}
{"ctxid":0,"pos":[1212.7168,1052.61279,169.152466],"rotationMatrix":[-1.49011594e-08,-0.999917746,0.0128277792,1,-1.48999337e-08,1.91148666e-10,1.11022302e-16,0.0128277792,0.999917746],"scale":1,"type":"cypress_hedge_3m"}
{"ctxid":0,"pos":[1212.7168,1048.6134,169.203766],"rotationMatrix":[-1.49011594e-08,-0.999917746,0.0128277792,1,-1.48999337e-08,1.91148666e-10,1.11022302e-16,0.0128277792,0.999917746],"scale":1,"type":"cypress_hedge_3m"}
{"ctxid":0,"pos":[1212.71667,1050.61292,169.178146],"rotationMatrix":[-1.49011594e-08,-0.999917746,0.0128277792,1,-1.48999337e-08,1.91148666e-10,1.11022302e-16,0.0128277792,0.999917746],"scale":1,"type":"cypress_hedge_3m"}
{"ctxid":0,"pos":[1212.34998,1062.4231,168.983032],"rotationMatrix":[0.410274029,-0.911962152,0,0.911962152,0.410274029,0,0,0,1],"scale":1,"type":"cypress_hedge_3m"}
{"ctxid":0,"pos":[1211.29333,1063.97168,168.922928],"rotationMatrix":[0.696785212,-0.717279792,0,0.717279792,0.696785212,0,0,0,1],"scale":1,"type":"cypress_hedge_3m"}
{"ctxid":0,"pos":[1209.76428,1064.61218,168.932465],"rotationMatrix":[1,0,0,0,1,0,0,0,1],"scale":1,"type":"cypress_hedge_3m"}
{"ctxid":0,"pos":[1207.79224,1064.60071,168.885422],"rotationMatrix":[1,0,0,0,1,0,0,0,1],"scale":1,"type":"cypress_hedge_3m"}
{"ctxid":0,"pos":[1205.76172,1064.61353,168.874756],"rotationMatrix":[1,0,0,0,1,0,0,0,1],"scale":1,"type":"cypress_hedge_3m"}
{"ctxid":0,"pos":[1203.86304,1064.41931,168.826584],"rotationMatrix":[0.979055285,0.203593507,0,-0.203593507,0.979055285,0,0,0,1],"scale":1,"type":"cypress_hedge_3m"}
{"ctxid":0,"pos":[1201.90039,1064.03735,168.846313],"rotationMatrix":[0.986665487,0.162761495,0,-0.162761495,0.986665487,0,0,0,1],"scale":1,"type":"cypress_hedge_3m"}
{"ctxid":0,"pos":[751.045227,909.767944,178.878052],"rotationMatrix":[1,0,0,0,1,0,0,0,1],"scale":1,"type":"cypress_hedge_3m"}
{"ctxid":0,"pos":[749.103333,909.752197,178.899109],"rotationMatrix":[1,0,0,0,1,0,0,0,1],"scale":1,"type":"cypress_hedge_3m"}
{"ctxid":0,"pos":[747.146057,909.742615,178.898865],"rotationMatrix":[1,0,0,0,1,0,0,0,1],"scale":1,"type":"cypress_hedge_3m"}
{"ctxid":0,"pos":[745.193054,909.735962,178.900391],"rotationMatrix":[1,0,0,0,1,0,0,0,1],"scale":1,"type":"cypress_hedge_3m"}
{"ctxid":0,"pos":[743.211609,909.708069,178.905884],"rotationMatrix":[1,0,0,0,1,0,0,0,1],"scale":1,"type":"cypress_hedge_3m"}
{"ctxid":0,"pos":[741.230042,909.719604,178.920044],"rotationMatrix":[1,0,0,0,1,0,0,0,1],"scale":1,"type":"cypress_hedge_3m"}
{"ctxid":0,"pos":[1130.89258,-452.728027,140.362488],"rotationMatrix":[1,0,0,0,1,0,0,0,1],"scale":1,"type":"cypress_hedge_3m"}
{"ctxid":0,"pos":[1132.85437,-452.774902,140.352966],"rotationMatrix":[1,0,0,0,1,0,0,0,1],"scale":1,"type":"cypress_hedge_3m"}
{"ctxid":0,"pos":[1134.83936,-452.760956,140.332397],"rotationMatrix":[1,0,0,0,1,0,0,0,1],"scale":1,"type":"cypress_hedge_3m"}
{"ctxid":0,"pos":[228.143036,-920.258728,253.112564],"rotationMatrix":[0.899122417,-0.437696189,0,0.437696189,0.899122417,0,0,0,1],"scale":1,"type":"cypress_hedge_3m"}
{"ctxid":0,"pos":[230.037888,-921.074829,252.920898],"rotationMatrix":[0.903736591,-0.428089112,0,0.428089112,0.903736591,0,0,0,1],"scale":1,"type":"cypress_hedge_3m"}
{"ctxid":0,"pos":[231.940903,-921.921326,252.760315],"rotationMatrix":[0.922844768,-0.385171503,0,0.385171503,0.922844768,0,0,0,1],"scale":1,"type":"cypress_hedge_3m"}
{"ctxid":0,"pos":[208.865051,-920.132446,255.955994],"rotationMatrix":[0.920718312,0.390228003,0,-0.390228003,0.920718312,0,0,0,1],"scale":1,"type":"cypress_hedge_3m"}
{"ctxid":0,"pos":[210.342102,-919.853943,255.955994],"rotationMatrix":[1,0,0,0,1,0,0,0,1],"scale":1,"type":"cypress_hedge_3m"}
{"ctxid":0,"pos":[240.396164,-917.333557,250.533127],"rotationMatrix":[1,0,0,0,1,0,0,0,1],"scale":1,"type":"cypress_hedge_3m"}
{"ctxid":0,"pos":[241.090378,-918.603821,250.582077],"rotationMatrix":[-0.172791302,-0.98495847,0,0.98495847,-0.172791302,0,0,0,1],"scale":1,"type":"cypress_hedge_3m"}
{"ctxid":0,"pos":[221.321609,-979.264099,265.658813],"rotationMatrix":[0.365452379,-0.930830121,0,0.930830121,0.365452379,0,0,0,1],"scale":1,"type":"cypress_hedge_3m"}
{"ctxid":0,"pos":[261.584503,-899.093994,247.736694],"rotationMatrix":[0.955660045,0.294472754,0,-0.294472754,0.955660045,0,0,0,1],"scale":1,"type":"cypress_hedge_3m"}
{"ctxid":0,"pos":[259.875763,-899.643005,247.736694],"rotationMatrix":[0.963824451,0.266538441,0,-0.266538441,0.963824451,0,0,0,1],"scale":1,"type":"cypress_hedge_3m"}
{"ctxid":0,"pos":[259.076416,-901.18042,247.736694],"rotationMatrix":[0.00284652784,0.999995828,0,-0.999995828,0.00284652784,0,0,0,1],"scale":1,"type":"cypress_hedge_3m"}
{"ctxid":0,"pos":[259.038635,-903.292664,247.736694],"rotationMatrix":[0.119662181,0.992814839,0,-0.992814839,0.119662181,0,0,0,1],"scale":1,"type":"cypress_hedge_3m"}
{"ctxid":0,"pos":[268.099091,-897.251465,247.736694],"rotationMatrix":[0.930039883,0.367458612,0,-0.367458612,0.930039883,0,0,0,1],"scale":1,"type":"cypress_hedge_3m"}
{"ctxid":0,"pos":[266.186951,-897.972473,247.736694],"rotationMatrix":[0.93885541,0.344311327,0,-0.344311327,0.93885541,0,0,0,1],"scale":1,"type":"cypress_hedge_3m"}
{"ctxid":0,"pos":[238.279541,-987.566589,272.24939],"rotationMatrix":[0.406682372,0.913569689,0,-0.913569689,0.406682372,0,0,0,1],"scale":1,"type":"cypress_hedge_3m"}
{"ctxid":0,"pos":[239.0634,-985.693542,272.211395],"rotationMatrix":[0.319207191,0.947684884,0,-0.947684884,0.319207191,0,0,0,1],"scale":1,"type":"cypress_hedge_3m"}
{"ctxid":0,"pos":[239.606888,-983.741394,272.267029],"rotationMatrix":[0.0725828111,0.997362316,0,-0.997362316,0.0725828111,0,0,0,1],"scale":1,"type":"cypress_hedge_3m"}
{"ctxid":0,"pos":[239.717285,-982.118713,272.290009],"rotationMatrix":[0.0421417989,0.999111593,0,-0.999111593,0.0421417989,0,0,0,1],"scale":1,"type":"cypress_hedge_3m"}
{"ctxid":0,"pos":[237.562622,-988.895081,272.219421],"rotationMatrix":[0.5461272,0.837702394,0,-0.837702394,0.5461272,0,0,0,1],"scale":1,"type":"cypress_hedge_3m"}
{"ctxid":0,"pos":[708.453003,457.431427,176.572845],"rotationMatrix":[0.751585782,-0.659634948,0,0.659634948,0.751585782,0,0,0,1],"scale":1,"type":"cypress_hedge_3m"}
{"ctxid":0,"pos":[706.966309,458.754944,176.601471],"rotationMatrix":[0.734906912,-0.678167522,0,0.678167522,0.734906912,0,0,0,1],"scale":1,"type":"cypress_hedge_3m"}
{"ctxid":0,"pos":[711.342468,454.726868,176.542755],"rotationMatrix":[-0.766269088,0.64252001,0,-0.64252001,-0.766269088,0,0,0,1],"scale":1,"type":"cypress_hedge_3m"}
{"ctxid":0,"pos":[709.856628,456.100342,176.566132],"rotationMatrix":[0.721411645,-0.692506433,0,0.692506433,0.721411645,0,0,0,1],"scale":1,"type":"cypress_hedge_3m"}
{"ctxid":0,"pos":[712.856628,453.404999,176.472137],"rotationMatrix":[0.742292941,-0.670075655,0,0.670075655,0.742292941,0,0,0,1],"scale":1,"type":"cypress_hedge_3m"}
{"ctxid":0,"pos":[714.286926,452.077271,176.470886],"rotationMatrix":[-0.722787142,0.691070974,0,-0.691070974,-0.722787142,0,0,0,1],"scale":1,"type":"cypress_hedge_3m"}
{"ctxid":0,"pos":[715.753906,450.73999,176.460861],"rotationMatrix":[0.748290598,-0.663371205,0,0.663371205,0.748290598,0,0,0,1],"scale":1,"type":"cypress_hedge_3m"}
{"ctxid":0,"pos":[717.185913,449.417267,176.534744],"rotationMatrix":[-0.714504957,0.699630439,0,-0.699630439,-0.714504957,0,0,0,1],"scale":1,"type":"cypress_hedge_3m"}
{"ctxid":0,"pos":[718.645386,448.062195,176.577057],"rotationMatrix":[0.722042143,-0.691848755,0,0.691848755,0.722042143,0,0,0,1],"scale":1,"type":"cypress_hedge_3m"}
{"ctxid":0,"pos":[720.076172,446.692047,176.651672],"rotationMatrix":[-0.719601214,0.694387794,0,-0.694387794,-0.719601214,0,0,0,1],"scale":1,"type":"cypress_hedge_3m"}
{"ctxid":0,"pos":[721.549805,445.371246,176.688202],"rotationMatrix":[0.71518153,-0.698939025,0,0.698939025,0.71518153,0,0,0,1],"scale":1,"type":"cypress_hedge_3m"}
{"ctxid":0,"pos":[722.999939,444.02533,176.71846],"rotationMatrix":[-0.739023864,0.673679292,0,-0.673679292,-0.739023864,0,0,0,1],"scale":1,"type":"cypress_hedge_3m"}
{"ctxid":0,"pos":[724.452942,442.679016,176.794678],"rotationMatrix":[0.702791929,-0.71022594,0.0407723375,0.710817099,0.703376889,0,-0.0286783166,0.0289816745,0.999168456],"scale":1,"type":"cypress_hedge_3m"}
{"ctxid":0,"pos":[725.845032,441.320007,177.001465],"rotationMatrix":[0.668470263,-0.743738949,0,0.743738949,0.668470263,0,0,0,1],"scale":1,"type":"cypress_hedge_3m"}
{"ctxid":0,"pos":[726.735413,440.444061,177.029526],"rotationMatrix":[0.711340249,-0.702848077,0,0.702848077,0.711340249,0,0,0,1],"scale":1,"type":"cypress_hedge_3m"}
{"ctxid":0,"pos":[-778.072571,-1358.28943,141.982468],"rotationMatrix":[0.496749789,-0.867893875,0,0.867893875,0.496749789,0,0,0,1],"scale":1,"type":"cypress_hedge_3m"}
{"ctxid":0,"pos":[-803.786377,-1364.26758,142.176025],"rotationMatrix":[-0.707659304,0.70655334,0,-0.70655334,-0.707659304,0,0,0,1],"scale":1,"type":"cypress_hedge_3m"}
{"ctxid":0,"pos":[-802.624634,-1365.76562,142.195282],"rotationMatrix":[0.497364998,-0.867541432,0,0.867541432,0.497364998,0,0,0,1],"scale":1,"type":"cypress_hedge_3m"}
{"ctxid":0,"pos":[-801.722839,-1367.46948,142.23233],"rotationMatrix":[0.4483096,-0.893878162,0,0.893878162,0.4483096,0,0,0,1],"scale":1,"type":"cypress_hedge_3m"}
{"ctxid":0,"pos":[149.756317,1371.53149,187.02121],"rotationMatrix":[0.704437494,-0.709766567,0,0.709766567,0.704437494,0,0,0,1],"scale":1,"type":"cypress_hedge_3m"}
{"ctxid":0,"pos":[150.961975,1371.89929,187.021759],"rotationMatrix":[0.612372756,0.790569723,0,-0.790569723,0.612372756,0,0,0,1],"scale":1,"type":"cypress_hedge_3m"}
{"ctxid":0,"pos":[148.332458,1372.93762,187.023865],"rotationMatrix":[0.708804488,-0.705405533,0,0.705405533,0.708804488,0,0,0,1],"scale":1,"type":"cypress_hedge_3m"}
{"ctxid":0,"pos":[146.892639,1374.3374,187.027466],"rotationMatrix":[0.707872689,-0.706339836,0,0.706339836,0.707872689,0,0,0,1],"scale":1,"type":"cypress_hedge_3m"}
{"ctxid":0,"pos":[145.577591,1375.67175,187.020874],"rotationMatrix":[0.697814643,-0.716278613,0,0.716278613,0.697814643,0,0,0,1],"scale":1,"type":"cypress_hedge_3m"}
{"ctxid":0,"pos":[145.894989,1377.07654,187.019989],"rotationMatrix":[0.709217608,0.704989851,0,-0.704989851,0.709217608,0,0,0,1],"scale":1,"type":"cypress_hedge_3m"}
{"ctxid":0,"pos":[147.274704,1378.34509,187.020874],"rotationMatrix":[0.718796968,0.695220053,0,-0.695220053,0.718796968,0,0,0,1],"scale":1,"type":"cypress_hedge_3m"}
{"ctxid":0,"pos":[146.697281,1379.46497,187.028503],"rotationMatrix":[0.697518766,-0.716566622,0,0.716566622,0.697518766,0,0,0,1],"scale":1,"type":"cypress_hedge_3m"}
{"ctxid":0,"pos":[145.397705,1380.79932,187.020874],"rotationMatrix":[0.708968639,-0.705239713,0,0.705239713,0.708968639,0,0,0,1],"scale":1,"type":"cypress_hedge_3m"}
{"ctxid":0,"pos":[144.272308,1381.97974,187.020874],"rotationMatrix":[0.714880109,-0.699247658,0,0.699247658,0.714880109,0,0,0,1],"scale":1,"type":"cypress_hedge_3m"}
{"ctxid":0,"pos":[137.004837,1389.2533,187.023712],"rotationMatrix":[0.71887511,-0.695139229,0,0.695139229,0.71887511,0,0,0,1],"scale":1,"type":"cypress_hedge_3m"}
{"ctxid":0,"pos":[135.575317,1390.64746,187.021545],"rotationMatrix":[0.709150612,-0.705057085,0,0.705057085,0.709150612,0,0,0,1],"scale":1,"type":"cypress_hedge_3m"}
{"ctxid":0,"pos":[134.182251,1392.03467,187.020874],"rotationMatrix":[0.709947586,-0.704254925,0,0.704254925,0.709947586,0,0,0,1],"scale":1,"type":"cypress_hedge_3m"}
{"ctxid":0,"pos":[132.845108,1391.70813,187.020874],"rotationMatrix":[0.687036157,0.72662276,0,-0.72662276,0.687036157,0,0,0,1],"scale":1,"type":"cypress_hedge_3m"}
{"ctxid":0,"pos":[131.763351,1390.55969,187.026184],"rotationMatrix":[0.717539966,0.696517348,0,-0.696517348,0.717539966,0,0,0,1],"scale":1,"type":"cypress_hedge_3m"}
{"ctxid":0,"pos":[130.342789,1390.93787,187.020447],"rotationMatrix":[0.692420363,-0.721494555,0,0.721494555,0.692420363,0,0,0,1],"scale":1,"type":"cypress_hedge_3m"}
{"ctxid":0,"pos":[128.954102,1392.3302,187.016174],"rotationMatrix":[0.712857366,-0.701309144,0,0.701309144,0.712857366,0,0,0,1],"scale":1,"type":"cypress_hedge_3m"}
{"ctxid":0,"pos":[127.546524,1393.75854,187.020874],"rotationMatrix":[0.696107328,-0.71793735,0,0.71793735,0.696107328,0,0,0,1],"scale":1,"type":"cypress_hedge_3m"}
{"ctxid":0,"pos":[126.134171,1395.17078,187.018707],"rotationMatrix":[0.70842737,-0.705783784,0,0.705783784,0.70842737,0,0,0,1],"scale":1,"type":"cypress_hedge_3m"}
{"ctxid":0,"pos":[125.782249,1396.59033,187.016907],"rotationMatrix":[0.709211588,0.704995632,0,-0.704995632,0.709211588,0,0,0,1],"scale":1,"type":"cypress_hedge_3m"}
{"ctxid":0,"pos":[127.204163,1397.9718,187.027252],"rotationMatrix":[0.712117672,0.702060282,0,-0.702060282,0.712117672,0,0,0,1],"scale":1,"type":"cypress_hedge_3m"}
{"ctxid":0,"pos":[128.607208,1399.39624,187.022827],"rotationMatrix":[0.701826215,0.712348163,0,-0.712348163,0.701826215,0,0,0,1],"scale":1,"type":"cypress_hedge_3m"}
{"ctxid":0,"pos":[130.0233,1400.8042,187.017761],"rotationMatrix":[0.720356405,0.693603873,0,-0.693603873,0.720356405,0,0,0,1],"scale":1,"type":"cypress_hedge_3m"}
{"ctxid":0,"pos":[131.39946,1402.21375,187.020874],"rotationMatrix":[0.696617901,0.717442036,0,-0.717442036,0.696617901,0,0,0,1],"scale":1,"type":"cypress_hedge_3m"}
{"ctxid":0,"pos":[132.799301,1403.63794,187.028015],"rotationMatrix":[0.69964534,0.714490414,0,-0.714490414,0.69964534,0,0,0,1],"scale":1,"type":"cypress_hedge_3m"}
{"ctxid":0,"pos":[134.190445,1405.07007,187.028503],"rotationMatrix":[0.685208797,0.728347003,0,-0.728347003,0.685208797,0,0,0,1],"scale":1,"type":"cypress_hedge_3m"}
{"ctxid":0,"pos":[135.566132,1406.46545,187.027008],"rotationMatrix":[0.697405457,0.716676891,0,-0.716676891,0.697405457,0,0,0,1],"scale":1,"type":"cypress_hedge_3m"}
{"ctxid":0,"pos":[147.802597,1419.02515,187.020874],"rotationMatrix":[0.696749151,-0.717314482,0,0.717314482,0.696749151,0,0,0,1],"scale":1,"type":"cypress_hedge_3m"}
{"ctxid":0,"pos":[146.424332,1420.43066,187.020874],"rotationMatrix":[0.696811974,-0.717253983,0,0.717253983,0.696811974,0,0,0,1],"scale":1,"type":"cypress_hedge_3m"}
{"ctxid":0,"pos":[146.127319,1421.72864,187.020874],"rotationMatrix":[0.709472418,0.70473361,0,-0.70473361,0.709472418,0,0,0,1],"scale":1,"type":"cypress_hedge_3m"}
{"ctxid":0,"pos":[147.371475,1422.95825,187.028503],"rotationMatrix":[0.731965125,0.681342185,0,-0.681342185,0.731965125,0,0,0,1],"scale":1,"type":"cypress_hedge_3m"}
{"ctxid":0,"pos":[150.255234,1429.04834,187.020401],"rotationMatrix":[0.689133227,0.724634647,0,-0.724634647,0.689133227,0,0,0,1],"scale":1,"type":"cypress_hedge_3m"}
{"ctxid":0,"pos":[150.608276,1427.63757,187.020874],"rotationMatrix":[0.708140254,-0.706071436,0,0.706071436,0.708140254,0,0,0,1],"scale":1,"type":"cypress_hedge_3m"}
{"ctxid":0,"pos":[161.137497,1381.94775,187.028137],"rotationMatrix":[0.728238881,0.685322821,0,-0.685322821,0.728238881,0,0,0,1],"scale":1,"type":"cypress_hedge_3m"}
{"ctxid":0,"pos":[160.120926,1382.87512,187.023285],"rotationMatrix":[0.741727591,0.670701504,0,-0.670701504,0.741727591,0,0,0,1],"scale":1,"type":"cypress_hedge_3m"}
{"ctxid":0,"pos":[161.277069,1382.89734,187.231659],"rotationMatrix":[0.739993036,-0.672614753,0,0.672614753,0.739993036,0,0,0,1],"scale":0.85786134,"type":"cypress_hedge_3m"}
{"ctxid":0,"pos":[157.556763,1385.44751,187.02298],"rotationMatrix":[0.741774678,0.670649171,0,-0.670649171,0.741774678,0,0,0,1],"scale":1,"type":"cypress_hedge_3m"}
{"ctxid":0,"pos":[157.285553,1386.73877,187.022919],"rotationMatrix":[0.715452611,-0.698661268,0,0.698661268,0.715452611,0,0,0,1],"scale":1,"type":"cypress_hedge_3m"}
{"ctxid":0,"pos":[155.92688,1387.07935,187.028503],"rotationMatrix":[0.714244306,0.699896574,0,-0.699896574,0.714244306,0,0,0,1],"scale":1,"type":"cypress_hedge_3m"}
{"ctxid":0,"pos":[154.581039,1385.62524,187.024994],"rotationMatrix":[0.667666674,0.744460523,0,-0.744460523,0.667666674,0,0,0,1],"scale":1,"type":"cypress_hedge_3m"}
{"ctxid":0,"pos":[153.22847,1385.85681,187.013397],"rotationMatrix":[0.710243881,-0.70395565,0,0.70395565,0.710243881,0,0,0,1],"scale":1,"type":"cypress_hedge_3m"}
{"ctxid":0,"pos":[151.832535,1387.25415,187.024048],"rotationMatrix":[0.71059823,-0.703598261,0,0.703598261,0.71059823,0,0,0,1],"scale":1,"type":"cypress_hedge_3m"}
{"ctxid":0,"pos":[150.708191,1388.38074,187.013245],"rotationMatrix":[0.719633162,-0.694354713,0,0.694354713,0.719633162,0,0,0,1],"scale":1,"type":"cypress_hedge_3m"}
{"ctxid":0,"pos":[143.418533,1395.71411,187.015533],"rotationMatrix":[0.697383344,-0.716698706,0,0.716698706,0.697383344,0,0,0,1],"scale":1,"type":"cypress_hedge_3m"}
{"ctxid":0,"pos":[142.034958,1397.10901,187.021332],"rotationMatrix":[0.71986407,-0.694114804,0,0.694114804,0.71986407,0,0,0,1],"scale":1,"type":"cypress_hedge_3m"}
{"ctxid":0,"pos":[140.606277,1398.49915,187.025299],"rotationMatrix":[0.730881214,-0.682504594,0,0.682504594,0.730881214,0,0,0,1],"scale":1,"type":"cypress_hedge_3m"}
{"ctxid":0,"pos":[140.953384,1399.81372,187.013245],"rotationMatrix":[0.736392856,0.676553845,0,-0.676553845,0.736392856,0,0,0,1],"scale":1,"type":"cypress_hedge_3m"}
{"ctxid":0,"pos":[142.377365,1401.177,187.019562],"rotationMatrix":[0.704635739,0.709568977,0,-0.709568977,0.704635739,0,0,0,1],"scale":1,"type":"cypress_hedge_3m"}
{"ctxid":0,"pos":[143.736313,1402.58081,187.017242],"rotationMatrix":[0.689350069,0.724428535,0,-0.724428535,0.689350069,0,0,0,1],"scale":1,"type":"cypress_hedge_3m"}
{"ctxid":0,"pos":[144.416809,1403.29675,187.005951],"rotationMatrix":[-0.735953689,-0.677031815,0,0.677031815,-0.735953689,0,0,0,1],"scale":1,"type":"cypress_hedge_3m"}
{"ctxid":0,"pos":[151.82608,1410.61475,187.015945],"rotationMatrix":[0.712082624,0.702096522,0,-0.702096522,0.712082624,0,0,0,1],"scale":1,"type":"cypress_hedge_3m"}
{"ctxid":0,"pos":[153.237396,1412.06323,187.0224],"rotationMatrix":[0.692075133,0.7218256,0,-0.7218256,0.692075133,0,0,0,1],"scale":1,"type":"cypress_hedge_3m"}
{"ctxid":0,"pos":[154.671844,1412.47522,187.023743],"rotationMatrix":[0.733683586,-0.679490864,0,0.679490864,0.733683586,0,0,0,1],"scale":1,"type":"cypress_hedge_3m"}
{"ctxid":0,"pos":[156.128998,1411.09998,187.020752],"rotationMatrix":[0.696754754,-0.7173087,0,0.7173087,0.696754754,0,0,0,1],"scale":1,"type":"cypress_hedge_3m"}
{"ctxid":0,"pos":[157.551285,1409.73645,187.024628],"rotationMatrix":[0.710254729,-0.703944564,0,0.703944564,0.710254729,0,0,0,1],"scale":1,"type":"cypress_hedge_3m"}
{"ctxid":0,"pos":[158.961868,1410.06897,187.040009],"rotationMatrix":[0.719224632,0.69477731,0,-0.69477731,0.719224632,0,0,0,1],"scale":1,"type":"cypress_hedge_3m"}
{"ctxid":0,"pos":[151.502289,1428.60144,187.028503],"rotationMatrix":[0.703873932,-0.710325718,0,0.710325718,0.703873932,0,0,0,1],"scale":1,"type":"cypress_hedge_3m"}
{"ctxid":0,"pos":[198.87674,-964.059448,268.310089],"rotationMatrix":[0.791798472,-0.610782087,0,0.610782087,0.791798472,0,0,0,0.999999762],"scale":1,"type":"cypress_hedge_3m"}
{"ctxid":0,"pos":[199.344589,-964.753845,268.310089],"rotationMatrix":[0.682944298,0.730470002,0,-0.730470002,0.682944298,0,0,0,0.999999642],"scale":1,"type":"cypress_hedge_3m"}
{"ctxid":0,"pos":[207.265488,-773.71991,268.501221],"rotationMatrix":[0.420029849,-0.907510102,0,0.907510102,0.420029849,0,0,0,0.999999762],"scale":0.739013672,"type":"cypress_hedge_3m"}
