{"ctxid":0,"pos":[-44.9487991,-190.529007,193.585007],"rotationMatrix":[-0.988416791,0.151763782,0,-0.151763782,-0.988416791,0,0,0,1],"scale":0.706499994,"type":"generibush"}
{"ctxid":0,"pos":[-70.7902985,-198.854004,197.572998],"rotationMatrix":[0.661664605,-0.749799967,0,0.749799967,0.661664605,0,0,0,1],"scale":1.13989997,"type":"generibush"}
{"ctxid":0,"pos":[-60.1357002,-183.714996,197.947006],"rotationMatrix":[0.987675428,0.156515971,0,-0.156515971,0.987675428,0,0,0,1],"scale":1.09720004,"type":"generibush"}
{"ctxid":0,"pos":[-63.7282982,-176.373001,200.244995],"rotationMatrix":[-0.645298004,-0.763930917,0,0.763930917,-0.645298004,0,0,0,1],"scale":1.07969999,"type":"generibush"}
{"ctxid":0,"pos":[-63.9618988,-196.507004,196.311996],"rotationMatrix":[-0.989214659,-0.146473065,0,0.146473065,-0.989214659,0,0,0,1],"scale":1.10839999,"type":"generibush"}
{"ctxid":0,"pos":[-123.365997,-256.980011,200.927994],"rotationMatrix":[0.72900486,0.684508502,0,-0.684508502,0.72900486,0,0,0,1],"scale":0.739300013,"type":"generibush"}
{"ctxid":0,"pos":[-571.794006,-4.51929998,193.384003],"rotationMatrix":[0.518230677,-0.855240881,0,0.855240881,0.518230677,0,0,0,1],"scale":1.14110005,"type":"generibush"}
{"ctxid":0,"pos":[-577.633972,-12.8011999,194.25],"rotationMatrix":[-0.713470697,0.700685084,0,-0.700685084,-0.713470697,0,0,0,1],"scale":0.98360002,"type":"generibush"}
{"ctxid":0,"pos":[-587.627014,-20.6846008,193.623001],"rotationMatrix":[0.810764551,0.585372388,0,-0.585372388,0.810764551,0,0,0,1],"scale":0.783200026,"type":"generibush"}
{"ctxid":0,"pos":[-594.479004,-30.2101994,193.938004],"rotationMatrix":[-0.565388203,-0.824824929,0,0.824824929,-0.565388203,0,0,0,1],"scale":0.716000021,"type":"generibush"}
{"ctxid":0,"pos":[-602.559998,-38.9118996,193.725006],"rotationMatrix":[0.993085146,-0.11739631,0,0.11739631,0.993085146,0,0,0,1],"scale":0.707799971,"type":"generibush"}
{"ctxid":0,"pos":[-606.505981,-44.1463013,193.556],"rotationMatrix":[-0.645660877,-0.763624251,0,0.763624251,-0.645660877,0,0,0,1],"scale":0.982500017,"type":"generibush"}
{"ctxid":0,"pos":[-607.124023,-50.8661995,194.679001],"rotationMatrix":[-0.455217957,-0.890380025,0,0.890380025,-0.455217957,0,0,0,1],"scale":1.14119995,"type":"generibush"}
{"ctxid":0,"pos":[-585.054016,-46.7981987,195.026001],"rotationMatrix":[-0.537556529,-0.843227684,0,0.843227684,-0.537556529,0,0,0,1],"scale":0.937900007,"type":"generibush"}
{"ctxid":0,"pos":[-581.202026,-43.3857994,194.839996],"rotationMatrix":[0.0599052906,-0.998204052,0,0.998204052,0.0599052906,0,0,0,1],"scale":1.12049997,"type":"generibush"}
{"ctxid":0,"pos":[-570.70697,-34.4830017,194.931],"rotationMatrix":[-0.986423016,0.164224342,0,-0.164224342,-0.986423016,0,0,0,1],"scale":0.712199986,"type":"generibush"}
{"ctxid":0,"pos":[-569.52301,-37.2274017,195.419006],"rotationMatrix":[0.667398334,-0.744700909,0,0.744700909,0.667398334,0,0,0,1],"scale":0.815199971,"type":"generibush"}
{"ctxid":0,"pos":[-579.69397,-46.3250999,195.354004],"rotationMatrix":[-0.0136032104,0.999907494,0,-0.999907494,-0.0136032104,0,0,0,1],"scale":1.08070004,"type":"generibush"}
{"ctxid":0,"pos":[-553.929016,-28.5175991,196.041],"rotationMatrix":[0.755559683,0.655079842,0,-0.655079842,0.755559683,0,0,0,1],"scale":0.734700024,"type":"generibush"}
{"ctxid":0,"pos":[-555.106995,-6.16109991,194.264008],"rotationMatrix":[-0.458631873,0.888626337,0,-0.888626337,-0.458631873,0,0,0,1],"scale":0.97299999,"type":"generibush"}
{"ctxid":0,"pos":[-586.906982,-75.5728989,200.164993],"rotationMatrix":[-0.769456625,0.638699055,0,-0.638699055,-0.769456625,0,0,0,1],"scale":0.972800016,"type":"generibush"}
{"ctxid":0,"pos":[-585.742981,-76.9702988,201.044998],"rotationMatrix":[-0.850118399,-0.526591599,0,0.526591599,-0.850118399,0,0,0,1],"scale":0.703400016,"type":"generibush"}
{"ctxid":0,"pos":[-597.315002,-96.0624008,204.531998],"rotationMatrix":[0.854092002,-0.520121932,0,0.520121932,0.854092002,0,0,0,1],"scale":0.901000023,"type":"generibush"}
{"ctxid":0,"pos":[-604.176025,-103.066002,204.695007],"rotationMatrix":[0.598592043,0.80105406,0,-0.80105406,0.598592043,0,0,0,1],"scale":0.914499998,"type":"generibush"}
{"ctxid":0,"pos":[-610.666992,-113.066002,206.606995],"rotationMatrix":[-0.814512491,0.580146015,0,-0.580146015,-0.814512491,0,0,0,1],"scale":0.929799974,"type":"generibush"}
{"ctxid":0,"pos":[-616.63501,-117.858002,206.862],"rotationMatrix":[-0.932184935,0.361982375,0,-0.361982375,-0.932184935,0,0,0,1],"scale":0.779500008,"type":"generibush"}
{"ctxid":0,"pos":[-623.947998,-128.947998,207.929001],"rotationMatrix":[0.482448578,-0.875924289,0,0.875924289,0.482448578,0,0,0,1],"scale":0.913399994,"type":"generibush"}
{"ctxid":0,"pos":[-629.953979,-136.238998,208.865005],"rotationMatrix":[-0.270736814,0.962653399,0,-0.962653399,-0.270736814,0,0,0,1],"scale":0.934899986,"type":"generibush"}
{"ctxid":0,"pos":[-631.909973,-139.960007,209.307007],"rotationMatrix":[0.101127625,0.994873464,0,-0.994873464,0.101127625,0,0,0,1],"scale":0.729499996,"type":"generibush"}
{"ctxid":0,"pos":[-614.138,-157.167007,216.393997],"rotationMatrix":[-0.819850326,-0.572577894,0,0.572577894,-0.819850326,0,0,0,1],"scale":0.701600015,"type":"generibush"}
{"ctxid":0,"pos":[-608.54303,-201.787003,227.356995],"rotationMatrix":[0.087669611,-0.9961496,0,0.9961496,0.087669611,0,0,0,1],"scale":1.10440004,"type":"generibush"}
{"ctxid":0,"pos":[-608.463989,-214.283997,230.253998],"rotationMatrix":[-0.571409822,-0.820664883,0,0.820664883,-0.571409822,0,0,0,1],"scale":0.835699975,"type":"generibush"}
{"ctxid":0,"pos":[-656.674011,-149.401993,207.796997],"rotationMatrix":[0.794559479,-0.607186317,0,0.607186317,0.794559479,0,0,0,1],"scale":0.721199989,"type":"generibush"}
{"ctxid":0,"pos":[-654.656006,-149.602997,207.878998],"rotationMatrix":[-0.302497983,0.953150034,0,-0.953150034,-0.302497983,0,0,0,1],"scale":0.731599987,"type":"generibush"}
{"ctxid":0,"pos":[-693.916016,-164.828995,207.345001],"rotationMatrix":[0.750499487,-0.660871029,0,0.660871029,0.750499487,0,0,0,1],"scale":1.12670004,"type":"generibush"}
{"ctxid":0,"pos":[-700.317017,-166.585007,207.253006],"rotationMatrix":[-0.775858641,0.630906761,0,-0.630906761,-0.775858641,0,0,0,1],"scale":0.778900027,"type":"generibush"}
{"ctxid":0,"pos":[-714.541016,-173.813004,208.315994],"rotationMatrix":[-0.154895902,-0.987930775,0,0.987930775,-0.154895902,0,0,0,1],"scale":0.981700003,"type":"generibush"}
{"ctxid":0,"pos":[-714.893982,-177.330994,209.559006],"rotationMatrix":[-0.992407203,0.122995704,0,-0.122995704,-0.992407203,0,0,0,1],"scale":0.7597,"type":"generibush"}
{"ctxid":0,"pos":[-714.844971,-184.115005,211.343994],"rotationMatrix":[-0.911403418,-0.411514044,0,0.411514044,-0.911403418,0,0,0,1],"scale":1,"type":"generibush"}
{"ctxid":0,"pos":[-713.487976,-192.466003,213.557999],"rotationMatrix":[0.996387482,-0.0849234164,0,0.0849234164,0.996387482,0,0,0,1],"scale":1.15509999,"type":"generibush"}
{"ctxid":0,"pos":[-714.900024,-199.011993,215.266006],"rotationMatrix":[0.775147796,0.631779969,0,-0.631779969,0.775147796,0,0,0,1],"scale":0.753799975,"type":"generibush"}
{"ctxid":0,"pos":[-715.249023,-206.126007,217.690002],"rotationMatrix":[-0.260554433,0.965459168,0,-0.965459168,-0.260554433,0,0,0,1],"scale":1.17130005,"type":"generibush"}
{"ctxid":0,"pos":[-713.622986,-209.416,219.113998],"rotationMatrix":[-0.218672752,-0.975798249,0,0.975798249,-0.218672752,0,0,0,1],"scale":1.03840005,"type":"generibush"}
{"ctxid":0,"pos":[-575.531006,-29.3985996,194.985001],"rotationMatrix":[0.139852762,-0.990172327,0,0.990172327,0.139852762,0,0,0,1],"scale":1.1925,"type":"generibush"}
{"ctxid":0,"pos":[-582.771973,-39.1646996,194.837997],"rotationMatrix":[-0.252311349,-0.967646122,0,0.967646122,-0.252311349,0,0,0,1],"scale":1.09420002,"type":"generibush"}
{"ctxid":0,"pos":[-585.310974,-40.6548996,195.106995],"rotationMatrix":[-0.818324447,-0.574756563,0,0.574756563,-0.818324447,0,0,0,1],"scale":0.828000009,"type":"generibush"}
{"ctxid":0,"pos":[-24.8833008,-1926.43005,145.712006],"rotationMatrix":[-0.803100586,0.595843494,0,-0.595843494,-0.803100586,0,0,0,1],"scale":0.740700006,"type":"generibush"}
{"ctxid":0,"pos":[-31.7394009,-1928.48999,142.753998],"rotationMatrix":[-0.0175937414,-0.999845207,0,0.999845207,-0.0175937414,0,0,0,1],"scale":1.18260002,"type":"generibush"}
{"ctxid":0,"pos":[-34.1039009,-1931.14001,140.761993],"rotationMatrix":[0.953609467,0.301046491,0,-0.301046491,0.953609467,0,0,0,1],"scale":1.08440006,"type":"generibush"}
{"ctxid":0,"pos":[-47.1307983,-1928.73999,140.011002],"rotationMatrix":[0.129855633,0.991532922,0,-0.991532922,0.129855633,0,0,0,1],"scale":0.716700017,"type":"generibush"}
{"ctxid":0,"pos":[-43.3074989,-1931.18994,139.389008],"rotationMatrix":[-0.336285472,0.941760123,0,-0.941760123,-0.336285472,0,0,0,1],"scale":0.897199988,"type":"generibush"}
{"ctxid":0,"pos":[-108.718002,-1886.87,155.164993],"rotationMatrix":[0.0694792271,0.997583389,0,-0.997583389,0.0694792271,0,0,0,1],"scale":1.18550003,"type":"generibush"}
{"ctxid":0,"pos":[-340.921997,-1720.57996,154.358002],"rotationMatrix":[-0.649291277,-0.76053983,0,0.76053983,-0.649291277,0,0,0,1],"scale":0.87620002,"type":"generibush"}
{"ctxid":0,"pos":[-343.235992,-1710.16003,153.919006],"rotationMatrix":[-0.519721746,-0.854335606,0,0.854335606,-0.519721746,0,0,0,1],"scale":1.04429996,"type":"generibush"}
{"ctxid":0,"pos":[-347.020996,-1906.80005,159.694],"rotationMatrix":[0.948029041,0.31818381,0,-0.31818381,0.948029041,0,0,0,1],"scale":0.84920001,"type":"generibush"}
{"ctxid":0,"pos":[-342.265991,-1901.81995,160.248001],"rotationMatrix":[0.756397963,-0.654111683,0,0.654111683,0.756397963,0,0,0,1],"scale":0.751999974,"type":"generibush"}
{"ctxid":0,"pos":[-1105.71997,-1534.08997,163.875],"rotationMatrix":[-0.862449884,-0.506142437,0,0.506142437,-0.862449884,0,0,0,1],"scale":1.10080004,"type":"generibush"}
{"ctxid":0,"pos":[-1085.81006,-1551.33997,162.839996],"rotationMatrix":[-0.121702433,-0.992566645,0,0.992566645,-0.121702433,0,0,0,1],"scale":1.04690003,"type":"generibush"}
{"ctxid":0,"pos":[-1111.56995,-1529.52002,164.720001],"rotationMatrix":[-0.656563997,-0.754270315,0,0.754270315,-0.656563997,0,0,0,1],"scale":0.863300025,"type":"generibush"}
{"ctxid":0,"pos":[-1114.22998,-1527.55005,164.882004],"rotationMatrix":[0.847868681,0.530206263,0,-0.530206263,0.847868681,0,0,0,1],"scale":0.708000004,"type":"generibush"}
{"ctxid":0,"pos":[-1119.57996,-1522.38,165.399994],"rotationMatrix":[0.500399947,-0.865794361,0,0.865794361,0.500399947,0,0,0,1],"scale":0.720200002,"type":"generibush"}
{"ctxid":0,"pos":[-1113.96997,-1551.38,162.817993],"rotationMatrix":[-0.331712008,0.943380713,0,-0.943380713,-0.331712008,0,0,0,1],"scale":0.790300012,"type":"generibush"}
{"ctxid":0,"pos":[-1116.66003,-1548.46997,163.134995],"rotationMatrix":[-0.583844066,-0.811865807,0,0.811865807,-0.583844066,0,0,0,1],"scale":0.701300025,"type":"generibush"}
{"ctxid":0,"pos":[-1124.18994,-1542.91003,163.893005],"rotationMatrix":[0.454405427,-0.890794992,0,0.890794992,0.454405427,0,0,0,1],"scale":0.703599989,"type":"generibush"}
{"ctxid":0,"pos":[-1234.26001,-1512.70996,170.031998],"rotationMatrix":[-0.113031983,-0.993591368,0,0.993591368,-0.113031983,0,0,0,1],"scale":1.02429998,"type":"generibush"}
{"ctxid":0,"pos":[-1227.65002,-1511.25,169.914993],"rotationMatrix":[0.0708429813,0.997487485,0,-0.997487485,0.0708429813,0,0,0,1],"scale":0.924399972,"type":"generibush"}
{"ctxid":0,"pos":[-1217.59998,-1509.19995,169.964996],"rotationMatrix":[0.135650396,0.99075675,0,-0.99075675,0.135650396,0,0,0,1],"scale":0.7324,"type":"generibush"}
{"ctxid":0,"pos":[-1202.26001,-1508.30005,169.718994],"rotationMatrix":[0.980713606,-0.195450306,0,0.195450306,0.980713606,0,0,0,1],"scale":0.776000023,"type":"generibush"}
{"ctxid":0,"pos":[-1193.10999,-1506.10999,169.542007],"rotationMatrix":[-0.969715476,0.244237378,0,-0.244237378,-0.969715476,0,0,0,1],"scale":0.890299976,"type":"generibush"}
{"ctxid":0,"pos":[-1174.31006,-1502.18005,169.046005],"rotationMatrix":[0.987071753,0.160278991,0,-0.160278991,0.987071753,0,0,0,1],"scale":0.729499996,"type":"generibush"}
{"ctxid":0,"pos":[-1327.71997,-1623.15002,170.916],"rotationMatrix":[0.196595073,-0.980484784,0,0.980484784,0.196595073,0,0,0,1],"scale":0.890799999,"type":"generibush"}
{"ctxid":0,"pos":[-1327.03003,-1620.25,170.919006],"rotationMatrix":[0.624675512,-0.780884445,0,0.780884445,0.624675512,0,0,0,1],"scale":1.07659996,"type":"generibush"}
{"ctxid":0,"pos":[-1323.93005,-1614.56006,170.893005],"rotationMatrix":[0.464801311,-0.885415018,0,0.885415018,0.464801311,0,0,0,1],"scale":0.710300028,"type":"generibush"}
{"ctxid":0,"pos":[-1309.90002,-1589.81995,170.712006],"rotationMatrix":[0.720397592,-0.693561316,0,0.693561316,0.720397592,0,0,0,1],"scale":1.07379997,"type":"generibush"}
{"ctxid":0,"pos":[-1296.09998,-1595.18005,170.593994],"rotationMatrix":[0.122982383,-0.992408872,0,0.992408872,0.122982383,0,0,0,1],"scale":1.02670002,"type":"generibush"}
{"ctxid":0,"pos":[-1281.76001,-1574.48999,170.207001],"rotationMatrix":[-0.349395871,0.936975181,0,-0.936975181,-0.349395871,0,0,0,1],"scale":0.796800017,"type":"generibush"}
{"ctxid":0,"pos":[-1302.20996,-1605.65002,170.703995],"rotationMatrix":[0.555564165,0.831473649,0,-0.831473649,0.555564165,0,0,0,1],"scale":1.1128,"type":"generibush"}
{"ctxid":0,"pos":[-1299.67004,-1603.34998,170.369995],"rotationMatrix":[-0.995602369,-0.09367989,0,0.09367989,-0.995602369,0,0,0,1],"scale":0.742799997,"type":"generibush"}
{"ctxid":0,"pos":[-1310.07996,-1619.08997,170.996002],"rotationMatrix":[0.913388729,0.407088488,0,-0.407088488,0.913388729,0,0,0,1],"scale":0.734899998,"type":"generibush"}
{"ctxid":0,"pos":[-1329.62,-1625.45996,170.889008],"rotationMatrix":[-0.895793796,0.444469869,0,-0.444469869,-0.895793796,0,0,0,1],"scale":1.00230002,"type":"generibush"}
{"ctxid":0,"pos":[-1350.08997,-1646.04004,171.472],"rotationMatrix":[-0.330732942,-0.943724394,0,0.943724394,-0.330732942,0,0,0,1],"scale":1.02349997,"type":"generibush"}
{"ctxid":0,"pos":[-1371.73999,-1673.06006,172.367004],"rotationMatrix":[0.921195507,0.389100045,0,-0.389100045,0.921195507,0,0,0,1],"scale":1.0381,"type":"generibush"}
{"ctxid":0,"pos":[-1491.59998,-1681.98999,175.026001],"rotationMatrix":[0.46023941,0.887794852,0,-0.887794852,0.46023941,0,0,0,1],"scale":0.823400021,"type":"generibush"}
{"ctxid":0,"pos":[-1488.01001,-1681.85999,175.057007],"rotationMatrix":[-0.653289318,-0.757108331,0,0.757108331,-0.653289318,0,0,0,1],"scale":1.04869998,"type":"generibush"}
{"ctxid":0,"pos":[-1482.78003,-1682.28003,174.585999],"rotationMatrix":[-1,0,0,0,-1,0,0,0,1],"scale":1.18359995,"type":"generibush"}
{"ctxid":0,"pos":[-1467.39001,-1679.37,174.791],"rotationMatrix":[0.382617235,-0.923906922,0,0.923906922,0.382617235,0,0,0,1],"scale":1.07980001,"type":"generibush"}
{"ctxid":0,"pos":[-1459.91003,-1678.69995,174.623993],"rotationMatrix":[-0.658749104,-0.752362669,0,0.752362669,-0.658749104,0,0,0,1],"scale":0.833800018,"type":"generibush"}
{"ctxid":0,"pos":[-1452.34998,-1676.75,174.682007],"rotationMatrix":[-0.404487967,0.914543331,0,-0.914543331,-0.404487967,0,0,0,1],"scale":0.703700006,"type":"generibush"}
{"ctxid":0,"pos":[-1439.28003,-1672.73999,174.662003],"rotationMatrix":[0.168723822,0.985663354,0,-0.985663354,0.168723822,0,0,0,1],"scale":0.715399981,"type":"generibush"}
{"ctxid":0,"pos":[-1436.55005,-1670.88,174.807999],"rotationMatrix":[0.937058449,0.349172533,0,-0.349172533,0.937058449,0,0,0,1],"scale":0.748000026,"type":"generibush"}
{"ctxid":0,"pos":[-1451.25,-1690.71997,174.309998],"rotationMatrix":[-0.90203011,0.43167311,0,-0.43167311,-0.90203011,0,0,0,1],"scale":0.95450002,"type":"generibush"}
{"ctxid":0,"pos":[-1462.44995,-1693.18994,174.559006],"rotationMatrix":[0.766892076,-0.641776085,0,0.641776085,0.766892076,0,0,0,1],"scale":0.912500024,"type":"generibush"}
{"ctxid":0,"pos":[-1432.43994,-1668.58997,175.531998],"rotationMatrix":[0.318822145,0.947814584,0,-0.947814584,0.318822145,0,0,0,1],"scale":1.00989997,"type":"generibush"}
{"ctxid":0,"pos":[-1424.87,-1667.97998,174.617004],"rotationMatrix":[-0.0819203854,-0.996638894,0,0.996638894,-0.0819203854,0,0,0,1],"scale":1.17620003,"type":"generibush"}
{"ctxid":0,"pos":[-1418.95996,-1666.69995,174.597],"rotationMatrix":[0.627788067,0.778384328,0,-0.778384328,0.627788067,0,0,0,1],"scale":0.913600028,"type":"generibush"}
{"ctxid":0,"pos":[-1416.06995,-1665.17004,175.117004],"rotationMatrix":[0.828008056,0.550323308,0.107456595,-0.542306781,0.737276316,0.402898192,0.142499074,-0.391877383,0.908914804],"scale":0.733799994,"type":"generibush"}
{"ctxid":0,"pos":[-1387.58997,-1661.97998,173.233994],"rotationMatrix":[-0.501297951,0.865274727,0,-0.865274727,-0.501297951,0,0,0,1],"scale":1.07140005,"type":"generibush"}
{"ctxid":0,"pos":[-1375.5,-1674.12,172.598007],"rotationMatrix":[0.0574355125,0.99834919,0,-0.99834919,0.0574355125,0,0,0,1],"scale":0.766600013,"type":"generibush"}
{"ctxid":0,"pos":[-1379.19995,-1673.94995,172.914001],"rotationMatrix":[0.957949996,0.28693518,0,-0.28693518,0.957949996,0,0,0,1],"scale":0.980099976,"type":"generibush"}
{"ctxid":0,"pos":[-1561.43994,-1675.68005,175.718002],"rotationMatrix":[-0.329428196,-0.944180608,0,0.944180608,-0.329428196,0,0,0,1],"scale":0.706799984,"type":"generibush"}
{"ctxid":0,"pos":[-1554.97998,-1675.77002,175.664001],"rotationMatrix":[0.866562247,0.499069005,0,-0.499069005,0.866562247,0,0,0,1],"scale":0.915799975,"type":"generibush"}
{"ctxid":0,"pos":[-1534.57996,-1677.20996,175.912994],"rotationMatrix":[0.862187505,-0.506589293,0,0.506589293,0.862187505,0,0,0,1],"scale":0.84920001,"type":"generibush"}
{"ctxid":0,"pos":[-1525.97998,-1678.82996,175.744003],"rotationMatrix":[0.40921545,-0.912437797,0,0.912437797,0.40921545,0,0,0,1],"scale":0.887700021,"type":"generibush"}
{"ctxid":0,"pos":[-1510.47998,-1681.81006,175.341003],"rotationMatrix":[0.818798065,0.574081659,0,-0.574081659,0.818798065,0,0,0,1],"scale":1.07149994,"type":"generibush"}
{"ctxid":0,"pos":[-1505.87,-1681.91003,175.304993],"rotationMatrix":[-0.781894326,0.623411,0,-0.623411,-0.781894326,0,0,0,1],"scale":0.979200006,"type":"generibush"}
{"ctxid":0,"pos":[-1500.72998,-1683.07996,175.003006],"rotationMatrix":[-0.832080722,-0.554654539,0,0.554654539,-0.832080722,0,0,0,1],"scale":0.728200018,"type":"generibush"}
{"ctxid":0,"pos":[-1558.25,-1733.93994,154.121002],"rotationMatrix":[0.356795192,-0.934182644,0,0.934182644,0.356795192,0,0,0,1],"scale":0.773699999,"type":"generibush"}
{"ctxid":0,"pos":[-1509.96997,-1730.81006,154.356003],"rotationMatrix":[-0.209012389,-0.977913022,0,0.977913022,-0.209012389,0,0,0,1],"scale":1.07430005,"type":"generibush"}
{"ctxid":0,"pos":[-1560.46997,-1703.97998,176.235001],"rotationMatrix":[-0.620360017,0.784317195,0,-0.784317195,-0.620360017,0,0,0,1],"scale":0.862200022,"type":"generibush"}
{"ctxid":0,"pos":[-1609.22998,-1676.68005,174.662003],"rotationMatrix":[-0.978458285,0.206444621,0,-0.206444621,-0.978458285,0,0,0,1],"scale":0.725099981,"type":"generibush"}
{"ctxid":0,"pos":[-1603.12,-1676.29004,175.25],"rotationMatrix":[0.999519587,0.030993484,0,-0.030993484,0.999519587,0,0,0,1],"scale":1.1681,"type":"generibush"}
{"ctxid":0,"pos":[-1597.68994,-1675.78003,175.475006],"rotationMatrix":[-0.895404577,0.445253462,0,-0.445253462,-0.895404577,0,0,0,1],"scale":0.915799975,"type":"generibush"}
{"ctxid":0,"pos":[-1590.95996,-1675.13,175.522995],"rotationMatrix":[0.0828002691,0.996566176,0,-0.996566176,0.0828002691,0,0,0,1],"scale":0.797699988,"type":"generibush"}
{"ctxid":0,"pos":[-1576.18005,-1674.75,175.753998],"rotationMatrix":[-0.79778707,0.602939308,0,-0.602939308,-0.79778707,0,0,0,1],"scale":0.98360002,"type":"generibush"}
{"ctxid":0,"pos":[-1603.30005,-1734.88,158.820999],"rotationMatrix":[-0.709030628,-0.705177665,0,0.705177665,-0.709030628,0,0,0,1],"scale":1.12059999,"type":"generibush"}
{"ctxid":0,"pos":[-1620.14001,-1747.94995,155.423004],"rotationMatrix":[0.107017517,0.994257152,0,-0.994257152,0.107017517,0,0,0,1],"scale":0.729900002,"type":"generibush"}
{"ctxid":0,"pos":[-1610.40002,-1740.76001,157.822006],"rotationMatrix":[-0.52041924,-0.853910923,0,0.853910923,-0.52041924,0,0,0,1],"scale":0.701399982,"type":"generibush"}
{"ctxid":0,"pos":[-1611.76001,-1742.91003,157.343994],"rotationMatrix":[0.763327956,0.646011174,0,-0.646011174,0.763327956,0,0,0,1],"scale":0.749000013,"type":"generibush"}
{"ctxid":0,"pos":[-1608.96997,-1744.98999,156.998001],"rotationMatrix":[0.624502182,-0.781023085,0,0.781023085,0.624502182,0,0,0,1],"scale":1.14310002,"type":"generibush"}
{"ctxid":0,"pos":[-1585.15002,-1725.56995,160.25],"rotationMatrix":[-0.0178791285,-0.99984014,0,0.99984014,-0.0178791285,0,0,0,1],"scale":1.17630005,"type":"generibush"}
{"ctxid":0,"pos":[-1590.37,-1739.06995,156.679001],"rotationMatrix":[-0.414225578,-0.910174251,0,0.910174251,-0.414225578,0,0,0,1],"scale":0.820599973,"type":"generibush"}
{"ctxid":0,"pos":[-1587.43994,-1730.80005,158.285995],"rotationMatrix":[-0.981244206,-0.192768797,0,0.192768797,-0.981244206,0,0,0,1],"scale":0.881900012,"type":"generibush"}
{"ctxid":0,"pos":[-1599.28003,-1746.43005,155.669998],"rotationMatrix":[0.904952049,0.425513566,0,-0.425513566,0.904952049,0,0,0,1],"scale":0.994000018,"type":"generibush"}
{"ctxid":0,"pos":[-1602.29004,-1749.15002,155.093002],"rotationMatrix":[0.88316226,0.469067603,0,-0.469067603,0.88316226,0,0,0,1],"scale":1.15180004,"type":"generibush"}
{"ctxid":0,"pos":[-1569.22998,-1702.90002,176.179993],"rotationMatrix":[0.132228613,-0.991219223,0,0.991219223,0.132228613,0,0,0,1],"scale":0.951399982,"type":"generibush"}
{"ctxid":0,"pos":[-1582.87,-1701.56995,176.102005],"rotationMatrix":[0.383727908,-0.923446178,0,0.923446178,0.383727908,0,0,0,1],"scale":0.819100022,"type":"generibush"}
{"ctxid":0,"pos":[-1598.03003,-1697.5,175.826996],"rotationMatrix":[-0.155200005,0.987883091,0,-0.987883091,-0.155200005,0,0,0,1],"scale":1.06990004,"type":"generibush"}
{"ctxid":0,"pos":[-1619.67004,-1692.96997,175.123001],"rotationMatrix":[-0.747328281,-0.664454997,0,0.664454997,-0.747328281,0,0,0,1],"scale":1.00829995,"type":"generibush"}
{"ctxid":0,"pos":[-1624.23999,-1693.33997,175.085007],"rotationMatrix":[-0.735756993,0.677245617,0,-0.677245617,-0.735756993,0,0,0,1],"scale":0.851000011,"type":"generibush"}
{"ctxid":0,"pos":[-1683.66003,-1621.17004,173.716003],"rotationMatrix":[0.999890566,-0.0147937918,0,0.0147937918,0.999890566,0,0,0,1],"scale":0.711000025,"type":"generibush"}
{"ctxid":0,"pos":[-1695.79004,-1613.54004,172.878006],"rotationMatrix":[0.991367102,0.131115481,0,-0.131115481,0.991367102,0,0,0,1],"scale":0.83859998,"type":"generibush"}
{"ctxid":0,"pos":[-1720.70996,-1618.81995,171.037994],"rotationMatrix":[-0.730172157,-0.683263242,0,0.683263242,-0.730172157,0,0,0,1],"scale":0.813899994,"type":"generibush"}
{"ctxid":0,"pos":[-1706.56995,-1608.96997,172.020996],"rotationMatrix":[0.999630094,0.0271969847,0,-0.0271969847,0.999630094,0,0,0,1],"scale":1.19949996,"type":"generibush"}
{"ctxid":0,"pos":[-1731.30005,-1745.72998,156.365997],"rotationMatrix":[-0.936905503,-0.349582732,0,0.349582732,-0.936905503,0,0,0,1],"scale":1.11510003,"type":"generibush"}
{"ctxid":0,"pos":[-1724.70996,-1716.04004,157.033997],"rotationMatrix":[-0.982438684,0.186585724,0,-0.186585724,-0.982438684,0,0,0,1],"scale":1.00530005,"type":"generibush"}
{"ctxid":0,"pos":[-1721.53003,-1668.84998,155.807007],"rotationMatrix":[-0.279680014,-0.96009326,0,0.96009326,-0.279680014,0,0,0,1],"scale":1.11849999,"type":"generibush"}
{"ctxid":0,"pos":[-1700.26001,-1693.75,163.968002],"rotationMatrix":[-0.992407203,0.122995704,0,-0.122995704,-0.992407203,0,0,0,1],"scale":0.832099974,"type":"generibush"}
{"ctxid":0,"pos":[-1682.93994,-1672.83997,167.102005],"rotationMatrix":[0.75064075,0.660710573,0,-0.660710573,0.75064075,0,0,0,1],"scale":1.11849999,"type":"generibush"}
{"ctxid":0,"pos":[-1700.53003,-1725.58997,161.677002],"rotationMatrix":[-0.852427602,0.522845268,0,-0.522845268,-0.852427602,0,0,0,1],"scale":0.774800003,"type":"generibush"}
{"ctxid":0,"pos":[-1685,-1736.21997,156.376999],"rotationMatrix":[0.941244125,-0.337726951,0,0.337726951,0.941244125,0,0,0,1],"scale":1.15400004,"type":"generibush"}
{"ctxid":0,"pos":[-1683.13,-1733.79004,157.089996],"rotationMatrix":[-0.966144562,-0.258001328,0,0.258001328,-0.966144562,0,0,0,1],"scale":0.980700016,"type":"generibush"}
{"ctxid":0,"pos":[-1671.93994,-1722.21997,159.610001],"rotationMatrix":[0.42626524,-0.904598236,0,0.904598236,0.42626524,0,0,0,1],"scale":0.743499994,"type":"generibush"}
{"ctxid":0,"pos":[-1653.73999,-1703.79004,166.587006],"rotationMatrix":[-0.136730433,-0.990608275,0,0.990608275,-0.136730433,0,0,0,1],"scale":0.951699972,"type":"generibush"}
{"ctxid":0,"pos":[-1643.84998,-1720.23999,157.626007],"rotationMatrix":[0.405732036,0.913992047,0,-0.913992047,0.405732036,0,0,0,1],"scale":0.815199971,"type":"generibush"}
{"ctxid":0,"pos":[-1655.5,-1731.23999,154.281998],"rotationMatrix":[0.173359156,0.984858692,0,-0.984858692,0.173359156,0,0,0,1],"scale":0.795599997,"type":"generibush"}
{"ctxid":0,"pos":[-1640.51001,-1710.72998,160.319],"rotationMatrix":[-0.485743165,-0.874101579,0,0.874101579,-0.485743165,0,0,0,1],"scale":0.967800021,"type":"generibush"}
{"ctxid":0,"pos":[-1631.69995,-1738.90002,154.376007],"rotationMatrix":[0.679839969,0.733360469,0,-0.733360469,0.679839969,0,0,0,1],"scale":0.79400003,"type":"generibush"}
{"ctxid":0,"pos":[-1625.05005,-1728.06995,157.106995],"rotationMatrix":[-0.892679691,-0.45069167,0,0.45069167,-0.892679691,0,0,0,1],"scale":0.958199978,"type":"generibush"}
{"ctxid":0,"pos":[-1637.91003,-1727.77002,155.942993],"rotationMatrix":[-0.341521978,-0.939873815,0,0.939873815,-0.341521978,0,0,0,1],"scale":0.863399982,"type":"generibush"}
{"ctxid":0,"pos":[-1651.16003,-1733.80005,153.932007],"rotationMatrix":[0.403768063,0.914861381,0,-0.914861381,0.403768063,0,0,0,1],"scale":1.11720002,"type":"generibush"}
{"ctxid":0,"pos":[-1639.90002,-1665.78003,173.733002],"rotationMatrix":[-0.979254007,-0.2026366,0,0.2026366,-0.979254007,0,0,0,1],"scale":0.97420001,"type":"generibush"}
{"ctxid":0,"pos":[-1630.70996,-1691.43994,174.973999],"rotationMatrix":[-0.594183564,0.804329455,0,-0.804329455,-0.594183564,0,0,0,1],"scale":0.850700021,"type":"generibush"}
{"ctxid":0,"pos":[-1642.60999,-1684.71997,174.766998],"rotationMatrix":[0.966095924,-0.25818339,0,0.25818339,0.966095924,0,0,0,1],"scale":0.941999972,"type":"generibush"}
{"ctxid":0,"pos":[-1641.03003,-1686.01001,174.764008],"rotationMatrix":[-0.587405682,-0.809292614,0,0.809292614,-0.587405682,0,0,0,1],"scale":1.02869999,"type":"generibush"}
{"ctxid":0,"pos":[-1635.56995,-1688.31995,174.945007],"rotationMatrix":[0.307100058,0.951677203,0,-0.951677203,0.307100058,0,0,0,1],"scale":0.722100019,"type":"generibush"}
{"ctxid":0,"pos":[-1665,-1669.59998,173.854996],"rotationMatrix":[-0.168003201,0.985786438,0,-0.985786438,-0.168003201,0,0,0,1],"scale":0.974699974,"type":"generibush"}
{"ctxid":0,"pos":[-1666.92004,-1666.15002,173.817001],"rotationMatrix":[-0.641672015,-0.766979158,0,0.766979158,-0.641672015,0,0,0,1],"scale":0.869899988,"type":"generibush"}
{"ctxid":0,"pos":[-1672.67004,-1631.37,173.403],"rotationMatrix":[0.407257318,0.913313448,0,-0.913313448,0.407257318,0,0,0,1],"scale":0.92750001,"type":"generibush"}
{"ctxid":0,"pos":[-1663.54004,-1643.28003,173.220001],"rotationMatrix":[0.706468821,-0.707744181,0,0.707744181,0.706468821,0,0,0,1],"scale":0.74849999,"type":"generibush"}
{"ctxid":0,"pos":[-1653.53003,-1654.60999,173.341003],"rotationMatrix":[0.574404716,-0.818571448,0,0.818571448,0.574404716,0,0,0,1],"scale":0.905799985,"type":"generibush"}
{"ctxid":0,"pos":[-1645.56995,-1657.07996,174.766998],"rotationMatrix":[0.303091764,0.952961385,0,-0.952961385,0.303091764,0,0,0,1],"scale":0.845000029,"type":"generibush"}
{"ctxid":0,"pos":[-1650.43005,-1654.27002,173.985992],"rotationMatrix":[0.463144779,0.886282623,0,-0.886282623,0.463144779,0,0,0,1],"scale":1.0869,"type":"generibush"}
{"ctxid":0,"pos":[-1675.93994,-1666.57996,170.996002],"rotationMatrix":[-0.850118399,0.526591599,0,-0.526591599,-0.850118399,0,0,0,1],"scale":0.76789999,"type":"generibush"}
{"ctxid":0,"pos":[-1682.47998,-1646.54004,173.121994],"rotationMatrix":[0.0535871983,0.99856317,0,-0.99856317,0.0535871983,0,0,0,1],"scale":1.15260005,"type":"generibush"}
{"ctxid":0,"pos":[-1685.69995,-1643.06006,172.988998],"rotationMatrix":[-0.979254007,0.2026366,0,-0.2026366,-0.979254007,0,0,0,1],"scale":1.05929995,"type":"generibush"}
{"ctxid":0,"pos":[-1690.18005,-1639.12,172.714996],"rotationMatrix":[0.451686144,0.892176926,0,-0.892176926,0.451686144,0,0,0,1],"scale":1.13250005,"type":"generibush"}
{"ctxid":0,"pos":[-1699.98999,-1631.94995,172.151993],"rotationMatrix":[0.351567268,0.936162651,0,-0.936162651,0.351567268,0,0,0,1],"scale":1.12730002,"type":"generibush"}
{"ctxid":0,"pos":[-1681.33997,-1625.14001,172.832001],"rotationMatrix":[-0.35729301,-0.933992326,0,0.933992326,-0.35729301,0,0,0,1],"scale":0.994799972,"type":"generibush"}
{"ctxid":0,"pos":[-1700.46997,-1774.13,145.276993],"rotationMatrix":[-0.297016144,-0.954872429,0,0.954872429,-0.297016144,0,0,0,1],"scale":1.12750006,"type":"generibush"}
{"ctxid":0,"pos":[-1692.28003,-1757.81006,149.369003],"rotationMatrix":[-0.909839511,-0.414960325,0,0.414960325,-0.909839511,0,0,0,1],"scale":0.825500011,"type":"generibush"}
{"ctxid":0,"pos":[-1597.51001,-1756.34998,152.709],"rotationMatrix":[-0.0625904799,0.998039305,0,-0.998039305,-0.0625904799,0,0,0,1],"scale":0.977299988,"type":"generibush"}
{"ctxid":0,"pos":[-1561.45996,-1755.48999,150],"rotationMatrix":[-0.809182405,-0.587557495,0,0.587557495,-0.809182405,0,0,0,1],"scale":0.880100012,"type":"generibush"}
{"ctxid":0,"pos":[-1558.87,-1757.70996,148.839996],"rotationMatrix":[-0.999200225,0.0399863794,0,-0.0399863794,-0.999200225,0,0,0,1],"scale":0.934300005,"type":"generibush"}
{"ctxid":0,"pos":[-1549.55005,-1780.40002,142.421005],"rotationMatrix":[0.991859198,0.127339438,0,-0.127339438,0.991859198,0,0,0,1],"scale":0.713800013,"type":"generibush"}
{"ctxid":0,"pos":[-1570,-1780.40002,146.145996],"rotationMatrix":[-0.985227346,0.171251506,0,-0.171251506,-0.985227346,0,0,0,1],"scale":1.07420003,"type":"generibush"}
{"ctxid":0,"pos":[-1523.51001,-1775.18994,143.138],"rotationMatrix":[0.958065987,-0.286547661,0,0.286547661,0.958065987,0,0,0,1],"scale":1.18840003,"type":"generibush"}
{"ctxid":0,"pos":[-1525.84998,-1773.48999,143.940994],"rotationMatrix":[0.937129498,0.348981798,0,-0.348981798,0.937129498,0,0,0,1],"scale":0.734000027,"type":"generibush"}
{"ctxid":0,"pos":[-1510.57996,-1755.07996,144.283997],"rotationMatrix":[-0.732404947,-0.680869281,0,0.680869281,-0.732404947,0,0,0,1],"scale":0.974399984,"type":"generibush"}
{"ctxid":0,"pos":[-1512.01001,-1761.06006,143.968994],"rotationMatrix":[0.288136959,-0.957589209,0,0.957589209,0.288136959,0,0,0,1],"scale":0.985400021,"type":"generibush"}
{"ctxid":0,"pos":[-1502.30005,-1755.34998,143.223999],"rotationMatrix":[-0.272969723,0.962022603,0,-0.962022603,-0.272969723,0,0,0,1],"scale":0.870800018,"type":"generibush"}
{"ctxid":0,"pos":[-1767.42004,-1776.92004,144.699005],"rotationMatrix":[0.321853399,0.946789503,0,-0.946789503,0.321853399,0,0,0,1],"scale":0.765200019,"type":"generibush"}
{"ctxid":0,"pos":[-1771.95996,-1757.20996,142.281006],"rotationMatrix":[0.644000769,0.765024841,0,-0.765024841,0.644000769,0,0,0,1],"scale":0.824599981,"type":"generibush"}
{"ctxid":0,"pos":[-351.605011,1076.93994,209.826996],"rotationMatrix":[-0.67811203,-0.734958529,0,0.734958529,-0.67811203,0,0,0,1],"scale":0.845399976,"type":"generibush"}
{"ctxid":0,"pos":[-360.644012,1080.27002,209.615005],"rotationMatrix":[-0.0412908792,0.985016227,-0.167445958,-0.999147177,-0.0406963825,0.00698176865,6.27100308e-05,0.167591438,0.985856533],"scale":0.858500004,"type":"generibush"}
{"ctxid":0,"pos":[-351.864014,1041.79004,209.785004],"rotationMatrix":[-0.488502502,-0.872562468,0,0.872562468,-0.488502502,0,0,0,1],"scale":0.723500013,"type":"generibush"}
{"ctxid":0,"pos":[-347.415985,1039.22998,209.468002],"rotationMatrix":[-0.439565063,-0.898210764,0,0.898210764,-0.439565063,0,0,0,1],"scale":0.716700017,"type":"generibush"}
{"ctxid":0,"pos":[-343.238007,1024.13,209.281006],"rotationMatrix":[-0.597756982,0.801677346,0,-0.801677346,-0.597756982,0,0,0,1],"scale":0.732800007,"type":"generibush"}
{"ctxid":0,"pos":[-328.880005,1024.45996,208.710007],"rotationMatrix":[0.670814991,0.741624713,0,-0.741624713,0.670814991,0,0,0,1],"scale":0.705799997,"type":"generibush"}
{"ctxid":0,"pos":[-330.425995,1022.88,209.110001],"rotationMatrix":[0.959330559,-0.282285094,0,0.282285094,0.959330559,0,0,0,1],"scale":1.12189996,"type":"generibush"}
{"ctxid":0,"pos":[-329.963013,1009.25,209.074005],"rotationMatrix":[0.0247542858,-0.999693573,0,0.999693573,0.0247542858,0,0,0,1],"scale":1.15540004,"type":"generibush"}
{"ctxid":0,"pos":[-372.125,1059.09998,208.936005],"rotationMatrix":[0.695331812,-0.718688846,0,0.718688846,0.695331812,0,0,0,1],"scale":0.881099999,"type":"generibush"}
{"ctxid":0,"pos":[-352.513,1051.18994,208.794006],"rotationMatrix":[0.0286607742,0.999589205,0,-0.999589205,0.0286607742,0,0,0,1],"scale":1.01900005,"type":"generibush"}
{"ctxid":0,"pos":[-393.375,1071.48999,209.285004],"rotationMatrix":[-0.863994241,-0.503501713,0,0.503501713,-0.863994241,0,0,0,1],"scale":0.853100002,"type":"generibush"}
{"ctxid":0,"pos":[-401.069,1069.42004,209.298004],"rotationMatrix":[-0.994803429,0.101814233,0,-0.101814233,-0.994803429,0,0,0,1],"scale":0.8301,"type":"generibush"}
{"ctxid":0,"pos":[-387.852997,1074.46997,209.666],"rotationMatrix":[0.372351885,0.928091645,0,-0.928091645,0.372351885,0,0,0,1],"scale":0.915700018,"type":"generibush"}
{"ctxid":0,"pos":[-380.359009,1058.93994,209.007004],"rotationMatrix":[0.674375534,0.738388538,0,-0.738388538,0.674375534,0,0,0,1],"scale":0.903699994,"type":"generibush"}
{"ctxid":0,"pos":[-387.662994,1058.14001,208.983002],"rotationMatrix":[0.944555521,-0.328351736,0,0.328351736,0.944555521,0,0,0,1],"scale":0.776199996,"type":"generibush"}
{"ctxid":0,"pos":[-396.947998,1055.59998,209.171997],"rotationMatrix":[0.851705432,0.524020851,0,-0.524020851,0.851705432,0,0,0,1],"scale":1.07249999,"type":"generibush"}
{"ctxid":0,"pos":[-409.382996,1051.92004,209.291],"rotationMatrix":[0.197355509,0.980331957,0,-0.980331957,0.197355509,0,0,0,1],"scale":1.00179994,"type":"generibush"}
{"ctxid":0,"pos":[-743.862976,1777.44995,152.445007],"rotationMatrix":[-0.747702241,-0.664034128,0,0.664034128,-0.747702241,0,0,0,1],"scale":0.96359998,"type":"generibush"}
{"ctxid":0,"pos":[-736.151001,1789.80005,152.341003],"rotationMatrix":[-0.145492435,0.989359379,0,-0.989359379,-0.145492435,0,0,0,1],"scale":1.14660001,"type":"generibush"}
{"ctxid":0,"pos":[-729.843018,1774.18005,153.561005],"rotationMatrix":[-0.0614244938,-0.998111725,0,0.998111725,-0.0614244938,0,0,0,1],"scale":0.705500007,"type":"generibush"}
{"ctxid":0,"pos":[-728.677979,1782.34998,153.813004],"rotationMatrix":[-0.944786549,-0.327686399,0,0.327686399,-0.944786549,0,0,0,1],"scale":1.12440002,"type":"generibush"}
{"ctxid":0,"pos":[-727.458984,1794.82996,152.526001],"rotationMatrix":[-0.275204539,0.961385727,0,-0.961385727,-0.275204539,0,0,0,1],"scale":1.11880004,"type":"generibush"}
{"ctxid":0,"pos":[-704.809021,1799.05005,152.514999],"rotationMatrix":[-0.218985081,-0.975728214,0,0.975728214,-0.218985081,0,0,0,1],"scale":1.15620005,"type":"generibush"}
{"ctxid":0,"pos":[-695.79303,1800.96997,152.412003],"rotationMatrix":[-0.1762712,-0.984341621,0,0.984341621,-0.1762712,0,0,0,1],"scale":0.977999985,"type":"generibush"}
{"ctxid":0,"pos":[-733.913025,1853.73999,152.313004],"rotationMatrix":[-0.987220526,-0.159360081,0,0.159360081,-0.987220526,0,0,0,1],"scale":0.76730001,"type":"generibush"}
{"ctxid":0,"pos":[-747.637024,1759.31995,153.455002],"rotationMatrix":[0.69642365,-0.717630923,0,0.717630923,0.69642365,0,0,0,1],"scale":0.751600027,"type":"generibush"}
{"ctxid":0,"pos":[-745.197998,1692.41003,152.300003],"rotationMatrix":[0.415503263,0.909591675,0,-0.909591675,0.415503263,0,0,0,1],"scale":0.726700008,"type":"generibush"}
{"ctxid":0,"pos":[-746.911011,1704.43994,152.354996],"rotationMatrix":[-0.955846429,-0.293866634,0,0.293866634,-0.955846429,0,0,0,1],"scale":0.955299973,"type":"generibush"}
{"ctxid":0,"pos":[-748.054016,1714.31995,152.442993],"rotationMatrix":[0.691259146,0.722606957,0,-0.722606957,0.691259146,0,0,0,1],"scale":1.05410004,"type":"generibush"}
{"ctxid":0,"pos":[-733.598022,1690.43994,145.404007],"rotationMatrix":[0.541309595,-0.840823352,0,0.840823352,0.541309595,0,0,0,1],"scale":0.967100024,"type":"generibush"}
{"ctxid":0,"pos":[-749.984985,1671.29004,152.343994],"rotationMatrix":[0.903990388,0.427552789,0,-0.427552789,0.903990388,0,0,0,1],"scale":0.778900027,"type":"generibush"}
{"ctxid":0,"pos":[-954.913025,1750.88,152.475006],"rotationMatrix":[-0.864766717,0.502173781,0,-0.502173781,-0.864766717,0,0,0,1],"scale":0.975799978,"type":"generibush"}
{"ctxid":0,"pos":[-921.588989,1757.18994,152.520996],"rotationMatrix":[0.881804705,-0.471614748,0,0.471614748,0.881804705,0,0,0,1],"scale":1.18850005,"type":"generibush"}
{"ctxid":0,"pos":[-907.585999,1758.10999,152.612],"rotationMatrix":[0.760568023,-0.649258256,0,0.649258256,0.760568023,0,0,0,1],"scale":1.06900001,"type":"generibush"}
{"ctxid":0,"pos":[-891.692017,1752.5,152.613998],"rotationMatrix":[-0.929040909,-0.369977027,0,0.369977027,-0.929040909,0,0,0,1],"scale":0.827099979,"type":"generibush"}
{"ctxid":0,"pos":[-886.39502,1757.56006,152.589996],"rotationMatrix":[-0.886070371,0.463550746,0,-0.463550746,-0.886070371,0,0,0,1],"scale":1.08010006,"type":"generibush"}
{"ctxid":0,"pos":[-865.755981,1757.35999,152.604996],"rotationMatrix":[0.742238045,-0.670136333,0,0.670136333,0.742238045,0,0,0,1],"scale":1.16939998,"type":"generibush"}
{"ctxid":0,"pos":[-838.705994,1766.81006,152.535995],"rotationMatrix":[0.931550026,-0.363613188,0,0.363613188,0.931550026,0,0,0,1],"scale":1.17550004,"type":"generibush"}
{"ctxid":0,"pos":[-783.146973,1761.33997,152.570007],"rotationMatrix":[0.452104807,-0.891964793,0,0.891964793,0.452104807,0,0,0,1],"scale":1.1372,"type":"generibush"}
{"ctxid":0,"pos":[-764.174988,1783.97998,152.582001],"rotationMatrix":[-0.432447433,-0.901659131,0,0.901659131,-0.432447433,0,0,0,1],"scale":1.1904,"type":"generibush"}
{"ctxid":0,"pos":[-769.307983,1788.77002,152.546997],"rotationMatrix":[0.935271978,0.353929847,0,-0.353929847,0.935271978,0,0,0,1],"scale":0.850600004,"type":"generibush"}
{"ctxid":0,"pos":[-760.432983,1850.25,152.255997],"rotationMatrix":[0.0121443272,-0.999926269,0,0.999926269,0.0121443272,0,0,0,1],"scale":1.13510001,"type":"generibush"}
{"ctxid":0,"pos":[-764.343994,1850.31995,152.324997],"rotationMatrix":[0.958123803,0.286354274,0,-0.286354274,0.958123803,0,0,0,1],"scale":0.901899993,"type":"generibush"}
{"ctxid":0,"pos":[-793.518982,1840.34998,152.274002],"rotationMatrix":[-0.999599934,-0.0282837879,0,0.0282837879,-0.999599934,0,0,0,1],"scale":1.02170002,"type":"generibush"}
{"ctxid":0,"pos":[-826.570007,1839.23999,152.307007],"rotationMatrix":[0.0760157108,0.997106612,0,-0.997106612,0.0760157108,0,0,0,1],"scale":0.844099998,"type":"generibush"}
{"ctxid":0,"pos":[-846.575012,1831.27002,152.300003],"rotationMatrix":[-0.367527246,-0.930012763,0,0.930012763,-0.367527246,0,0,0,1],"scale":1.10010004,"type":"generibush"}
{"ctxid":0,"pos":[-857.491028,1846.20996,152.25],"rotationMatrix":[0.716947079,0.697127581,0,-0.697127581,0.716947079,0,0,0,1],"scale":0.895600021,"type":"generibush"}
{"ctxid":0,"pos":[-885.14502,1860.41003,152.231003],"rotationMatrix":[-0.886458874,-0.462807387,0,0.462807387,-0.886458874,0,0,0,1],"scale":1.17470002,"type":"generibush"}
{"ctxid":0,"pos":[-862.127991,1840.69995,152.294006],"rotationMatrix":[0.866148591,0.499786586,0,-0.499786586,0.866148591,0,0,0,1],"scale":1.11960006,"type":"generibush"}
{"ctxid":0,"pos":[-915.596985,1822.07996,152.315994],"rotationMatrix":[0.723975539,0.689825654,0,-0.689825654,0.723975539,0,0,0,1],"scale":0.736599982,"type":"generibush"}
