{"ctxid":0,"pos":[-583.616028,376.794006,190.623001],"rotationMatrix":[0.998807907,-0.015806539,-0.0461835265,0.0157905873,0.999875069,-0.000710219902,0.0461889803,-1.98917587e-05,0.998932719],"scale":1,"type":"grape_vine_group"}
{"ctxid":0,"pos":[-597.374023,376.742004,190.720001],"rotationMatrix":[0.999887466,0,-0.0150018157,0,1,0,0.0150018157,0,0.999887466],"scale":1,"type":"grape_vine_group"}
{"ctxid":0,"pos":[-610.914978,377.016998,191.106995],"rotationMatrix":[0.9980793,-0.0526721664,-0.0326091088,0.0536642857,0.998098135,0.0303357467,0.0309492424,-0.0320274234,0.999007702],"scale":0.960099995,"type":"grape_vine_group"}
{"ctxid":0,"pos":[-584.328003,384.608002,190.619995],"rotationMatrix":[0.998850226,-0.0411886647,-0.0245299619,0.0415854976,0.999008536,0.015893098,0.0238510258,-0.0168949161,0.999572754],"scale":1,"type":"grape_vine_group"}
{"ctxid":0,"pos":[-598.609009,384.528992,190.746002],"rotationMatrix":[0.999537945,0,-0.0303956736,0,1,0,0.0303956736,0,0.999537945],"scale":1,"type":"grape_vine_group"}
{"ctxid":0,"pos":[-613.460999,384.552002,191.130005],"rotationMatrix":[0.998818874,-0.0241325572,-0.0421719812,0.0254450962,0.99919951,0.0308688693,0.0413932763,-0.0319054797,0.998633385],"scale":1,"type":"grape_vine_group"}
{"ctxid":0,"pos":[-583.674988,392.548004,190.464005],"rotationMatrix":[0.998163819,-0.0605721883,0,0.0605721883,0.998163819,0,0,0,1],"scale":1,"type":"grape_vine_group"}
{"ctxid":0,"pos":[-598.705994,392.660004,190.667007],"rotationMatrix":[1,0,0,0,1,0,0,0,1],"scale":1,"type":"grape_vine_group"}
{"ctxid":0,"pos":[-613.830017,392.304993,191.223007],"rotationMatrix":[0.998914123,0.00146348309,-0.0465664454,0.000773335516,0.998847961,0.0479807444,0.0465830192,-0.0479646549,0.997762203],"scale":1,"type":"grape_vine_group"}
{"ctxid":0,"pos":[-580.890015,400.669006,190.294998],"rotationMatrix":[0.997736573,-0.0617556088,-0.0266078059,0.0617761426,0.998090029,-5.03173469e-05,0.0265600923,-0.00159352412,0.999645948],"scale":1,"type":"grape_vine_group"}
{"ctxid":0,"pos":[-595.789978,401.216003,190.692001],"rotationMatrix":[0.99913919,-0.0229118764,-0.0345821567,0.0234761424,0.999596357,0.0159997828,0.0342016108,-0.0167978667,0.999273777],"scale":1,"type":"grape_vine_group"}
{"ctxid":0,"pos":[-610.960022,401.109985,191.294998],"rotationMatrix":[0.99901402,-6.13064767e-05,-0.0443957672,0.00148219604,0.999487638,0.0319728591,0.044371061,-0.0320071355,0.998502254],"scale":1,"type":"grape_vine_group"}
{"ctxid":0,"pos":[-579.083008,408.889008,190.061005],"rotationMatrix":[0.994636059,-0.0928306878,-0.0456242636,0.0921161994,0.995594025,-0.0175255388,0.047050152,0.0132287983,0.998804927],"scale":1,"type":"grape_vine_group"}
{"ctxid":0,"pos":[-594.034973,409.494995,190.602005],"rotationMatrix":[0.997960687,-0.0470544696,-0.0431317128,0.0476965532,0.998764038,0.0139798028,0.0424205922,-0.0160085279,0.998971581],"scale":1,"type":"grape_vine_group"}
{"ctxid":0,"pos":[-608.848999,409.378998,191.352997],"rotationMatrix":[0.997835159,0.00105280906,-0.0657562688,0.00105280906,0.999487996,0.0319787003,0.0657562688,-0.0319787003,0.997323155],"scale":1,"type":"grape_vine_group"}
{"ctxid":0,"pos":[-623.747009,409.222992,192.550003],"rotationMatrix":[0.995381594,-0.0248745363,-0.0927186087,0.0306337345,0.9976542,0.0612182356,0.0909783319,-0.0637758225,0.993808627],"scale":1,"type":"grape_vine_group"}
{"ctxid":0,"pos":[-578.560974,417.074005,189.535995],"rotationMatrix":[0.996507168,-0.0614176281,-0.0565803833,0.0559527986,0.994039297,-0.0935690105,0.0619899109,0.0900763646,0.994003773],"scale":1,"type":"grape_vine_group"}
{"ctxid":0,"pos":[-593.633972,417.519012,190.473007],"rotationMatrix":[0.997652769,-0.0332260206,-0.0598747358,0.0291024167,0.997228384,-0.0684733465,0.0619838834,0.0665701255,0.995854616],"scale":1,"type":"grape_vine_group"}
{"ctxid":0,"pos":[-608.875,417.437988,191.475998],"rotationMatrix":[0.996486783,2.17500929e-05,-0.083750166,0.00398394605,0.998855591,0.0476616919,0.0836553574,-0.0478279032,0.995346308],"scale":1,"type":"grape_vine_group"}
{"ctxid":0,"pos":[-623.984985,417.463013,193.061996],"rotationMatrix":[0.99546504,0.00118356862,-0.095120728,0.00643233955,0.996796608,0.0797191784,0.0949103758,-0.079969503,0.992268562],"scale":1,"type":"grape_vine_group"}
{"ctxid":0,"pos":[-613.557007,425.324005,191.852997],"rotationMatrix":[0.994135499,0.010091627,-0.107669719,-0.0106742093,0.999931335,-0.00483586965,0.107613526,0.00595679879,0.994174957],"scale":1,"type":"grape_vine_group"}
{"ctxid":0,"pos":[-583.598022,369.095001,190.720993],"rotationMatrix":[1,0,0,0,1,0,0,0,1],"scale":1,"type":"grape_vine_group"}
{"ctxid":0,"pos":[-598.754028,369.205994,190.828995],"rotationMatrix":[0.998833776,-0.037213292,-0.030761335,0.0371634141,0.999306798,-0.00219184905,0.0308215767,0.00104609679,0.999524355],"scale":1,"type":"grape_vine_group"}
{"ctxid":0,"pos":[-613.513977,369.846985,191.317001],"rotationMatrix":[0.99764657,-0.0473434553,-0.0495975651,0.0474027768,0.998875856,1.98280341e-05,0.0495408699,-0.00237084366,0.998769283],"scale":1,"type":"grape_vine_group"}
{"ctxid":0,"pos":[-625.190002,377.354004,191.994995],"rotationMatrix":[0.996720552,-0.0424252525,-0.0689074621,0.0466570854,0.997045994,0.0610114969,0.0661154762,-0.0640264302,0.995755672],"scale":0.958800018,"type":"grape_vine_group"}
{"ctxid":0,"pos":[-639.572998,377.928986,193.098007],"rotationMatrix":[0.995266438,-0.0542637669,-0.080623582,0.0591460206,0.996477246,0.0594545715,0.0771133378,-0.0639417022,0.994969845],"scale":1,"type":"grape_vine_group"}
{"ctxid":0,"pos":[-654.463013,378.07901,194.526993],"rotationMatrix":[0.994997978,-0.0136526627,-0.09895771,0.019884238,0.997861743,0.0622620173,0.0978960693,-0.0639182851,0.99314189],"scale":1,"type":"grape_vine_group"}
{"ctxid":0,"pos":[-668.611023,378.782013,196.617004],"rotationMatrix":[0.978581667,-0.106130943,-0.176392019,0.118511729,0.991066456,0.0611739308,0.16832377,-0.0807682127,0.982417226],"scale":0.943099976,"type":"grape_vine_group"}
{"ctxid":0,"pos":[-682.632019,379.378998,199.535995],"rotationMatrix":[0.966281176,-0.045498237,-0.253437579,0.067037262,0.994774342,0.0770065933,0.248609528,-0.0913997814,0.964281797],"scale":1,"type":"grape_vine_group"}
{"ctxid":0,"pos":[-627.517029,385.023987,192.253006],"rotationMatrix":[0.997899175,-0.0249827094,-0.0597754233,0.0277769864,0.99853754,0.0463812388,0.0585292764,-0.0479441807,0.997133732],"scale":0.943400025,"type":"grape_vine_group"}
{"ctxid":0,"pos":[-640.424011,385.437012,193.360992],"rotationMatrix":[0.996928453,-0.0141486274,-0.0770290568,0.0190051198,0.997852445,0.0626841635,0.0759767368,-0.0639555678,0.995056391],"scale":0.982299984,"type":"grape_vine_group"}
{"ctxid":0,"pos":[-653.802002,385.540009,194.712006],"rotationMatrix":[0.991263509,-0.0229696985,-0.129880905,0.0269157588,0.999225378,0.0287086368,0.129120871,-0.0319536664,0.991113901],"scale":1,"type":"grape_vine_group"}
{"ctxid":0,"pos":[-668.396973,386.265991,197.100006],"rotationMatrix":[0.976800084,-0.0870060325,-0.195682257,0.0982307941,0.993986487,0.0483898111,0.190295309,-0.0664891973,0.979472756],"scale":1,"type":"grape_vine_group"}
{"ctxid":0,"pos":[-682.109985,387.165009,200.261002],"rotationMatrix":[0.961859941,-0.0570145808,-0.267534643,0.0842283294,0.992249012,0.0913645849,0.26025188,-0.110413931,0.95920682],"scale":1,"type":"grape_vine_group"}
{"ctxid":0,"pos":[-628.502991,392.654999,192.485992],"rotationMatrix":[0.995641589,-0.0503377914,-0.0785107166,0.0550963841,0.996696472,0.0596701838,0.0752476901,-0.0637357756,0.99512589],"scale":1,"type":"grape_vine_group"}
{"ctxid":0,"pos":[-644.119019,393.148987,194.078003],"rotationMatrix":[0.992480278,-0.0407922007,-0.115407512,0.0513342731,0.99462688,0.0899008512,0.111120164,-0.0951491818,0.9892416],"scale":1,"type":"grape_vine_group"}
{"ctxid":0,"pos":[-658.833008,393.562988,195.889008],"rotationMatrix":[0.987740397,-0.0550318547,-0.146083549,0.0637487173,0.99641192,0.0556721464,0.142495647,-0.0643022656,0.987704515],"scale":1,"type":"grape_vine_group"}
{"ctxid":0,"pos":[-671.692993,394.246002,198.492996],"rotationMatrix":[0.968750954,-0.057515312,-0.241274908,0.0784780681,0.993845105,0.0781863108,0.235292971,-0.0946778506,0.967302084],"scale":0.919399977,"type":"grape_vine_group"}
{"ctxid":0,"pos":[-684.002991,394.53299,202.246994],"rotationMatrix":[0.948946238,-0.00448955549,-0.315405905,0.04868358,0.990002751,0.132379994,0.311658382,-0.140976578,0.939677954],"scale":0.876999974,"type":"grape_vine_group"}
{"ctxid":0,"pos":[-625.966003,400.93399,192.533005],"rotationMatrix":[0.994412422,-0.0259638764,-0.102322102,0.032323949,0.997614384,0.0609975718,0.100494266,-0.0639641955,0.992879391],"scale":1,"type":"grape_vine_group"}
{"ctxid":0,"pos":[-640.55603,401.471985,194.091003],"rotationMatrix":[0.993151784,-0.0319592841,-0.112374991,0.0371020623,0.998343468,0.0439745076,0.110783443,-0.0478427075,0.992692351],"scale":1,"type":"grape_vine_group"}
{"ctxid":0,"pos":[-655.572021,401.834991,195.987],"rotationMatrix":[0.989076138,-0.0400412977,-0.141862929,0.0508394092,0.996011257,0.0733275563,0.138360932,-0.0797387585,0.987166643],"scale":1,"type":"grape_vine_group"}
{"ctxid":0,"pos":[-669.901978,402.072998,198.688995],"rotationMatrix":[0.973228693,-0.0304233655,-0.227816433,0.05448227,0.993487239,0.100073911,0.223288134,-0.109806761,0.968547821],"scale":0.980700016,"type":"grape_vine_group"}
{"ctxid":0,"pos":[-683.080994,402.074005,202.645996],"rotationMatrix":[0.94143033,0.00737395417,-0.337126911,0.0195915196,0.996876001,0.0765141174,0.336637944,-0.0786375403,0.938344836],"scale":0.878400028,"type":"grape_vine_group"}
{"ctxid":0,"pos":[-638.658997,409.709015,194.229996],"rotationMatrix":[0.986839533,-0.0783115551,-0.141474515,0.082338579,0.996342897,0.0228295755,0.139169306,-0.0341779366,0.989678621],"scale":1,"type":"grape_vine_group"}
{"ctxid":0,"pos":[-652.934021,410.299988,196.322006],"rotationMatrix":[0.987323046,-0.0289007686,-0.156070337,0.0384545103,0.997543812,0.0585456602,0.153994977,-0.0638050884,0.986009359],"scale":1,"type":"grape_vine_group"}
{"ctxid":0,"pos":[-666.885986,410.235992,198.904999],"rotationMatrix":[0.969683886,-0.0259431154,-0.242981717,0.0619340502,0.987973332,0.141678751,0.23638387,-0.152432442,0.959628582],"scale":0.916599989,"type":"grape_vine_group"}
{"ctxid":0,"pos":[-680.718018,410.247986,202.964996],"rotationMatrix":[0.929353476,-0.00691264402,-0.369126439,0.0628180057,0.988206148,0.139651373,0.363807648,-0.152973279,0.918827057],"scale":1,"type":"grape_vine_group"}
{"ctxid":0,"pos":[-638.906006,417.652008,194.744995],"rotationMatrix":[0.988992572,-0.0423546545,-0.141773686,0.050943587,0.997044325,0.057509698,0.138918847,-0.0640991256,0.988227129],"scale":1,"type":"grape_vine_group"}
{"ctxid":0,"pos":[-653.570007,417.865997,197.057999],"rotationMatrix":[0.983062744,-0.0283855908,-0.181057721,0.0479696654,0.993344069,0.104720928,0.176880047,-0.111632518,0.977881193],"scale":1,"type":"grape_vine_group"}
{"ctxid":0,"pos":[-666.953979,417.971985,200.216995],"rotationMatrix":[0.96021688,5.00964816e-05,-0.279255331,0.0438733138,0.987554312,0.151035145,0.275787383,-0.157278344,0.948264122],"scale":0.913600028,"type":"grape_vine_group"}
{"ctxid":0,"pos":[-679.916992,417.559998,204.201996],"rotationMatrix":[0.933605552,-8.37470507e-05,-0.358302474,0.0781016126,0.976001501,0.203276187,0.349686742,-0.217763782,0.911206961],"scale":0.957400024,"type":"grape_vine_group"}
{"ctxid":0,"pos":[-628.461975,425.272003,193.940994],"rotationMatrix":[0.992034793,0.0020176142,-0.125947997,0.00603400543,0.997962713,0.0635138899,0.125819549,-0.0637679547,0.990001559],"scale":1,"type":"grape_vine_group"}
{"ctxid":0,"pos":[-643.109985,425.269012,195.835999],"rotationMatrix":[0.987723589,0.0033747456,-0.1561753,0.0141331358,0.99373579,0.110857718,0.155571103,-0.111704029,0.981488585],"scale":1,"type":"grape_vine_group"}
{"ctxid":0,"pos":[-656.046997,425.141998,198.412994],"rotationMatrix":[0.972714424,-0.00192344945,-0.231997743,0.0313747041,0.991870403,0.123323686,0.229874477,-0.127237588,0.964866996],"scale":0.935400009,"type":"grape_vine_group"}
{"ctxid":0,"pos":[-667.976013,424.88501,201.630005],"rotationMatrix":[0.951393843,7.04851482e-06,-0.307976872,0.0535402708,0.984769225,0.165417686,0.303287327,-0.17386654,0.936903],"scale":0.898500025,"type":"grape_vine_group"}
{"ctxid":0,"pos":[-678.713013,424.807007,205.205994],"rotationMatrix":[0.934706807,-4.80266681e-05,-0.355419725,0.0839354917,0.971744299,0.220607907,0.345366508,-0.236036047,0.908300042],"scale":1,"type":"grape_vine_group"}
{"ctxid":0,"pos":[-633.890015,432.963989,195.154999],"rotationMatrix":[0.986647248,0.0216446109,-0.161427125,-0.00663448498,0.995648742,0.0929492712,0.162736565,-0.0906371549,0.982497692],"scale":1,"type":"grape_vine_group"}
{"ctxid":0,"pos":[-648.770996,432.825012,197.518997],"rotationMatrix":[0.985204101,0.00684585096,-0.171248406,0.0123837451,0.993746519,0.110970713,0.170937195,-0.111449495,0.978958368],"scale":1,"type":"grape_vine_group"}
{"ctxid":0,"pos":[-662.64801,432.516998,201.184006],"rotationMatrix":[0.950128436,2.84033613e-05,-0.311858863,0.0390563607,0.992115974,0.119081877,0.309403539,-0.125323147,0.94263649],"scale":1,"type":"grape_vine_group"}
{"ctxid":0,"pos":[-676.741028,431.981995,205.977005],"rotationMatrix":[0.920100451,-0.0133411707,-0.391455203,0.0780521557,0.985620379,0.149867699,0.383826822,-0.168447271,0.907911062],"scale":1,"type":"grape_vine_group"}
{"ctxid":0,"pos":[-639.692017,440.890015,197.007996],"rotationMatrix":[0.986827612,0.0502354093,-0.153777987,-0.0252713952,0.986764431,0.160179004,0.159789309,-0.154182881,0.975035906],"scale":1,"type":"grape_vine_group"}
{"ctxid":0,"pos":[-644.857971,447.884003,198.981003],"rotationMatrix":[0.980189919,0.0329483561,-0.195300102,-0.00756473513,0.991574287,0.129318237,0.197915375,-0.125279039,0.972180367],"scale":0.89319998,"type":"grape_vine_group"}
{"ctxid":0,"pos":[-654.807007,440.239014,199.923996],"rotationMatrix":[0.971243858,0.0278835874,-0.236448452,0.00767297158,0.988936663,0.148139805,0.237963215,-0.145694137,0.96028471],"scale":1,"type":"grape_vine_group"}
{"ctxid":0,"pos":[-669.609985,439.821991,204.483002],"rotationMatrix":[0.948133469,0.0339074023,-0.316058874,0.0201241057,0.985897064,0.1661385,0.317234844,-0.163881868,0.934079647],"scale":1,"type":"grape_vine_group"}
{"ctxid":0,"pos":[-658.817017,447.769989,202.414001],"rotationMatrix":[0.961814404,0.0326652415,-0.271746278,0.0145097673,0.985371351,0.169802144,0.273317605,-0.167261124,0.947270393],"scale":1,"type":"grape_vine_group"}
{"ctxid":0,"pos":[-671.697998,446.931,206.483994],"rotationMatrix":[0.934761286,0.072616592,-0.347776026,-0.0124436114,0.984979868,0.17222026,0.355058432,-0.156657234,0.92162466],"scale":1,"type":"grape_vine_group"}
{"ctxid":0,"pos":[-668.057007,454.934998,206.563004],"rotationMatrix":[0.951198816,0.0830622837,-0.297189295,-0.0390918739,0.987767458,0.150954545,0.30609253,-0.131970093,0.942810297],"scale":1,"type":"grape_vine_group"}
{"ctxid":0,"pos":[-628.52301,370.036987,192.300995],"rotationMatrix":[0.997835159,0,-0.0657646954,0,1,0,0.0657646954,0,0.997835159],"scale":1,"type":"grape_vine_group"}
{"ctxid":0,"pos":[-643.338989,370.433014,193.524002],"rotationMatrix":[0.994887471,-0.0479394123,-0.0888860673,0.047939416,0.998847961,-0.00213599973,0.0888860598,-0.00213606632,0.99603951],"scale":1,"type":"grape_vine_group"}
{"ctxid":0,"pos":[-657.18103,370.859009,194.746002],"rotationMatrix":[0.993561029,-0.0360653028,-0.107404724,0.0394037552,0.998798847,0.0291239917,0.106225349,-0.0331686139,0.993788719],"scale":0.935500026,"type":"grape_vine_group"}
{"ctxid":0,"pos":[-670.099976,371.595001,196.339005],"rotationMatrix":[0.984511614,-0.0603310056,-0.164611816,0.0699062198,0.996144414,0.0530040301,0.160779357,-0.0636904761,0.984933257],"scale":0.978100002,"type":"grape_vine_group"}
{"ctxid":0,"pos":[-684.119019,372.195007,199.531998],"rotationMatrix":[0.957695246,-0.070176661,-0.279096842,0.0856886581,0.995360613,0.0437573381,0.274731278,-0.0658216253,0.959265471],"scale":0.944899976,"type":"grape_vine_group"}
{"ctxid":0,"pos":[250.759003,-236.076996,181.990143],"rotationMatrix":[-0.0335305929,-0.995839834,0.0847270042,0.994460285,-0.0247933865,0.102146901,-0.0996212885,0.0876826867,0.991154552],"scale":1,"type":"grape_vine_group"}
{"ctxid":0,"pos":[250.279007,-221.964996,181.10463],"rotationMatrix":[-0.0285393,0.999086618,-0.0318037905,-0.998400807,-0.0300440788,-0.0478866026,-0.0487983786,0.0303862821,0.998346329],"scale":1,"type":"grape_vine_group"}
{"ctxid":0,"pos":[258.904999,-249.785004,184.153793],"rotationMatrix":[-0.0190229416,0.984183729,-0.176126435,-0.98467654,-0.0489844084,-0.167369619,-0.173349902,0.17024371,0.97003448],"scale":1,"type":"grape_vine_group"}
{"ctxid":0,"pos":[258.490997,-235.154999,182.282715],"rotationMatrix":[0.00672626495,0.996881664,-0.0786238313,-0.995426178,-0.000818014145,-0.0955303684,-0.0952967852,0.078906782,0.992316604],"scale":1,"type":"grape_vine_group"}
{"ctxid":0,"pos":[257.934998,-220.115005,181.390121],"rotationMatrix":[-0.0461345911,0.998494208,-0.0296809096,-0.997732639,-0.0475162268,-0.0476632603,-0.0490018129,0.027414687,0.998422384],"scale":1,"type":"grape_vine_group"}
{"ctxid":0,"pos":[256.838013,-205.044006,181.425156],"rotationMatrix":[0.0669360161,-0.99559027,-0.065723151,0.992245674,0.0595076084,0.109120972,-0.104728758,-0.0725176334,0.991853356],"scale":1,"type":"grape_vine_group"}
{"ctxid":0,"pos":[266.463013,-249.285004,184.774979],"rotationMatrix":[0.0385215282,-0.982950985,0.179787397,0.988595486,0.0637018681,0.136458978,-0.145585269,0.172480404,0.974194765],"scale":1,"type":"grape_vine_group"}
{"ctxid":0,"pos":[266,-234.556,182.8349],"rotationMatrix":[0.0166313648,0.992057204,-0.124683417,-0.992647171,0.00142931938,-0.121035427,-0.119895853,0.125779629,0.98478651],"scale":1,"type":"grape_vine_group"}
{"ctxid":0,"pos":[265.242004,-219.770004,181.680176],"rotationMatrix":[0.0482416153,-0.998799205,0.00853684545,0.994248867,0.0488364697,0.0953111947,-0.0956136584,0.00388978282,0.995410919],"scale":1,"type":"grape_vine_group"}
{"ctxid":0,"pos":[264.467987,-205.186005,182.134949],"rotationMatrix":[-0.020285964,0.990566671,0.13552174,-0.993880689,-0.0052587986,-0.110333867,-0.108580366,-0.136930659,0.98461175],"scale":1,"type":"grape_vine_group"}
{"ctxid":0,"pos":[256.222992,-190.947006,182.118561],"rotationMatrix":[0.0303007923,0.998788297,0.0387746431,-0.994849265,0.0338900089,-0.0955321267,-0.0967304483,-0.0356802344,0.994670689],"scale":1,"type":"grape_vine_group"}
{"ctxid":0,"pos":[263.924988,-190.794006,182.837631],"rotationMatrix":[-0.00960409641,0.999912441,0.00910098013,-0.996810079,-0.00885236263,-0.0793180615,-0.0792305544,-0.00983372703,0.996807814],"scale":1,"type":"grape_vine_group"}
{"ctxid":0,"pos":[273.503998,-239.130997,184.051285],"rotationMatrix":[-0.00646531582,0.984111369,-0.177434444,-0.995289683,-0.023496747,-0.0940547585,-0.0967294946,0.175990582,0.979627848],"scale":1,"type":"grape_vine_group"}
{"ctxid":0,"pos":[273.298004,-224.229004,182.585266],"rotationMatrix":[-0.0129259825,0.999388993,-0.0324738026,-0.995284855,-0.015981555,-0.0956696048,-0.0961301327,0.0310840588,0.994883299],"scale":1,"type":"grape_vine_group"}
{"ctxid":0,"pos":[272.493011,-209.507004,182.541016],"rotationMatrix":[-0.0467449427,0.989919126,0.133697674,-0.998876274,-0.047369957,0.0014959916,0.00781416334,-0.133477494,0.991021037],"scale":1,"type":"grape_vine_group"}
{"ctxid":0,"pos":[271.764008,-194.666,183.311523],"rotationMatrix":[-0.00507831573,0.999987125,0,-0.999987125,-0.00507831573,0,0,0,1],"scale":1,"type":"grape_vine_group"}
{"ctxid":0,"pos":[281.123993,-230.669006,183.856216],"rotationMatrix":[0.0436234474,0.990939677,-0.127025992,-0.992343009,0.0282728672,-0.120233014,-0.115552269,0.131298348,0.984585404],"scale":1,"type":"grape_vine_group"}
{"ctxid":0,"pos":[280.630005,-216.567993,183.024597],"rotationMatrix":[-0.0255284309,0.999673247,0.0013015822,-0.994915426,-0.0252799988,-0.0974897146,-0.0974249542,-0.00378372357,0.995235682],"scale":1,"type":"grape_vine_group"}
{"ctxid":0,"pos":[279.627991,-201.130997,183.409286],"rotationMatrix":[-0.0821841955,0.996106744,0.0318919234,-0.996527612,-0.0817058086,-0.0160264317,-0.013358281,-0.0330983028,0.999362826],"scale":1,"type":"grape_vine_group"}
{"ctxid":0,"pos":[288.488007,-222.298004,183.908722],"rotationMatrix":[-0.00723397732,0.997182012,-0.0746708587,-0.991683006,-0.0167497396,-0.1276097,-0.128500819,0.0731266961,0.989009619],"scale":1,"type":"grape_vine_group"}
{"ctxid":0,"pos":[287.834991,-207.315002,183.856277],"rotationMatrix":[0.000396370888,0.99999994,1.5876547e-05,-0.99679631,0.000396370888,-0.0799812302,-0.0799812302,1.5876547e-05,0.99679637],"scale":1,"type":"grape_vine_group"}
{"ctxid":0,"pos":[295.920013,-212.358002,184.718002],"rotationMatrix":[-0.00791609287,-0.999968648,0,0.999968648,-0.00791609287,0,0,0,1],"scale":1,"type":"grape_vine_group"}
{"ctxid":0,"pos":[250.906998,-265.161011,185.92511],"rotationMatrix":[-0.058573842,-0.981809855,0.180605963,0.991435528,-0.0360583067,0.125520691,-0.11672511,0.186411396,0.97551322],"scale":1,"type":"grape_vine_group"}
{"ctxid":0,"pos":[250.626007,-250.988007,183.772858],"rotationMatrix":[0.00128805637,-0.988643348,0.150275216,0.995448172,0.0155882835,0.0940212309,-0.0952959955,0.149470076,0.984163284],"scale":1,"type":"grape_vine_group"}
{"ctxid":0,"pos":[258.825012,-264.326996,186.329315],"rotationMatrix":[-0.0783091784,-0.989074528,0.124896787,0.988008678,-0.0602749586,0.142147124,-0.133065954,0.134530529,0.981934309],"scale":1,"type":"grape_vine_group"}
{"ctxid":0,"pos":[193.725006,-234.570007,183.41217],"rotationMatrix":[0.056478858,0.992429435,-0.109059311,-0.998384535,0.0568184853,6.60218757e-06,0.00620313734,0.108882755,0.994035244],"scale":1,"type":"grape_vine_group"}
{"ctxid":0,"pos":[201.957993,-235.761002,183.253296],"rotationMatrix":[0.0269412994,0.994149506,-0.104598671,-0.99794358,0.0328360796,0.0550492331,0.0581617765,0.102900475,0.992989779],"scale":1,"type":"grape_vine_group"}
{"ctxid":0,"pos":[210.242996,-238.076004,183.206055],"rotationMatrix":[0.0571501255,0.99236089,-0.10933312,-0.996901929,0.062650919,0.047554221,0.0540407673,0.106276669,0.992866993],"scale":1,"type":"grape_vine_group"}
{"ctxid":0,"pos":[218.615997,-236.897995,182.717728],"rotationMatrix":[-0.0633838177,-0.99380368,0.0913057104,0.997972786,-0.0636422634,8.11400168e-05,0.00573026482,0.0911257565,0.995822906],"scale":0.976499975,"type":"grape_vine_group"}
{"ctxid":0,"pos":[219.294006,-223.572998,181.544235],"rotationMatrix":[-0.0779294968,-0.99285686,0.0903450325,0.996933818,-0.0782490969,4.4143685e-06,0.00706503447,0.0900683701,0.995910525],"scale":0.832099974,"type":"grape_vine_group"}
{"ctxid":0,"pos":[210.867996,-224.742004,181.93045],"rotationMatrix":[-0.0849903822,-0.993366003,0.0774637759,0.995645463,-0.0876588821,-0.0317189097,0.0382988751,0.074430652,0.996490479],"scale":0.892099977,"type":"grape_vine_group"}
{"ctxid":0,"pos":[227.005997,-235.891006,182.254089],"rotationMatrix":[0.0445725918,0.99285996,-0.110645376,-0.996691704,0.0517305136,0.0626869723,0.0679631308,0.107485205,0.991881013],"scale":1,"type":"grape_vine_group"}
{"ctxid":0,"pos":[227.016998,-221.847,181.232574],"rotationMatrix":[0.0285634995,0.996685088,-0.0761774182,-0.999589801,0.0286389589,-0.000101872531,0.00208010711,0.0761490837,0.997094274],"scale":1,"type":"grape_vine_group"}
{"ctxid":0,"pos":[234.921005,-235.651993,181.897034],"rotationMatrix":[-0.0456124544,-0.995287359,0.0855719596,0.998943865,-0.0449690819,0.00943208206,-0.00553953974,0.0859118029,0.996287346],"scale":1,"type":"grape_vine_group"}
{"ctxid":0,"pos":[235.052002,-222.468994,181.022736],"rotationMatrix":[-0.04078722,-0.997895777,0.0504024401,0.998719513,-0.039206028,0.0319719203,-0.0299285669,0.0516419448,0.998217106],"scale":1,"type":"grape_vine_group"}
{"ctxid":0,"pos":[234.727997,-207.628006,180.666229],"rotationMatrix":[-0.0213063955,0.999772966,0,-0.999772966,-0.0213063955,0,0,0,1],"scale":1,"type":"grape_vine_group"}
{"ctxid":0,"pos":[242.828003,-248.804993,183.253891],"rotationMatrix":[-0.0217662454,-0.99018234,0.138076723,0.999481678,-0.018275138,0.0265015215,-0.0237179603,0.138581991,0.990066886],"scale":1,"type":"grape_vine_group"}
{"ctxid":0,"pos":[242.964005,-233.845001,181.746826],"rotationMatrix":[-0.0250741243,-0.997720897,0.0626445562,0.999680519,-0.0252246857,-0.00161358353,0.0031900953,0.0625840873,0.998034596],"scale":1,"type":"grape_vine_group"}
{"ctxid":0,"pos":[242.584,-219.380005,180.925903],"rotationMatrix":[0.034137249,-0.998485565,0.043141257,0.999242306,0.0349068642,0.0172136221,-0.0186934788,0.042520944,0.998920679],"scale":0.924300015,"type":"grape_vine_group"}
{"ctxid":0,"pos":[241.972,-205.565994,180.683151],"rotationMatrix":[0.0342524052,-0.999409199,-0.00282364246,0.998176992,0.0340694189,0.0498191677,-0.049693536,-0.00452492107,0.998754263],"scale":1,"type":"grape_vine_group"}
{"ctxid":0,"pos":[249.371002,-206.654999,180.964172],"rotationMatrix":[-0.0585154295,0.99828589,-0.00112526224,-0.997129858,-0.0585018396,-0.0480580963,-0.0480415486,-0.00169010751,0.998843908],"scale":1,"type":"grape_vine_group"}
{"ctxid":0,"pos":[248.895996,-191.682999,181.552002],"rotationMatrix":[0.00129199028,0.998315632,0.0580022521,-0.99260962,0.00831854343,-0.12106581,-0.121344388,-0.0574171804,0.990948439],"scale":1,"type":"grape_vine_group"}
{"ctxid":0,"pos":[109.268997,-234.800003,190.707001],"rotationMatrix":[-0.011111021,0.987341702,-0.158217758,-0.998621285,-0.00283837318,0.0524167307,0.0513041466,0.158582017,0.986011982],"scale":1,"type":"grape_vine_group"}
{"ctxid":0,"pos":[108.802002,-219.973999,188.796997],"rotationMatrix":[0.0128735304,0.99156028,-0.129005536,-0.996946752,0.022665143,0.0747226253,0.077015914,0.12764971,0.988824606],"scale":1,"type":"grape_vine_group"}
{"ctxid":0,"pos":[108.792999,-204.955002,186.856003],"rotationMatrix":[0.0191864967,0.990339398,-0.137330875,-0.996314764,0.0304230452,0.0801957324,0.0835990161,0.135286108,0.987273455],"scale":1,"type":"grape_vine_group"}
{"ctxid":0,"pos":[101.650002,-234.550003,191.192993],"rotationMatrix":[0.0404520035,-0.991698802,0.122053795,0.99450773,0.0281600952,-0.100803889,0.0965300426,0.125461161,0.987391233],"scale":1,"type":"grape_vine_group"}
{"ctxid":0,"pos":[101.160004,-219.889008,189.412003],"rotationMatrix":[-0.014606595,0.988047183,-0.153458297,-0.989932895,0.00731897354,0.141348109,0.14078176,0.153978035,0.977993488],"scale":0.955299973,"type":"grape_vine_group"}
{"ctxid":0,"pos":[101.167,-205.957993,187.513],"rotationMatrix":[-0.00487887859,0.992183626,-0.124691218,-0.998869181,0.00106167793,0.0475313403,0.047292199,0.124782115,0.991056442],"scale":0.947000027,"type":"grape_vine_group"}
{"ctxid":0,"pos":[101.032997,-193.445999,186.460999],"rotationMatrix":[-0.0204324722,-0.996604145,0.0797666535,0.998668909,-0.0241237879,-0.0455903821,0.0473598354,0.0787289515,0.995770454],"scale":0.863600016,"type":"grape_vine_group"}
{"ctxid":0,"pos":[94.1575012,-234.828995,192.119995],"rotationMatrix":[0.017980814,-0.994623601,0.101983286,0.996076941,0.00898051262,-0.0880344734,0.0866452977,0.103166133,0.990883112],"scale":0.938899994,"type":"grape_vine_group"}
{"ctxid":0,"pos":[93.4235992,-221.602005,190.419998],"rotationMatrix":[-0.0126744509,0.983912647,-0.178200111,-0.99560827,0.00411391258,0.0935269818,0.0927554816,0.178602904,0.979539394],"scale":1,"type":"grape_vine_group"}
{"ctxid":0,"pos":[93.611702,-207.755005,188.179001],"rotationMatrix":[-0.0404056311,-0.990837455,0.128874034,0.997467339,-0.0475552082,-0.0528902784,0.0585343018,0.126410574,0.990249515],"scale":0.970000029,"type":"grape_vine_group"}
{"ctxid":0,"pos":[93.7496033,-193.417007,186.542007],"rotationMatrix":[-0.040009737,-0.99379766,0.103756644,0.996854126,-0.0468102694,-0.0639579669,0.0684181526,0.100871295,0.992544174],"scale":1,"type":"grape_vine_group"}
{"ctxid":0,"pos":[86.3809967,-233.147995,192.324997],"rotationMatrix":[0.0469263792,-0.997230947,0.0576923452,0.998894513,0.0470080376,5.83443725e-05,-0.00277018687,0.0576258302,0.998334408],"scale":1,"type":"grape_vine_group"}
{"ctxid":0,"pos":[85.8820038,-218.335007,190.559998],"rotationMatrix":[-0.0309289694,-0.981418133,0.189372391,0.99950397,-0.0314939022,2.60915713e-05,0.0059384685,0.189279258,0.981905341],"scale":1,"type":"grape_vine_group"}
{"ctxid":0,"pos":[86.1323013,-204.291,188.117004],"rotationMatrix":[-0.0143860579,-0.989844084,0.141427442,0.999871612,-0.0132426023,0.0090229949,-0.00705849053,0.141539082,0.989907503],"scale":1,"type":"grape_vine_group"}
{"ctxid":0,"pos":[86.0076981,-190.037994,186.503006],"rotationMatrix":[-0.0262409449,-0.995525837,0.0907727927,0.999628127,-0.0268058777,-0.00500985049,0.00742068002,0.0906075686,0.995859027],"scale":1,"type":"grape_vine_group"}
{"ctxid":0,"pos":[78.5537033,-231.751007,192.419006],"rotationMatrix":[0.0520228148,-0.998276889,0.027145477,0.998645425,0.0520305634,-0.00042128074,-0.000991839683,0.0271306224,0.999631405],"scale":1,"type":"grape_vine_group"}
{"ctxid":0,"pos":[78.0128021,-217.514999,190.651993],"rotationMatrix":[0.0284945965,-0.97093749,0.237630814,0.999195814,0.0343756676,0.0206410252,-0.0282098651,0.236851558,0.971136212],"scale":0.987399995,"type":"grape_vine_group"}
{"ctxid":0,"pos":[78.1060028,-204.822998,188.268997],"rotationMatrix":[-0.0592246056,-0.990230799,0.126235723,0.996667862,-0.051551342,0.063211374,-0.056086231,0.129558757,0.989984274],"scale":0.963500023,"type":"grape_vine_group"}
{"ctxid":0,"pos":[78.3953018,-189.981995,186.533005],"rotationMatrix":[-0.0091881752,-0.996258795,0.0859303996,0.997789741,-0.00347864628,0.0663587674,-0.0658115819,0.0863501877,0.994088769],"scale":1,"type":"grape_vine_group"}
{"ctxid":0,"pos":[70.6816025,-233.233994,192.115997],"rotationMatrix":[-0.0515054464,0.998111844,-0.033466205,-0.996584177,-0.0535349846,-0.0628810152,-0.0645538941,0.0301131736,0.997459769],"scale":1,"type":"grape_vine_group"}
{"ctxid":0,"pos":[70.2238007,-219.259995,190.593994],"rotationMatrix":[-0.00387501717,0.971051931,-0.238837153,-0.99371928,-0.0304499865,-0.107679389,-0.111834861,0.23691982,0.965070963],"scale":0.924700022,"type":"grape_vine_group"}
{"ctxid":0,"pos":[70.1567001,-205.884003,188.130005],"rotationMatrix":[-0.0292470455,-0.99226737,0.120623656,0.996694565,-0.0197994709,0.0787905306,-0.0757929906,0.122529335,0.989566565],"scale":0.924799979,"type":"grape_vine_group"}
{"ctxid":0,"pos":[70.4104004,-192.483994,186.876999],"rotationMatrix":[0.0387358665,0.996402681,-0.0753739029,-0.999066114,0.0400633812,0.0161802489,0.0191417765,0.0746767521,0.997024059],"scale":0.898599982,"type":"grape_vine_group"}
{"ctxid":0,"pos":[63.0918007,-234.149994,191.376007],"rotationMatrix":[-0.00363993645,0.996646523,-0.0817459524,-0.984466016,-0.0179210901,-0.174658179,-0.175537452,0.0798403621,0.981229901],"scale":0.940699995,"type":"grape_vine_group"}
{"ctxid":0,"pos":[54.9000015,-234.009003,190.149002],"rotationMatrix":[-0.0486540794,0.997021437,-0.0598421991,-0.996584117,-0.0524609089,-0.0637805164,-0.0667299181,0.0565346032,0.996168137],"scale":0.952600002,"type":"grape_vine_group"}
{"ctxid":0,"pos":[46.7406998,-233.718002,189.800995],"rotationMatrix":[-0.0954960585,0.995429814,0,-0.995429814,-0.0954960585,0,0,0,1],"scale":0.975000024,"type":"grape_vine_group"}
{"ctxid":0,"pos":[62.7608986,-220.903,189.807999],"rotationMatrix":[-0.00868761539,0.984744132,-0.173791453,-0.99786371,-0.0197912455,-0.0622600093,-0.0647497252,0.172879294,0.982812405],"scale":0.944500029,"type":"grape_vine_group"}
{"ctxid":0,"pos":[54.4660988,-220.154007,189.313004],"rotationMatrix":[-0.00532507896,0.995263994,-0.0970628187,-0.997972548,0.000866889954,0.0636398867,0.0634226352,0.0972049162,0.993241549],"scale":0.972199976,"type":"grape_vine_group"}
{"ctxid":0,"pos":[45.8115997,-220.022003,189.115005],"rotationMatrix":[0.0128526688,-0.995801091,0.0906369388,0.999368191,0.0157966614,0.0318389386,-0.0331370123,0.090170458,0.995374918],"scale":0.943599999,"type":"grape_vine_group"}
{"ctxid":0,"pos":[62.6402016,-207.078995,187.878006],"rotationMatrix":[0.00620746613,0.996011674,-0.089006491,-0.999980569,0.00623273849,6.00997828e-06,0.000560740184,0.0890047252,0.996031046],"scale":1,"type":"grape_vine_group"}
{"ctxid":0,"pos":[62.8134003,-192.149994,186.697998],"rotationMatrix":[-0.0296590328,-0.997683823,0.0612150133,0.99955827,-0.0297195911,-7.88123216e-05,0.00189791492,0.0611856356,0.998124599],"scale":1,"type":"grape_vine_group"}
{"ctxid":0,"pos":[54.6296005,-206.626999,187.834],"rotationMatrix":[-0.00779211521,-0.996788561,0.0796984434,0.999969482,-0.00781476498,2.77158852e-05,0.000595197722,0.0796962231,0.996819019],"scale":1,"type":"grape_vine_group"}
{"ctxid":0,"pos":[45.7967987,-206.766006,187.889999],"rotationMatrix":[0.0648167133,0.994773746,-0.0788921863,-0.997884154,0.0650174618,-2.41465041e-05,0.00510534924,0.0787268206,0.996883154],"scale":1,"type":"grape_vine_group"}
{"ctxid":0,"pos":[46.0816994,-192.061005,186.748001],"rotationMatrix":[-0.0135440826,-0.995405197,0.0947894007,0.999907374,-0.0136111975,-6.14932433e-05,0.00135140796,0.0947797894,0.995497346],"scale":1,"type":"grape_vine_group"}
{"ctxid":0,"pos":[54.3986015,-191.970993,186.712006],"rotationMatrix":[0.0015553236,0.997428298,-0.0716547593,-0.999998748,0.00156545639,8.52530502e-05,0.000197206216,0.0716545433,0.99742949],"scale":1,"type":"grape_vine_group"}
{"ctxid":0,"pos":[193.522003,-280.026001,189.256805],"rotationMatrix":[0.0564389229,0.996516168,-0.0614021271,-0.998217583,0.0575164557,0.0159237627,0.0193999186,0.060393963,0.997986078],"scale":1,"type":"grape_vine_group"}
{"ctxid":0,"pos":[193.772995,-265.002991,187.669907],"rotationMatrix":[0.0383689404,0.993455172,-0.107585661,-0.997923434,0.0436689854,0.0473475084,0.0517357849,0.10554558,0.993067741],"scale":1,"type":"grape_vine_group"}
{"ctxid":0,"pos":[193.725998,-250.033005,185.67749],"rotationMatrix":[-0.00965332985,-0.985243678,0.170885116,0.997841656,-0.0205917358,-0.0623540729,0.0649527758,0.169914365,0.983315945],"scale":1,"type":"grape_vine_group"}
{"ctxid":0,"pos":[201.649994,-280.09201,188.780182],"rotationMatrix":[-0.0331604481,-0.996475577,0.0770503655,0.999361634,-0.0320335627,0.0158158429,-0.0132919038,0.077525638,0.996901751],"scale":1,"type":"grape_vine_group"}
{"ctxid":0,"pos":[201.852005,-265.645996,187.125977],"rotationMatrix":[0.0499747992,0.990871847,-0.125201777,-0.998023391,0.0543268919,0.0315887555,0.0381022319,0.123375669,0.991628289],"scale":1,"type":"grape_vine_group"}
{"ctxid":0,"pos":[201.906998,-250.929001,185.177399],"rotationMatrix":[0.0512933731,0.986290932,-0.156841114,-0.997110188,0.0593893528,0.0473730229,0.0560382754,0.153957948,0.986487031],"scale":1,"type":"grape_vine_group"}
{"ctxid":0,"pos":[209.632996,-280.503998,188.430496],"rotationMatrix":[0.0742225647,0.991364717,-0.108106531,-0.997208595,0.0746662617,5.6599325e-05,0.00812802091,0.107800558,0.994139314],"scale":1,"type":"grape_vine_group"}
{"ctxid":0,"pos":[209.921997,-265.462006,186.644257],"rotationMatrix":[-0.0386725664,-0.993344665,0.108493246,0.996943295,-0.0457313061,-0.0633458197,0.0678857714,0.10571187,0.992076874],"scale":1,"type":"grape_vine_group"}
{"ctxid":0,"pos":[210.063004,-251.563995,184.807617],"rotationMatrix":[0.04497087,0.988914311,-0.141513765,-0.997525632,0.0521149635,0.0471871905,0.0540390685,0.139041558,0.988811016],"scale":1,"type":"grape_vine_group"}
{"ctxid":0,"pos":[217.496002,-280.286011,188.184555],"rotationMatrix":[0.0803487301,0.988670409,-0.126786903,-0.996422887,0.0830098391,0.0158380643,0.0261831861,0.125060812,0.991803527],"scale":1,"type":"grape_vine_group"}
{"ctxid":0,"pos":[217.955002,-265.291992,186.233398],"rotationMatrix":[0.0704772472,0.987250566,-0.142721117,-0.997405291,0.0718508959,0.00448747166,0.0146848988,0.142034531,0.989752769],"scale":1,"type":"grape_vine_group"}
{"ctxid":0,"pos":[218.001999,-250.914001,184.294037],"rotationMatrix":[-0.0416991711,-0.992151737,0.117881887,0.998455167,-0.0457162857,-0.031580247,0.0367215164,0.116382912,0.992525339],"scale":1,"type":"grape_vine_group"}
{"ctxid":0,"pos":[225.542007,-279.920013,187.984848],"rotationMatrix":[-0.0639284849,-0.990726292,0.11989402,0.997953117,-0.0632647276,0.00933825132,-0.00166658894,0.120245591,0.992742777],"scale":1,"type":"grape_vine_group"}
{"ctxid":0,"pos":[226.216995,-265.432007,185.81601],"rotationMatrix":[0.0727851391,0.985140145,-0.155567437,-0.997189939,0.0746568441,0.00621497212,0.0177367926,0.154677913,0.987805724],"scale":1,"type":"grape_vine_group"}
{"ctxid":0,"pos":[226.478226,-250.484055,183.702774],"rotationMatrix":[0.0396261215,0.990923822,-0.128451526,-0.994367659,0.0517531596,0.0924901813,0.09829849,0.124062985,0.98739326],"scale":1,"type":"grape_vine_group"}
{"ctxid":0,"pos":[233.695999,-279.221985,187.739487],"rotationMatrix":[0.0867893696,0.985138178,-0.148223892,-0.99614203,0.0877554417,-2.22787676e-05,0.0129855061,0.147653997,0.988953829],"scale":1,"type":"grape_vine_group"}
{"ctxid":0,"pos":[234.363998,-264.825012,185.545319],"rotationMatrix":[0.0575830936,0.985652208,-0.158662856,-0.998297632,0.0583256483,2.35696589e-05,0.00927734468,0.158391386,0.987332821],"scale":1,"type":"grape_vine_group"}
{"ctxid":0,"pos":[234.657837,-250.28656,183.276596],"rotationMatrix":[-0.000902444008,-0.99206692,0.125708684,0.999401927,-0.00524003897,-0.0341787301,0.0345663056,0.125602663,0.991478145],"scale":1,"type":"grape_vine_group"}
{"ctxid":0,"pos":[241.884995,-278.126007,187.706818],"rotationMatrix":[-0.0964878798,-0.985995352,0.136026725,0.995019376,-0.0921154022,0.0380950905,-0.0250314251,0.139024928,0.989972472],"scale":1,"type":"grape_vine_group"}
{"ctxid":0,"pos":[242.511993,-263.147003,185.288544],"rotationMatrix":[-0.0569094419,-0.98599416,0.156770051,0.994958222,-0.0430227518,0.09059342,-0.0825799033,0.161135271,0.983471394],"scale":1,"type":"grape_vine_group"}
{"ctxid":0,"pos":[249.934006,-279.247009,187.995987],"rotationMatrix":[-0.0999913216,-0.987419784,0.122490369,0.994502187,-0.0953344107,0.0433217958,-0.0310992524,0.126148745,0.991523743],"scale":0.949000001,"type":"grape_vine_group"}
{"ctxid":0,"pos":[107.797997,-306.865997,192.972],"rotationMatrix":[1,0,0,0,1,0,0,0,1],"scale":1,"type":"grape_vine_group"}
{"ctxid":0,"pos":[107.888,-298.977997,193.315994],"rotationMatrix":[-1,0,0,0,-1,0,0,0,1],"scale":1,"type":"grape_vine_group"}
{"ctxid":0,"pos":[108.008003,-290.868988,193.688995],"rotationMatrix":[1,0,0,0,1,0,0,0,1],"scale":1,"type":"grape_vine_group"}
{"ctxid":0,"pos":[108.098999,-282.864014,194.003998],"rotationMatrix":[-1,0,0,0,-1,0,0,0,1],"scale":1,"type":"grape_vine_group"}
{"ctxid":0,"pos":[108.315002,-275.43399,194.268997],"rotationMatrix":[1,0,0,0,1,0,0,0,1],"scale":1,"type":"grape_vine_group"}
{"ctxid":0,"pos":[93.4304962,-307.194,192.845001],"rotationMatrix":[-1,0,0,0,-1,0,0,0,1],"scale":1,"type":"grape_vine_group"}
{"ctxid":0,"pos":[93.3564987,-299.221008,193.020004],"rotationMatrix":[1,0,0,0,1,0,0,0,1],"scale":1,"type":"grape_vine_group"}
{"ctxid":0,"pos":[93.7260971,-291.317993,193.397003],"rotationMatrix":[-1,0,0,0,-1,0,0,0,1],"scale":1,"type":"grape_vine_group"}
{"ctxid":0,"pos":[93.2931976,-283.188995,193.845001],"rotationMatrix":[-1,0,0,0,-1,0,0,0,1],"scale":1,"type":"grape_vine_group"}
{"ctxid":0,"pos":[93.4309006,-275.824005,193.945999],"rotationMatrix":[1,0,0,0,1,0,0,0,1],"scale":1,"type":"grape_vine_group"}
{"ctxid":0,"pos":[76.9273987,-307.30899,192.156998],"rotationMatrix":[1,0,0,0,1,0,0,0,1],"scale":1,"type":"grape_vine_group"}
{"ctxid":0,"pos":[76.688797,-299.610992,192.389008],"rotationMatrix":[-1,0,0,0,-1,0,0,0,1],"scale":1,"type":"grape_vine_group"}
{"ctxid":0,"pos":[76.6716003,-291.765991,192.867004],"rotationMatrix":[1,0,0,0,1,0,0,0,1],"scale":1,"type":"grape_vine_group"}
{"ctxid":0,"pos":[76.3641968,-283.778992,193.173996],"rotationMatrix":[-1,0,0,0,-1,0,0,0,1],"scale":1,"type":"grape_vine_group"}
