{"ctxid":0,"pos":[-603.474976,422.834015,190.968002],"rotationMatrix":[0.998531103,0,-0.0541815087,0,1,0,0.0541815087,0,0.998531103],"scale":0.949599981,"type":"grape_vine"}
{"ctxid":0,"pos":[-603.616028,425.009003,190.869003],"rotationMatrix":[0.997247219,0,-0.0741483942,0,1,0,0.0741483942,0,0.997247219],"scale":0.971800029,"type":"grape_vine"}
{"ctxid":0,"pos":[-598.526001,422.67099,190.496002],"rotationMatrix":[0.997066259,0,-0.0765432864,0,1,0,0.0765432864,0,0.997066259],"scale":1.06599998,"type":"grape_vine"}
{"ctxid":0,"pos":[-598.317993,424.950989,190.367996],"rotationMatrix":[0.998283029,0,-0.0585746951,0,1,0,0.0585746951,0,0.998283029],"scale":1.04569995,"type":"grape_vine"}
{"ctxid":0,"pos":[-593.357971,422.589996,190.048004],"rotationMatrix":[0.997577906,0,-0.0695580468,0,1,0,0.0695580468,0,0.997577906],"scale":0.943700016,"type":"grape_vine"}
{"ctxid":0,"pos":[-623.646973,430.356995,193.276993],"rotationMatrix":[0.994571209,0,-0.104058206,0,1,0,0.104058206,0,0.994571209],"scale":0.975899994,"type":"grape_vine"}
{"ctxid":0,"pos":[-575.376953,394.511841,190.289993],"rotationMatrix":[1,0,0,0,1,0,0,0,1],"scale":0.91109997,"type":"grape_vine"}
{"ctxid":0,"pos":[-636.109009,445.635986,196.947998],"rotationMatrix":[1,0,0,0,1,0,0,0,1],"scale":0.961600006,"type":"grape_vine"}
{"ctxid":0,"pos":[-636.236023,447.796997,197.095993],"rotationMatrix":[1,0,0,0,1,0,0,0,1],"scale":0.976199985,"type":"grape_vine"}
{"ctxid":0,"pos":[-658.094971,453.036987,203.192001],"rotationMatrix":[0.990860462,0,-0.134890854,0,1,0,0.134890854,0,0.990860462],"scale":1.08019996,"type":"grape_vine"}
{"ctxid":0,"pos":[-679.028015,436.835999,207.531998],"rotationMatrix":[0.957484722,0,-0.288483977,0,1,0,0.288483977,0,0.957484722],"scale":1.00820005,"type":"grape_vine"}
{"ctxid":0,"pos":[-678.73999,439.179993,207.666],"rotationMatrix":[0.985955119,0,-0.167010486,0,1,0,0.167010486,0,0.985955119],"scale":0.995199978,"type":"grape_vine"}
{"ctxid":0,"pos":[-678.382996,441.417999,207.75],"rotationMatrix":[0.975474477,0.174537688,-0.134112418,-0.172905669,0.984650493,0.0238125846,0.136210054,-3.97729236e-05,0.990679979],"scale":1.04100001,"type":"grape_vine"}
{"ctxid":0,"pos":[273.790985,-184.311005,183.999573],"rotationMatrix":[0.132181004,-0.984869599,-0.112071224,0.991113484,0.13301897,0,0.0149075976,-0.111075282,0.993700266],"scale":1.04530001,"type":"grape_vine"}
{"ctxid":0,"pos":[271.429993,-184.475998,183.802887],"rotationMatrix":[0.180731684,-0.976005554,-0.121445119,0.983283818,0.182079434,0,0.0221126657,-0.11941506,0.992598057],"scale":1.01160002,"type":"grape_vine"}
{"ctxid":0,"pos":[260.848999,-180.785995,182.974701],"rotationMatrix":[-0.102315545,0.99475199,0,-0.99475199,-0.102315545,0,0,0,1],"scale":1.02419996,"type":"grape_vine"}
{"ctxid":0,"pos":[263.791992,-181.001007,183.39505],"rotationMatrix":[0.0662021637,0.997806251,0,-0.997806251,0.0662021637,0,0,0,1],"scale":0.922399998,"type":"grape_vine"}
{"ctxid":0,"pos":[268.609985,-184.013,183.620224],"rotationMatrix":[0.137332916,-0.981407166,-0.134088069,0.990350604,0.138584375,2.87957363e-07,0.0185822286,-0.132794246,0.990969419],"scale":1.05840003,"type":"grape_vine"}
{"ctxid":0,"pos":[258.571991,-181.141998,182.597015],"rotationMatrix":[0.130383253,-0.991463661,0,0.991463661,0.130383253,0,0,0,1],"scale":0.904900014,"type":"grape_vine"}
{"ctxid":0,"pos":[256.141998,-181.709,182.324036],"rotationMatrix":[0.0273863394,-0.998515666,-0.0470795631,0.999623895,0.0274226665,-0.000125773164,0.0014166336,-0.0470584184,0.998891175],"scale":0.95450002,"type":"grape_vine"}
{"ctxid":0,"pos":[253.684006,-181.610992,182.123566],"rotationMatrix":[0.158895493,0.987295389,0,-0.987295389,0.158895493,0,0,0,1],"scale":1.09660006,"type":"grape_vine"}
{"ctxid":0,"pos":[251.158997,-181.643997,181.815933],"rotationMatrix":[-0.0460366011,-0.998939753,0,0.998939753,-0.0460366011,0,0,0,1],"scale":0.943700016,"type":"grape_vine"}
{"ctxid":0,"pos":[256.131989,-176.563995,182.432495],"rotationMatrix":[0.0412732363,0.997762203,-0.0526029915,-0.999145448,0.0413327217,4.30095097e-05,0.00221713795,0.0525562651,0.998615503],"scale":0.987500012,"type":"grape_vine"}
{"ctxid":0,"pos":[254.078003,-176.375,182.097778],"rotationMatrix":[-0.0481276512,-0.998833597,-0.00390126836,0.995654583,-0.0482854843,0.0796267912,-0.0797222853,-5.20655085e-05,0.996817112],"scale":1.04299998,"type":"grape_vine"}
{"ctxid":0,"pos":[278.247009,-240.472,184.848557],"rotationMatrix":[-0.0345257521,-0.992189229,0.119868763,0.999394953,-0.0347803831,-3.21851367e-05,0.00420101546,0.119795129,0.992789745],"scale":0.915600002,"type":"grape_vine"}
{"ctxid":0,"pos":[285.834991,-231.826996,184.613892],"rotationMatrix":[-0.0348156691,-0.996355176,0.0778732672,0.999390304,-0.0349148512,8.79507716e-05,0.00263130316,0.0778288469,0.996963263],"scale":0.912599981,"type":"grape_vine"}
{"ctxid":0,"pos":[293.591003,-222.434006,184.349365],"rotationMatrix":[0.0795469284,-0.996831119,0,0.996831119,0.0795469284,0,0,0,1],"scale":0.919700027,"type":"grape_vine"}
{"ctxid":0,"pos":[293.766998,-202.007004,184.288422],"rotationMatrix":[0.0590825081,0.998253107,0,-0.998253107,0.0590825081,0,0,0,1],"scale":0.99970001,"type":"grape_vine"}
{"ctxid":0,"pos":[301.746002,-214.054001,184.542999],"rotationMatrix":[0.0683875084,-0.997658849,0,0.997658849,0.0683875084,0,0,0,1],"scale":1.07700002,"type":"grape_vine"}
{"ctxid":0,"pos":[301.566986,-208.643005,185.022003],"rotationMatrix":[-0.0848646164,0.996392488,0,-0.996392488,-0.0848646164,0,0,0,1],"scale":0.921199977,"type":"grape_vine"}
{"ctxid":0,"pos":[304.119995,-211.287003,184.514008],"rotationMatrix":[0.116347909,-0.993208528,0,0.993208528,0.116347909,0,0,0,1],"scale":0.959399998,"type":"grape_vine"}
{"ctxid":0,"pos":[307.145996,-210.423004,184.235992],"rotationMatrix":[0.115815878,-0.993270695,0,0.993270695,0.115815878,0,0,0,1],"scale":0.907800019,"type":"grape_vine"}
{"ctxid":0,"pos":[284.79599,-196.632996,184.045746],"rotationMatrix":[-0.187340498,0.982295036,0,-0.982295036,-0.187340498,0,0,0,1],"scale":0.98299998,"type":"grape_vine"}
{"ctxid":0,"pos":[287.614014,-196.981995,184.103149],"rotationMatrix":[-0.115121722,0.9933514,0,-0.9933514,-0.115121722,0,0,0,1],"scale":0.981100023,"type":"grape_vine"}
{"ctxid":0,"pos":[276.562012,-191.046997,183.929718],"rotationMatrix":[0.053311944,0.998577893,0,-0.998577893,0.053311944,0,0,0,1],"scale":1.01619995,"type":"grape_vine"}
{"ctxid":0,"pos":[279.205994,-190.589005,184.011749],"rotationMatrix":[-0.0576395988,-0.998337448,0,0.998337448,-0.0576395988,0,0,0,1],"scale":1.00399995,"type":"grape_vine"}
{"ctxid":0,"pos":[264.156006,-259.294006,186.496994],"rotationMatrix":[-0.0556819439,-0.990896761,0.122568838,0.998425245,-0.0560985804,5.18564957e-05,0.00682455348,0.122378714,0.992460012],"scale":1.00399995,"type":"grape_vine"}
{"ctxid":0,"pos":[266.36499,-258.386993,186.606995],"rotationMatrix":[-0.172772646,-0.981520832,0.0822587833,0.984859824,-0.173352599,9.30392562e-05,0.0141684543,0.0810294449,0.996610999],"scale":0.957700014,"type":"grape_vine"}
{"ctxid":0,"pos":[255.343994,-274.164001,187.757004],"rotationMatrix":[-0.14835608,-0.98357445,0.102819055,0.988816082,-0.14914012,6.28655325e-05,0.0152726136,0.101678461,0.994700074],"scale":1.03120005,"type":"grape_vine"}
{"ctxid":0,"pos":[254.389999,-279.244995,188.102997],"rotationMatrix":[0.168634415,0.9828403,-0.0747487843,-0.985597432,0.169108629,1.51438571e-05,0.0126555478,0.0736696497,0.997202396],"scale":1.01250005,"type":"grape_vine"}
{"ctxid":0,"pos":[257.55899,-273.779999,187.783997],"rotationMatrix":[-0.208749413,-0.976230383,0.0582915358,0.977892101,-0.209110141,-9.04843255e-05,0.0122776851,0.056983944,0.998299599],"scale":1.03380001,"type":"grape_vine"}
{"ctxid":0,"pos":[248.625,-182.065994,181.611084],"rotationMatrix":[0.109154463,-0.994024813,0,0.994024813,0.109154463,0,0,0,1],"scale":0.917699993,"type":"grape_vine"}
{"ctxid":0,"pos":[243.839996,-195.304993,180.962372],"rotationMatrix":[-0.00581181049,0.99736166,0.072359845,-0.999983013,-0.00583231449,7.20733369e-05,0.000493908592,-0.0723581985,0.997378588],"scale":0.918099999,"type":"grape_vine"}
{"ctxid":0,"pos":[229.472,-211.692001,180.794098],"rotationMatrix":[-0.0399703979,0.999200881,0,-0.999200881,-0.0399703979,0,0,0,1],"scale":0.913299978,"type":"grape_vine"}
{"ctxid":0,"pos":[241.419006,-195.804001,180.811996],"rotationMatrix":[0.0954874754,-0.995430648,0,0.995430648,0.0954874754,0,0,0,1],"scale":0.928799987,"type":"grape_vine"}
{"ctxid":0,"pos":[243.839996,-190.768005,181.095734],"rotationMatrix":[0.0645616055,-0.997913718,0,0.997913718,0.0645616055,0,0,0,1],"scale":1.00030005,"type":"grape_vine"}
{"ctxid":0,"pos":[204.608994,-225.981003,182.119293],"rotationMatrix":[0.106864929,0.99059397,-0.0854601637,-0.994231939,0.107251525,-6.79585428e-05,0.0090984134,0.0849744827,0.996341586],"scale":1.0819,"type":"grape_vine"}
{"ctxid":0,"pos":[202.238007,-225.934998,182.254517],"rotationMatrix":[0.183997035,0.980512977,-0.0688431337,-0.982845008,0.184433579,-1.51460163e-05,0.0126821352,0.0676649213,0.997627497],"scale":0.984700024,"type":"grape_vine"}
{"ctxid":0,"pos":[199.119003,-226.113998,182.282166],"rotationMatrix":[-0.05484128,0.99580586,-0.0732336491,-0.998487115,-0.0549863577,3.51600502e-05,-0.00399183901,0.0731247813,0.997314811],"scale":0.965200007,"type":"grape_vine"}
{"ctxid":0,"pos":[106.328003,-194.832001,186.117996],"rotationMatrix":[0.0925400257,0.995239437,-0.0305754654,-0.995704949,0.0925832987,-4.37370005e-07,0.00283034216,0.0304441825,0.999532461],"scale":0.960600019,"type":"grape_vine"}
{"ctxid":0,"pos":[108.952003,-195.427994,186.149994],"rotationMatrix":[-0.0448796749,-0.998992383,0,0.998992383,-0.0448796749,0,0,0,1],"scale":0.905600011,"type":"grape_vine"}
{"ctxid":0,"pos":[111.457001,-194.751007,185.858002],"rotationMatrix":[0.0224859715,0.998590767,-0.0480712615,-0.999746561,0.0225131512,2.39801502e-05,0.001106182,0.0480585396,0.998843908],"scale":1.06789994,"type":"grape_vine"}
{"ctxid":0,"pos":[968.317993,501.726013,181.552994],"rotationMatrix":[0.552920341,0.833234131,0,-0.833234131,0.552920341,0,0,0,1],"scale":1.02079999,"type":"grape_vine"}
{"ctxid":0,"pos":[645.940002,784.461975,179.60141],"rotationMatrix":[0.513310194,0.858203173,0,-0.858203173,0.513310194,0,0,0,1],"scale":0.922500014,"type":"grape_vine"}
{"ctxid":0,"pos":[648.672974,788.229004,179.549026],"rotationMatrix":[-0.56503427,-0.825067461,0,0.825067461,-0.56503427,0,0,0,1],"scale":0.990400016,"type":"grape_vine"}
{"ctxid":0,"pos":[643.572998,785.322021,179.642365],"rotationMatrix":[0.599487543,0.800384104,0,-0.800384104,0.599487543,0,0,0,1],"scale":0.903800011,"type":"grape_vine"}
{"ctxid":0,"pos":[656.565002,792.22998,179.673462],"rotationMatrix":[0.483871937,0.875138819,0,-0.875138819,0.483871937,0,0,0,1],"scale":0.958199978,"type":"grape_vine"}
{"ctxid":0,"pos":[658.409973,791.106995,179.71962],"rotationMatrix":[-0.398126364,-0.917330563,0,0.917330563,-0.398126364,0,0,0,1],"scale":0.902700007,"type":"grape_vine"}
{"ctxid":0,"pos":[636.984009,784.739014,179.588562],"rotationMatrix":[0.476121545,0.879379511,0,-0.879379511,0.476121545,0,0,0,1],"scale":0.938300014,"type":"grape_vine"}
{"ctxid":0,"pos":[705.19397,752.307007,178.505432],"rotationMatrix":[0.386611223,0.922242761,0,-0.922242761,0.386611223,0,0,0,1],"scale":0.929400027,"type":"grape_vine"}
{"ctxid":0,"pos":[598.067017,751.921021,179.012695],"rotationMatrix":[0.432248354,0.901754618,0,-0.901754618,0.432248354,0,0,0,1],"scale":0.922900021,"type":"grape_vine"}
{"ctxid":0,"pos":[600.124023,750.862976,179.030518],"rotationMatrix":[-0.376140594,-0.926562607,0,0.926562607,-0.376140594,0,0,0,1],"scale":1.03310001,"type":"grape_vine"}
{"ctxid":0,"pos":[601.36499,765.038025,179.159058],"rotationMatrix":[-0.363230824,-0.931699157,0,0.931699157,-0.363230824,0,0,0,1],"scale":0.90109998,"type":"grape_vine"}
{"ctxid":0,"pos":[599.401978,760.661011,179.133987],"rotationMatrix":[0.469755888,0.882796347,0,-0.882796347,0.469755888,0,0,0,1],"scale":1.03219998,"type":"grape_vine"}
{"ctxid":0,"pos":[610.637024,767.020996,179.346375],"rotationMatrix":[0.440318108,0.897841811,0,-0.897841811,0.440318108,0,0,0,1],"scale":0.943199992,"type":"grape_vine"}
{"ctxid":0,"pos":[624.515015,777.671997,179.481094],"rotationMatrix":[0.438623905,0.898670733,0,-0.898670733,0.438623905,0,0,0,1],"scale":0.970300019,"type":"grape_vine"}
{"ctxid":0,"pos":[597.85498,746.132996,178.988495],"rotationMatrix":[0.404641271,0.914475501,0,-0.914475501,0.404641271,0,0,0,1],"scale":0.984099984,"type":"grape_vine"}
{"ctxid":0,"pos":[602.070007,749.458984,179.045624],"rotationMatrix":[-0.405158401,-0.9142465,0,0.9142465,-0.405158401,0,0,0,1],"scale":1.08840001,"type":"grape_vine"}
{"ctxid":0,"pos":[599.88501,744.757996,178.845062],"rotationMatrix":[0.420035481,0.907507658,0,-0.907507658,0.420035481,0,0,0,1],"scale":1.02520001,"type":"grape_vine"}
{"ctxid":0,"pos":[597.702026,740.495972,178.948105],"rotationMatrix":[-0.470612526,-0.882340014,0,0.882340014,-0.470612526,0,0,0,1],"scale":1.09249997,"type":"grape_vine"}
{"ctxid":0,"pos":[595.627991,736.489014,178.746887],"rotationMatrix":[0.364259243,0.9312976,0,-0.9312976,0.364259243,0,0,0,1],"scale":0.943799973,"type":"grape_vine"}
{"ctxid":0,"pos":[593.776001,732.098022,178.774872],"rotationMatrix":[0.363131046,0.931738079,0,-0.931738079,0.363131046,0,0,0,1],"scale":1.08850002,"type":"grape_vine"}
{"ctxid":0,"pos":[963.427002,493.149994,181.811996],"rotationMatrix":[0.452314258,0.891858637,0,-0.891858637,0.452314258,0,0,0,1],"scale":0.929199994,"type":"grape_vine"}
{"ctxid":0,"pos":[965.896973,497.446014,181.501007],"rotationMatrix":[0.493981957,0.869472146,0,-0.869472146,0.493981957,0,0,0,1],"scale":1.0819,"type":"grape_vine"}
{"ctxid":0,"pos":[661.687988,406.674011,173.516998],"rotationMatrix":[0.756118774,-0.654434383,0,0.654434383,0.756118774,0,0,0,1],"scale":0.949800014,"type":"grape_vine"}
{"ctxid":0,"pos":[658.231018,409.503998,173.565994],"rotationMatrix":[0.78153944,-0.623855829,0,0.623855829,0.78153944,0,0,0,1],"scale":0.976400018,"type":"grape_vine"}
{"ctxid":0,"pos":[654.73999,412.475006,173.263],"rotationMatrix":[0.763883352,-0.625721753,0.157969907,0.633688927,0.773587942,-8.62455636e-05,-0.122149646,0.100169666,0.987443924],"scale":1.01750004,"type":"grape_vine"}
{"ctxid":0,"pos":[324.52121,841.069885,177.864883],"rotationMatrix":[1,0,0,0,1,0,0,0,1],"scale":1.05305707,"type":"grape_vine"}
{"ctxid":0,"pos":[814.9198,-681.430481,180.211151],"rotationMatrix":[0.715032876,-0.699090302,0,0.699090302,0.715032876,0,0,0,1],"scale":0.993954539,"type":"grape_vine"}
