{"ctxid":0,"pos":[1132.90771,-600.204102,140.099991],"rotationMatrix":[0.0230559055,0.999734163,0,-0.999734163,0.0230559055,0,0,0,1],"scale":1,"type":"holm_oak_city_tall"}
{"ctxid":0,"pos":[1091.82202,-600.651978,146.048569],"rotationMatrix":[-0.868170798,0.49626556,0,-0.49626556,-0.868170798,0,0,0,1],"scale":0.899948239,"type":"holm_oak_city_tall"}
{"ctxid":0,"pos":[1092.27258,-588.466858,146.092056],"rotationMatrix":[-0.99347055,0.0640754998,0.0943958163,-0.0637882203,-0.99794507,0.00606091507,0.0945901796,1.39660661e-09,0.995516241],"scale":0.937135458,"type":"holm_oak_city_tall"}
{"ctxid":0,"pos":[1090.46594,-575.798584,146.063858],"rotationMatrix":[-0.205684036,-0.977983594,0.0352427997,0.963935912,-0.208681509,-0.165164977,0.16888313,1.16352048e-08,0.985636115],"scale":0.953209043,"type":"holm_oak_city_tall"}
{"ctxid":0,"pos":[1088.54846,-563.359436,146.110001],"rotationMatrix":[-0.965786338,0.199384183,0.165837973,-0.196508124,-0.979921401,0.0337429792,0.16923596,-1.85971472e-09,0.985575557],"scale":0.94667846,"type":"holm_oak_city_tall"}
{"ctxid":0,"pos":[1088.19043,-548.221741,145.15741],"rotationMatrix":[-0.165790632,-0.985606492,0.0330748186,0.96655941,-0.169057593,-0.192826241,0.195642248,9.07725273e-09,0.98067522],"scale":0.848322272,"type":"holm_oak_city_tall"}
{"ctxid":0,"pos":[1125.76538,-476.258972,140.029404],"rotationMatrix":[0.0292912666,0.999570906,0,-0.999570906,0.0292912666,0,0,0,1],"scale":1.15027356,"type":"holm_oak_city_tall"}
{"ctxid":0,"pos":[1125.86218,-465.697327,140.02655],"rotationMatrix":[-0.340158075,0.940368295,0,-0.940368295,-0.340158075,0,0,0,1],"scale":1.05050755,"type":"holm_oak_city_tall"}
{"ctxid":0,"pos":[1099.26709,-476.14209,144.073349],"rotationMatrix":[-0.639291823,0.763284385,-0.093290925,-0.768305004,-0.639048934,0.0363920927,-0.0318399444,0.0949410498,0.99497366],"scale":0.983037591,"type":"holm_oak_city_tall"}
{"ctxid":0,"pos":[351,1541,157.233414],"rotationMatrix":[-0.391446114,0.920201004,0,-0.920201004,-0.391446114,0,0,0,1],"scale":1.02853048,"type":"holm_oak_city_tall"}
{"ctxid":0,"pos":[1168.16846,1311.58716,143.979416],"rotationMatrix":[-0.451212138,-0.892416716,0,0.892416716,-0.451212138,0,0,0,1],"scale":1.08526051,"type":"holm_oak_city_tall"}
{"ctxid":0,"pos":[1157.31677,1312.10693,143.993378],"rotationMatrix":[0.571223438,-0.820794582,0,0.820794582,0.571223438,0,0,0,1],"scale":1.14052725,"type":"holm_oak_city_tall"}
{"ctxid":0,"pos":[1109.5199,1317.01904,142.937546],"rotationMatrix":[0.105034821,0.99446857,0,-0.99446857,0.105034821,0,0,0,1],"scale":0.967879534,"type":"holm_oak_city_tall"}
{"ctxid":0,"pos":[1121.896,1316.05591,142.993561],"rotationMatrix":[0.575623274,0.817715049,0,-0.817715049,0.575623274,0,0,0,1],"scale":0.815882683,"type":"holm_oak_city_tall"}
{"ctxid":0,"pos":[1144.87622,1313.70483,143.416183],"rotationMatrix":[0.275953025,0.96117115,0,-0.96117115,0.275953025,0,0,0,1],"scale":1.09037125,"type":"holm_oak_city_tall"}
{"ctxid":0,"pos":[1133.47375,1315.14294,143.069458],"rotationMatrix":[0.0132601708,-0.999912083,0,0.999912083,0.0132601708,0,0,0,1],"scale":1.04349768,"type":"holm_oak_city_tall"}
{"ctxid":0,"pos":[1094.25171,1317.0752,142.985107],"rotationMatrix":[0.118743397,-0.992924988,0,0.992924988,0.118743397,0,0,0,1],"scale":0.94071269,"type":"holm_oak_city_tall"}
{"ctxid":0,"pos":[1046.77869,1316.99524,143.970749],"rotationMatrix":[0.189607188,0.981860042,0,-0.981860042,0.189607188,0,0,0,1],"scale":0.915679336,"type":"holm_oak_city_tall"}
{"ctxid":0,"pos":[1067.52539,1316.96802,143.800995],"rotationMatrix":[0.593499124,-0.804834664,0,0.804834664,0.593499124,0,0,0,1],"scale":1.00648725,"type":"holm_oak_city_tall"}
{"ctxid":0,"pos":[1080.58569,1317.00208,143.223785],"rotationMatrix":[0.677240014,-0.735762179,0,0.735762179,0.677240014,0,0,0,1],"scale":0.866805077,"type":"holm_oak_city_tall"}
{"ctxid":0,"pos":[1057.52246,1316.69556,143.920685],"rotationMatrix":[-0.890059531,-0.455844343,0,0.455844343,-0.890059531,0,0,0,1],"scale":0.957524419,"type":"holm_oak_city_tall"}
{"ctxid":0,"pos":[729.192871,916.247559,179.633301],"rotationMatrix":[-0.957343936,-0.28895089,0,0.28895089,-0.957343936,0,0,0,1],"scale":1.10912967,"type":"holm_oak_city_tall"}
{"ctxid":0,"pos":[718.628052,916.343079,180.121185],"rotationMatrix":[-0.693687439,-0.720276177,0,0.720276177,-0.693687439,0,0,0,1],"scale":0.916495264,"type":"holm_oak_city_tall"}
{"ctxid":0,"pos":[706.658447,916.44342,180.343918],"rotationMatrix":[0.995247781,-0.0973750427,0,0.0973750427,0.995247781,0,0,0,1],"scale":0.916690052,"type":"holm_oak_city_tall"}
{"ctxid":0,"pos":[694.954895,916.32074,180.233002],"rotationMatrix":[-0.0889516845,-0.996035933,0,0.996035933,-0.0889516845,0,0,0,1],"scale":0.895391703,"type":"holm_oak_city_tall"}
{"ctxid":0,"pos":[683.070068,916.366333,179.738449],"rotationMatrix":[0.545214474,0.838296592,0,-0.838296592,0.545214474,0,0,0,1],"scale":0.887714028,"type":"holm_oak_city_tall"}
{"ctxid":0,"pos":[671.93988,916.345337,179.029739],"rotationMatrix":[-0.802763999,-0.596296847,0,0.596296847,-0.802763999,0,0,0,1],"scale":0.800450265,"type":"holm_oak_city_tall"}
{"ctxid":0,"pos":[197.060455,-376.668549,194.269531],"rotationMatrix":[0.623261094,0.782013834,0,-0.782013834,0.623261094,0,0,0,1],"scale":0.926436186,"type":"holm_oak_city_tall"}
{"ctxid":0,"pos":[196.930084,-365.158875,194.209244],"rotationMatrix":[0.587608337,-0.80914551,0,0.80914551,0.587608337,0,0,0,1],"scale":1.11722445,"type":"holm_oak_city_tall"}
{"ctxid":0,"pos":[184.935226,-376.773956,194.234039],"rotationMatrix":[0.995606303,-0.093637988,0,0.093637988,0.995606303,0,0,0,1],"scale":1.13878131,"type":"holm_oak_city_tall"}
{"ctxid":0,"pos":[184.962585,-365.251007,194.243896],"rotationMatrix":[-0.92436254,-0.381515324,0,0.381515324,-0.92436254,0,0,0,1],"scale":0.967781901,"type":"holm_oak_city_tall"}
{"ctxid":0,"pos":[175.451584,-365.135895,194.292358],"rotationMatrix":[-0.995352566,0.0962980986,0,-0.0962980986,-0.995352566,0,0,0,1],"scale":1.02258003,"type":"holm_oak_city_tall"}
{"ctxid":0,"pos":[175.46994,-376.86618,194.247726],"rotationMatrix":[-0.720478952,0.693476796,0,-0.693476796,-0.720478952,0,0,0,1],"scale":1.010548,"type":"holm_oak_city_tall"}
{"ctxid":0,"pos":[165.568268,-376.775848,194.236847],"rotationMatrix":[0.00851187389,-0.99996376,0,0.99996376,0.00851187389,0,0,0,1],"scale":1.02323556,"type":"holm_oak_city_tall"}
{"ctxid":0,"pos":[165.443497,-365.112183,194.240601],"rotationMatrix":[-0.197466999,0.980309546,0,-0.980309546,-0.197466999,0,0,0,1],"scale":1.18909168,"type":"holm_oak_city_tall"}
{"ctxid":0,"pos":[155.905884,-365.16214,194.280807],"rotationMatrix":[-0.998789132,-0.0491960794,0,0.0491960794,-0.998789132,0,0,0,1],"scale":0.816765904,"type":"holm_oak_city_tall"}
{"ctxid":0,"pos":[155.875504,-376.75769,194.259613],"rotationMatrix":[-0.305521667,-0.952185154,0,0.952185154,-0.305521667,0,0,0,1],"scale":0.870463014,"type":"holm_oak_city_tall"}
{"ctxid":0,"pos":[145.552429,-376.715607,194.266449],"rotationMatrix":[-0.827205002,0.561900258,0,-0.561900258,-0.827205002,0,0,0,1],"scale":1.03843641,"type":"holm_oak_city_tall"}
{"ctxid":0,"pos":[145.574768,-365.153534,194.308029],"rotationMatrix":[0.0802774727,-0.996772528,0,0.996772528,0.0802774727,0,0,0,1],"scale":0.921475947,"type":"holm_oak_city_tall"}
{"ctxid":0,"pos":[1135.21973,-758.552856,147.209763],"rotationMatrix":[0.769221187,-0.638982594,0,0.638982594,0.769221187,0,0,0,1],"scale":1.16330349,"type":"holm_oak_city_tall"}
{"ctxid":0,"pos":[1152.09851,-758.570618,146.192078],"rotationMatrix":[0.883506238,0.468419433,0,-0.468419433,0.883506238,0,0,0,1],"scale":1.13421595,"type":"holm_oak_city_tall"}
{"ctxid":0,"pos":[1077.62158,-684.101624,146.95903],"rotationMatrix":[0.0462829284,0.998928368,0,-0.998928368,0.0462829284,0,0,0,1],"scale":1.1452812,"type":"holm_oak_city_tall"}
{"ctxid":0,"pos":[1091.224,-682.445374,146.219818],"rotationMatrix":[-0.45328775,-0.891364276,0,0.891364276,-0.45328775,0,0,0,1],"scale":1.08755326,"type":"holm_oak_city_tall"}
{"ctxid":0,"pos":[1104.71069,-684.736023,146.098557],"rotationMatrix":[0.969419241,-0.245410562,0,0.245410562,0.969419241,0,0,0,1],"scale":0.803828418,"type":"holm_oak_city_tall"}
{"ctxid":0,"pos":[1104.74695,-693.434143,146.0867],"rotationMatrix":[0.626443744,0.779466629,0,-0.779466629,0.626443744,0,0,0,1],"scale":0.844028234,"type":"holm_oak_city_tall"}
{"ctxid":0,"pos":[1054.18115,-470.693298,153.008713],"rotationMatrix":[-0.852627695,0.522518933,0,-0.522518933,-0.852627695,0,0,0,1],"scale":0.886097848,"type":"holm_oak_city_tall"}
{"ctxid":0,"pos":[1142.89246,-766.389709,147.127579],"rotationMatrix":[-0.2693564,-0.96304059,0,0.96304059,-0.2693564,0,0,0,1],"scale":0.944568396,"type":"holm_oak_city_tall"}
{"ctxid":0,"pos":[1153.97351,-795.339722,146.880096],"rotationMatrix":[-0.181301862,0.983427465,0,-0.983427465,-0.181301862,0,0,0,1],"scale":1.09051824,"type":"holm_oak_city_tall"}
{"ctxid":0,"pos":[1165.45679,-787.983887,147.113831],"rotationMatrix":[0.781495869,-0.623910427,0,0.623910427,0.781495869,0,0,0,1],"scale":0.988824546,"type":"holm_oak_city_tall"}
{"ctxid":0,"pos":[1385.46448,1339.95483,143.012817],"rotationMatrix":[-0.142670467,-0.989770234,0,0.989770234,-0.142670467,0,0,0,1],"scale":1.18731618,"type":"holm_oak_city_tall"}
{"ctxid":0,"pos":[1375.37805,1331.23022,143.722443],"rotationMatrix":[0.873411775,-0.486982465,0,0.486982465,0.873411775,0,0,0,1],"scale":0.866202414,"type":"holm_oak_city_tall"}
{"ctxid":0,"pos":[1376.78687,1312.58813,143.795761],"rotationMatrix":[-0.990521073,-0.137360886,0,0.137360886,-0.990521073,0,0,0,1],"scale":1.13758099,"type":"holm_oak_city_tall"}
{"ctxid":0,"pos":[653.07959,1266.48438,150.646652],"rotationMatrix":[0.915075302,0.403282762,0,-0.403282762,0.915075302,0,0,0,1],"scale":1.12792897,"type":"holm_oak_city_tall"}
{"ctxid":0,"pos":[663.290283,1275.99146,150.862259],"rotationMatrix":[-0.266259879,0.963901281,0,-0.963901281,-0.266259879,0,0,0,1],"scale":0.956113696,"type":"holm_oak_city_tall"}
{"ctxid":0,"pos":[654.994019,1269.42529,150.807831],"rotationMatrix":[-0.541032076,0.841001928,0,-0.841001928,-0.541032076,0,0,0,1],"scale":1.1840874,"type":"holm_oak_city_tall"}
{"ctxid":0,"pos":[1181.35522,1163.69409,154.169846],"rotationMatrix":[0.620051622,0.784561038,0,-0.784561038,0.620051622,0,0,0,1],"scale":1.11183846,"type":"holm_oak_city_tall"}
{"ctxid":0,"pos":[389.566711,1279.16821,168.75322],"rotationMatrix":[-0.0636838228,-0.997970104,0,0.997970104,-0.0636838228,0,0,0,1],"scale":1.19526565,"type":"holm_oak_city_tall"}
{"ctxid":0,"pos":[415.910614,1284.96692,169.654007],"rotationMatrix":[-0.632795572,0.774318933,0,-0.774318933,-0.632795572,0,0,0,1],"scale":0.974333048,"type":"holm_oak_city_tall"}
{"ctxid":0,"pos":[950.398071,1317.05469,143.968063],"rotationMatrix":[-0.149806961,-0.988715291,0,0.988715291,-0.149806961,0,0,0,1],"scale":1.11254787,"type":"holm_oak_city_tall"}
{"ctxid":0,"pos":[940.169189,1316.96826,143.944229],"rotationMatrix":[0.988507211,-0.151173711,0,0.151173711,0.988507211,0,0,0,1],"scale":0.953217387,"type":"holm_oak_city_tall"}
{"ctxid":0,"pos":[928.014038,1317.06958,143.968506],"rotationMatrix":[-0.384848654,0.922979712,0,-0.922979712,-0.384848654,0,0,0,1],"scale":1.03955519,"type":"holm_oak_city_tall"}
{"ctxid":0,"pos":[916.596802,1316.72656,144.009735],"rotationMatrix":[-0.980901897,0.194503054,0,-0.194503054,-0.980901897,0,0,0,1],"scale":1.03071618,"type":"holm_oak_city_tall"}
{"ctxid":0,"pos":[904.251526,1316.89587,144.006195],"rotationMatrix":[0.392893642,0.919583917,0,-0.919583917,0.392893642,0,0,0,1],"scale":0.819877207,"type":"holm_oak_city_tall"}
{"ctxid":0,"pos":[890.883667,1317.08752,143.998169],"rotationMatrix":[0.895505905,0.445049584,0,-0.445049584,0.895505905,0,0,0,1],"scale":1.04954422,"type":"holm_oak_city_tall"}
{"ctxid":0,"pos":[878.223999,1317.09509,143.967896],"rotationMatrix":[-0.523244143,-0.852182806,0,0.852182806,-0.523244143,0,0,0,1],"scale":1.17371237,"type":"holm_oak_city_tall"}
{"ctxid":0,"pos":[863.868896,1316.98511,143.969055],"rotationMatrix":[-0.909083128,0.416614771,0,-0.416614771,-0.909083128,0,0,0,1],"scale":1.09127104,"type":"holm_oak_city_tall"}
{"ctxid":0,"pos":[851.220337,1317.21411,144.005692],"rotationMatrix":[0.999986887,-0.00512369908,0,0.00512369908,0.999986887,0,0,0,1],"scale":1.11451519,"type":"holm_oak_city_tall"}
{"ctxid":0,"pos":[1182.36011,1311.36218,143.984039],"rotationMatrix":[-0.575651705,0.817695022,0,-0.817695022,-0.575651705,0,0,0,1],"scale":1.13722336,"type":"holm_oak_city_tall"}
{"ctxid":0,"pos":[1196.28406,1310.88245,143.13446],"rotationMatrix":[0.228462413,-0.973552763,0,0.973552763,0.228462413,0,0,0,1],"scale":0.84325546,"type":"holm_oak_city_tall"}
{"ctxid":0,"pos":[1209.13879,1310.6261,142.228409],"rotationMatrix":[-0.908403575,-0.418094397,0,0.418094397,-0.908403575,0,0,0,1],"scale":0.905871451,"type":"holm_oak_city_tall"}
{"ctxid":0,"pos":[1221.36206,1310.63367,141.920929],"rotationMatrix":[-0.948835254,-0.31577152,0,0.31577152,-0.948835254,0,0,0,1],"scale":1.05815351,"type":"holm_oak_city_tall"}
{"ctxid":0,"pos":[1234.53662,1310.93652,142.02066],"rotationMatrix":[0.930927753,-0.365203321,0,0.365203321,0.930927753,0,0,0,1],"scale":0.822397947,"type":"holm_oak_city_tall"}
{"ctxid":0,"pos":[219.855484,-928.651123,255.122543],"rotationMatrix":[-0.677517474,0.735506654,0,-0.735506654,-0.677517474,0,0,0,1],"scale":0.801863909,"type":"holm_oak_city_tall"}
{"ctxid":0,"pos":[1246.35327,1311.95447,142.306671],"rotationMatrix":[0.381882101,0.924211025,0,-0.924211025,0.381882101,0,0,0,1],"scale":1.01454425,"type":"holm_oak_city_tall"}
{"ctxid":0,"pos":[1256.73364,1313.37195,142.637878],"rotationMatrix":[0.999803305,0.0198316127,0,-0.0198316127,0.999803305,0,0,0,1],"scale":0.995910883,"type":"holm_oak_city_tall"}
{"ctxid":0,"pos":[1267.35022,1314.39783,142.856216],"rotationMatrix":[0.950385928,-0.311073333,0,0.311073333,0.950385928,0,0,0,1],"scale":0.990177572,"type":"holm_oak_city_tall"}
{"ctxid":0,"pos":[1278.14868,1314.86279,142.9888],"rotationMatrix":[-0.565691292,-0.824617088,0,0.824617088,-0.565691292,0,0,0,1],"scale":0.854157329,"type":"holm_oak_city_tall"}
{"ctxid":0,"pos":[1292.35535,1314.89331,143.008087],"rotationMatrix":[-0.0500288121,-0.998747766,0,0.998747766,-0.0500288121,0,0,0,1],"scale":0.989738822,"type":"holm_oak_city_tall"}
{"ctxid":0,"pos":[1345.91492,1320.13647,144.01088],"rotationMatrix":[-0.76349473,-0.645814002,0,0.645814002,-0.76349473,0,0,0,1],"scale":1.05194688,"type":"holm_oak_city_tall"}
{"ctxid":0,"pos":[1334.80176,1319.49011,143.917206],"rotationMatrix":[-0.971873641,0.235502988,0,-0.235502988,-0.971873641,0,0,0,1],"scale":1.07838786,"type":"holm_oak_city_tall"}
{"ctxid":0,"pos":[1303.38403,1315.35522,143.051575],"rotationMatrix":[-0.867008865,-0.498292744,0,0.498292744,-0.867008865,0,0,0,1],"scale":0.896504104,"type":"holm_oak_city_tall"}
{"ctxid":0,"pos":[1313.16345,1316.44165,143.302719],"rotationMatrix":[0.234616503,0.972087979,0,-0.972087979,0.234616503,0,0,0,1],"scale":0.894895732,"type":"holm_oak_city_tall"}
{"ctxid":0,"pos":[1323.93567,1318.32825,143.568451],"rotationMatrix":[-0.012729289,0.999918997,0,-0.999918997,-0.012729289,0,0,0,1],"scale":1.1622287,"type":"holm_oak_city_tall"}
{"ctxid":0,"pos":[1028.755,1317.05237,144.011581],"rotationMatrix":[0.585743248,-0.810496628,0,0.810496628,0.585743248,0,0,0,1],"scale":1.02402806,"type":"holm_oak_city_tall"}
{"ctxid":0,"pos":[974.297974,1317.14148,143.974457],"rotationMatrix":[0.291440636,0.956588924,0,-0.956588924,0.291440636,0,0,0,1],"scale":1.10583508,"type":"holm_oak_city_tall"}
{"ctxid":0,"pos":[1000.30493,1316.68555,143.96759],"rotationMatrix":[-0.678414583,-0.734679282,0,0.734679282,-0.678414583,0,0,0,1],"scale":0.956519723,"type":"holm_oak_city_tall"}
{"ctxid":0,"pos":[1018.60645,1316.99316,143.933655],"rotationMatrix":[0.964212477,0.265130699,0,-0.265130699,0.964212477,0,0,0,1],"scale":1.03677869,"type":"holm_oak_city_tall"}
{"ctxid":0,"pos":[1010.03259,1316.85083,143.95723],"rotationMatrix":[0.776657641,0.629922926,0,-0.629922926,0.776657641,0,0,0,1],"scale":1.07463789,"type":"holm_oak_city_tall"}
{"ctxid":0,"pos":[991.127197,1317.17505,143.990982],"rotationMatrix":[-0.872741222,0.488183141,0,-0.488183141,-0.872741222,0,0,0,1],"scale":0.849511743,"type":"holm_oak_city_tall"}
{"ctxid":0,"pos":[982.387756,1317.10059,143.926483],"rotationMatrix":[-0.64560467,-0.763671815,0,0.763671815,-0.64560467,0,0,0,1],"scale":1.04763269,"type":"holm_oak_city_tall"}
{"ctxid":0,"pos":[613.202209,1252.92834,156.075226],"rotationMatrix":[0.284078717,0.958800972,0,-0.958800972,0.284078717,0,0,0,1],"scale":0.872247159,"type":"holm_oak_city_tall"}
{"ctxid":0,"pos":[614.127869,1254.92786,156.106079],"rotationMatrix":[-0.999730706,0.0232051928,0,-0.0232051928,-0.999730706,0,0,0,1],"scale":1.13492775,"type":"holm_oak_city_tall"}
{"ctxid":0,"pos":[604.840027,1268.84668,156.512375],"rotationMatrix":[-0.250741839,-0.968053997,0,0.968053997,-0.250741839,0,0,0,1],"scale":1.14470649,"type":"holm_oak_city_tall"}
{"ctxid":0,"pos":[642.889343,1278.60742,151.099426],"rotationMatrix":[0.323602498,-0.946193099,0,0.946193099,0.323602498,0,0,0,1],"scale":0.936678767,"type":"holm_oak_city_tall"}
{"ctxid":0,"pos":[662.900146,1268.54675,150.909882],"rotationMatrix":[-0.63405627,-0.773286879,0,0.773286879,-0.63405627,0,0,0,1],"scale":1.15590084,"type":"holm_oak_city_tall"}
{"ctxid":0,"pos":[666.303711,1232.90015,150.078201],"rotationMatrix":[0.988244951,-0.152878851,0,0.152878851,0.988244951,0,0,0,1],"scale":1.12625146,"type":"holm_oak_city_tall"}
{"ctxid":0,"pos":[971.446655,1233.80676,148.133514],"rotationMatrix":[0.983583868,0.180451453,0,-0.180451453,0.983583868,0,0,0,1],"scale":0.870694458,"type":"holm_oak_city_tall"}
{"ctxid":0,"pos":[971.503601,1223.11829,148.145081],"rotationMatrix":[-0.363817185,-0.931470394,0,0.931470394,-0.363817185,0,0,0,1],"scale":0.848867178,"type":"holm_oak_city_tall"}
{"ctxid":0,"pos":[983.388245,1223.23108,147.406631],"rotationMatrix":[0.202973753,-0.979184151,0,0.979184151,0.202973753,0,0,0,1],"scale":0.996435165,"type":"holm_oak_city_tall"}
{"ctxid":0,"pos":[983.387329,1234.04272,147.46492],"rotationMatrix":[0.795079112,-0.606505692,0,0.606505692,0.795079112,0,0,0,1],"scale":0.806977093,"type":"holm_oak_city_tall"}
{"ctxid":0,"pos":[994.826355,1234.3219,147.020126],"rotationMatrix":[-0.731912076,0.681399107,0,-0.681399107,-0.731912076,0,0,0,1],"scale":1.01139045,"type":"holm_oak_city_tall"}
{"ctxid":0,"pos":[994.947083,1223.62744,146.929306],"rotationMatrix":[-0.661220849,0.750191271,0,-0.750191271,-0.661220849,0,0,0,1],"scale":1.10046804,"type":"holm_oak_city_tall"}
{"ctxid":0,"pos":[1007.15283,1224.45679,146.47374],"rotationMatrix":[0.667693973,0.744435847,0,-0.744435847,0.667693973,0,0,0,1],"scale":1.05591297,"type":"holm_oak_city_tall"}
{"ctxid":0,"pos":[1007.17792,1235.1593,146.516403],"rotationMatrix":[0.918917775,0.394449115,0,-0.394449115,0.918917775,0,0,0,1],"scale":0.820052147,"type":"holm_oak_city_tall"}
{"ctxid":0,"pos":[1017.79187,1235.85388,146.240509],"rotationMatrix":[-0.291249484,0.956647158,0,-0.956647158,-0.291249484,0,0,0,1],"scale":0.899919987,"type":"holm_oak_city_tall"}
{"ctxid":0,"pos":[1018.00928,1225.2561,146.065079],"rotationMatrix":[-0.731039703,0.6823349,0,-0.6823349,-0.731039703,0,0,0,1],"scale":1.10339367,"type":"holm_oak_city_tall"}
{"ctxid":0,"pos":[1027.17383,1225.07666,146.093216],"rotationMatrix":[-0.706173897,-0.708038449,0,0.708038449,-0.706173897,0,0,0,1],"scale":0.808563232,"type":"holm_oak_city_tall"}
{"ctxid":0,"pos":[1027.33386,1235.73511,146.17514],"rotationMatrix":[-0.26567328,-0.964063108,0,0.964063108,-0.26567328,0,0,0,1],"scale":1.00956905,"type":"holm_oak_city_tall"}
{"ctxid":0,"pos":[957.231628,1220.09033,148.187592],"rotationMatrix":[0.729753733,0.683710098,0,-0.683710098,0.729753733,0,0,0,1],"scale":1.115345,"type":"holm_oak_city_tall"}
{"ctxid":0,"pos":[957.424438,1237.17334,148.151733],"rotationMatrix":[-0.0708258748,-0.997488678,0,0.997488678,-0.0708258748,0,0,0,1],"scale":1.03448224,"type":"holm_oak_city_tall"}
{"ctxid":0,"pos":[857.143799,1316.87695,143.992065],"rotationMatrix":[-0.845022082,-0.534731388,0,0.534731388,-0.845022082,0,0,0,1],"scale":0.983883023,"type":"holm_oak_city_tall"}
{"ctxid":0,"pos":[871.555176,1316.87781,143.982285],"rotationMatrix":[-0.867565036,0.497323722,0,-0.497323722,-0.867565036,0,0,0,1],"scale":1.01870382,"type":"holm_oak_city_tall"}
{"ctxid":0,"pos":[884.595398,1316.96545,143.964386],"rotationMatrix":[0.502692461,-0.864465296,0,0.864465296,0.502692461,0,0,0,1],"scale":1.15529227,"type":"holm_oak_city_tall"}
{"ctxid":0,"pos":[898.762451,1316.98779,143.96463],"rotationMatrix":[0.111106671,-0.993808508,0,0.993808508,0.111106671,0,0,0,1],"scale":1.16838193,"type":"holm_oak_city_tall"}
{"ctxid":0,"pos":[921.728882,1316.77124,144.004959],"rotationMatrix":[0.896343231,0.443360806,0,-0.443360806,0.896343231,0,0,0,1],"scale":0.899010777,"type":"holm_oak_city_tall"}
{"ctxid":0,"pos":[933.637512,1316.88623,144.018692],"rotationMatrix":[0.551264048,0.834330857,0,-0.834330857,0.551264048,0,0,0,1],"scale":0.988493681,"type":"holm_oak_city_tall"}
{"ctxid":0,"pos":[944.66687,1316.80542,143.967545],"rotationMatrix":[0.567154169,-0.823611617,0,0.823611617,0.567154169,0,0,0,1],"scale":0.821244955,"type":"holm_oak_city_tall"}
{"ctxid":0,"pos":[1051.78967,1317.10193,143.967102],"rotationMatrix":[-0.960051119,-0.279824644,0,0.279824644,-0.960051119,0,0,0,1],"scale":1.00523877,"type":"holm_oak_city_tall"}
{"ctxid":0,"pos":[1061.98303,1317.00024,143.899353],"rotationMatrix":[0.479963332,-0.87728852,0,0.87728852,0.479963332,0,0,0,1],"scale":1.18289864,"type":"holm_oak_city_tall"}
{"ctxid":0,"pos":[1074.3595,1317.01562,143.548676],"rotationMatrix":[-0.957174897,-0.28951025,0,0.28951025,-0.957174897,0,0,0,1],"scale":0.979622364,"type":"holm_oak_city_tall"}
{"ctxid":0,"pos":[1087.82996,1317.02783,143.094482],"rotationMatrix":[0.841435254,-0.540357888,0,0.540357888,0.841435254,0,0,0,1],"scale":0.941992402,"type":"holm_oak_city_tall"}
{"ctxid":0,"pos":[1115.25891,1316.45312,142.937515],"rotationMatrix":[-0.906421661,-0.422373921,0,0.422373921,-0.906421661,0,0,0,1],"scale":1.10253513,"type":"holm_oak_city_tall"}
{"ctxid":0,"pos":[1128.172,1315.42224,142.942322],"rotationMatrix":[0.3388713,0.940832734,0,-0.940832734,0.3388713,0,0,0,1],"scale":0.985251665,"type":"holm_oak_city_tall"}
{"ctxid":0,"pos":[1139.52539,1314.28076,143.315109],"rotationMatrix":[0.488583833,-0.87251693,0,0.87251693,0.488583833,0,0,0,1],"scale":0.948425174,"type":"holm_oak_city_tall"}
{"ctxid":0,"pos":[1151.65845,1312.64233,143.649582],"rotationMatrix":[-0.934308827,-0.356464565,0,0.356464565,-0.934308827,0,0,0,1],"scale":0.96978426,"type":"holm_oak_city_tall"}
{"ctxid":0,"pos":[1162.34998,1312.13281,143.929047],"rotationMatrix":[0.575643539,0.817700744,0,-0.817700744,0.575643539,0,0,0,1],"scale":1.11131454,"type":"holm_oak_city_tall"}
{"ctxid":0,"pos":[1189.01501,1311.23596,143.780685],"rotationMatrix":[0.0354935043,-0.999369919,0,0.999369919,0.0354935043,0,0,0,1],"scale":1.06153011,"type":"holm_oak_city_tall"}
{"ctxid":0,"pos":[1202.41211,1310.6991,142.830948],"rotationMatrix":[0.984618306,-0.174719274,0,0.174719274,0.984618306,0,0,0,1],"scale":0.846063614,"type":"holm_oak_city_tall"}
{"ctxid":0,"pos":[1214.7738,1310.5105,141.994186],"rotationMatrix":[0.766188323,-0.642616093,0,0.642616093,0.766188323,0,0,0,1],"scale":0.949507952,"type":"holm_oak_city_tall"}
{"ctxid":0,"pos":[1228.31409,1310.51929,141.9814],"rotationMatrix":[-0.900953531,-0.433915615,0,0.433915615,-0.900953531,0,0,0,1],"scale":1.186185,"type":"holm_oak_city_tall"}
{"ctxid":0,"pos":[1240.38928,1311.36194,142.160965],"rotationMatrix":[-0.683932483,-0.729545295,0,0.729545295,-0.683932483,0,0,0,1],"scale":0.892714202,"type":"holm_oak_city_tall"}
{"ctxid":0,"pos":[1252.04016,1312.61438,142.462387],"rotationMatrix":[0.996807992,-0.079835996,0,0.079835996,0.996807992,0,0,0,1],"scale":1.02723491,"type":"holm_oak_city_tall"}
{"ctxid":0,"pos":[1262.35474,1313.93408,142.777145],"rotationMatrix":[-0.753309548,-0.657666087,0,0.657666087,-0.753309548,0,0,0,1],"scale":0.915544629,"type":"holm_oak_city_tall"}
{"ctxid":0,"pos":[1272.64001,1314.78479,142.989746],"rotationMatrix":[0.909322441,-0.416092187,0,0.416092187,0.909322441,0,0,0,1],"scale":1.07236838,"type":"holm_oak_city_tall"}
{"ctxid":0,"pos":[1297.81848,1314.93115,143.037796],"rotationMatrix":[-0.795964301,-0.60534358,0,0.60534358,-0.795964301,0,0,0,1],"scale":0.975904942,"type":"holm_oak_city_tall"}
{"ctxid":0,"pos":[1308.87732,1315.56531,143.206772],"rotationMatrix":[-0.911845863,-0.410532683,0,0.410532683,-0.911845863,0,0,0,1],"scale":1.16413724,"type":"holm_oak_city_tall"}
{"ctxid":0,"pos":[1319.1571,1316.93518,143.496552],"rotationMatrix":[-0.340246856,0.940336168,0,-0.940336168,-0.340246856,0,0,0,1],"scale":1.1163274,"type":"holm_oak_city_tall"}
{"ctxid":0,"pos":[1329.6261,1318.67139,143.732407],"rotationMatrix":[0.494862765,-0.868971109,0,0.868971109,0.494862765,0,0,0,1],"scale":1.17255616,"type":"holm_oak_city_tall"}
{"ctxid":0,"pos":[1340.07019,1319.62866,143.927658],"rotationMatrix":[0.744677961,-0.667423964,0,0.667423964,0.744677961,0,0,0,1],"scale":0.98841542,"type":"holm_oak_city_tall"}
{"ctxid":0,"pos":[886.107605,-627.251038,175.752884],"rotationMatrix":[-0.812575936,-0.582855761,0,0.582855761,-0.812575936,0,0,0,1],"scale":1.10906875,"type":"holm_oak_city_tall"}
{"ctxid":0,"pos":[894.206055,-626.468384,174.338501],"rotationMatrix":[-0.518628538,0.854999661,0,-0.854999661,-0.518628538,0,0,0,1],"scale":1.07909763,"type":"holm_oak_city_tall"}
{"ctxid":0,"pos":[882.9104,-648.0979,174.91777],"rotationMatrix":[-0.288056612,-0.957613409,0,0.957613409,-0.288056612,0,0,0,1],"scale":1.17833602,"type":"holm_oak_city_tall"}
{"ctxid":0,"pos":[911.012634,-667.780273,168.40921],"rotationMatrix":[0.537041068,-0.843556106,0,0.843556106,0.537041068,0,0,0,1],"scale":1.05445027,"type":"holm_oak_city_tall"}
{"ctxid":0,"pos":[474.797424,1349.36987,159.17659],"rotationMatrix":[-0.239752322,0.970834076,0,-0.970834076,-0.239752322,0,0,0,1],"scale":1.1256659,"type":"holm_oak_city_tall"}
{"ctxid":0,"pos":[516.780396,1408.90161,150.149704],"rotationMatrix":[-0.567982554,0.823040605,0,-0.823040605,-0.567982554,0,0,0,1],"scale":0.972228765,"type":"holm_oak_city_tall"}
{"ctxid":0,"pos":[604.429138,1285.43445,157.054886],"rotationMatrix":[0.720428824,-0.693528891,0,0.693528891,0.720428824,0,0,0,1],"scale":0.924477935,"type":"holm_oak_city_tall"}
{"ctxid":0,"pos":[590.923035,1286.33899,159.299973],"rotationMatrix":[0.990832269,0.135097817,0,-0.135097817,0.990832269,0,0,0,1],"scale":1.11611319,"type":"holm_oak_city_tall"}
{"ctxid":0,"pos":[579.375854,1286.14624,160.095413],"rotationMatrix":[0.988160133,-0.153425872,0,0.153425872,0.988160133,0,0,0,1],"scale":1.00198722,"type":"holm_oak_city_tall"}
{"ctxid":0,"pos":[568.759094,1286.15186,160.705566],"rotationMatrix":[-0.728640318,-0.684896529,0,0.684896529,-0.728640318,0,0,0,1],"scale":0.83807689,"type":"holm_oak_city_tall"}
{"ctxid":0,"pos":[557.063354,1286.12036,161.680649],"rotationMatrix":[-0.998273492,-0.0587372184,0,0.0587372184,-0.998273492,0,0,0,1],"scale":0.837037027,"type":"holm_oak_city_tall"}
{"ctxid":0,"pos":[473.312561,1330.35522,162.70842],"rotationMatrix":[0.950132549,0.293356091,-0.105784215,-0.29155466,0.956003487,0.0324606262,0.110652581,-2.18823484e-08,0.993859231],"scale":0.895674288,"type":"holm_oak_city_tall"}
{"ctxid":0,"pos":[467.387817,1318.71472,163.127487],"rotationMatrix":[-0.805034101,0.592258215,-0.0339192078,-0.593228698,-0.803717017,0.046029672,3.25924665e-09,0.0571772978,0.998363972],"scale":1.08593976,"type":"holm_oak_city_tall"}
{"ctxid":0,"pos":[483.664276,1310.04236,163.36969],"rotationMatrix":[0.204337806,0.978900433,0,-0.978900433,0.204337806,0,0,0,1],"scale":0.977218807,"type":"holm_oak_city_tall"}
{"ctxid":0,"pos":[738.581055,1341.60645,145.502228],"rotationMatrix":[0.999971807,0.00751184719,0,-0.00751184719,0.999971807,0,0,0,1],"scale":0.953375936,"type":"holm_oak_city_tall"}
{"ctxid":0,"pos":[749.392395,1352.82483,145.505829],"rotationMatrix":[0.447455615,0.894306123,0,-0.894306123,0.447455615,0,0,0,1],"scale":0.807580531,"type":"holm_oak_city_tall"}
{"ctxid":0,"pos":[754.196716,1326.06128,145.135162],"rotationMatrix":[0.99602282,-0.0890983492,0,0.0890983492,0.99602282,0,0,0,1],"scale":0.977053285,"type":"holm_oak_city_tall"}
{"ctxid":0,"pos":[764.650635,1338.35388,145.119125],"rotationMatrix":[-0.234650791,0.972079754,0,-0.972079754,-0.234650791,0,0,0,1],"scale":1.13546586,"type":"holm_oak_city_tall"}
{"ctxid":0,"pos":[779.887939,1329.25122,145.074417],"rotationMatrix":[0.673056841,0.739590764,0,-0.739590764,0.673056841,0,0,0,1],"scale":1.06271338,"type":"holm_oak_city_tall"}
{"ctxid":0,"pos":[773.485779,1313.24231,145.096298],"rotationMatrix":[-0.390089393,0.920776963,0,-0.920776963,-0.390089393,0,0,0,1],"scale":1.12273061,"type":"holm_oak_city_tall"}
{"ctxid":0,"pos":[797.558472,1325.39661,144.992233],"rotationMatrix":[0.284345299,-0.958721936,0,0.958721936,0.284345299,0,0,0,1],"scale":0.85318768,"type":"holm_oak_city_tall"}
{"ctxid":0,"pos":[795.719788,1309.45056,144.966324],"rotationMatrix":[-0.921819746,0.38761881,0,-0.38761881,-0.921819746,0,0,0,1],"scale":1.00538933,"type":"holm_oak_city_tall"}
{"ctxid":0,"pos":[816.363037,1324.81372,144.419968],"rotationMatrix":[-0.709178269,0.705029249,0,-0.705029249,-0.709178269,0,0,0,1],"scale":0.813314319,"type":"holm_oak_city_tall"}
{"ctxid":0,"pos":[816.211182,1309.08911,144.437973],"rotationMatrix":[-0.624586165,-0.780955911,0,0.780955911,-0.624586165,0,0,0,1],"scale":0.89760685,"type":"holm_oak_city_tall"}
{"ctxid":0,"pos":[835.303772,1324.78149,144.180252],"rotationMatrix":[0.227274641,-0.9738307,0,0.9738307,0.227274641,0,0,0,1],"scale":0.897593379,"type":"holm_oak_city_tall"}
{"ctxid":0,"pos":[834.785156,1309.19153,144.234222],"rotationMatrix":[0.80882144,-0.588054299,0,0.588054299,0.80882144,0,0,0,1],"scale":0.946796656,"type":"holm_oak_city_tall"}
{"ctxid":0,"pos":[833.990967,1269.71277,147.132217],"rotationMatrix":[-0.169940412,0.985454321,0,-0.985454321,-0.169940412,0,0,0,1],"scale":0.937380075,"type":"holm_oak_city_tall"}
{"ctxid":0,"pos":[940.731079,1270.23035,147.13118],"rotationMatrix":[0.313195854,0.949688554,0,-0.949688554,0.313195854,0,0,0,1],"scale":0.99526614,"type":"holm_oak_city_tall"}
{"ctxid":0,"pos":[903.342896,1270.20471,147.17215],"rotationMatrix":[0.593129694,0.805106938,0,-0.805106938,0.593129694,0,0,0,1],"scale":1.03443038,"type":"holm_oak_city_tall"}
{"ctxid":0,"pos":[884.478821,1270.31848,147.183929],"rotationMatrix":[-0.876265764,0.481828094,0,-0.481828094,-0.876265764,0,0,0,1],"scale":1.12684143,"type":"holm_oak_city_tall"}
{"ctxid":0,"pos":[884.734131,1279.82922,147.285599],"rotationMatrix":[0.93210721,-0.362182468,0,0.362182468,0.93210721,0,0,0,1],"scale":0.939108968,"type":"holm_oak_city_tall"}
{"ctxid":0,"pos":[834.474854,1279.75549,147.117798],"rotationMatrix":[0.553172588,-0.833066702,0,0.833066702,0.553172588,0,0,0,1],"scale":1.1124754,"type":"holm_oak_city_tall"}
{"ctxid":0,"pos":[940.724731,1279.77429,147.250854],"rotationMatrix":[0.0253879093,0.999677658,0,-0.999677658,0.0253879093,0,0,0,1],"scale":0.977959394,"type":"holm_oak_city_tall"}
{"ctxid":0,"pos":[1100.72803,1168.1239,153.319427],"rotationMatrix":[-0.664245486,-0.747514486,0,0.747514486,-0.664245486,0,0,0,1],"scale":1.19334757,"type":"holm_oak_city_tall"}
{"ctxid":0,"pos":[203.001266,-944.186523,268.042755],"rotationMatrix":[-0.0617488176,-0.998091698,0,0.998091698,-0.0617488176,0,0,0,1],"scale":0.944958329,"type":"holm_oak_city_tall"}
{"ctxid":0,"pos":[191.238937,-953.392578,268.274933],"rotationMatrix":[-0.0042195078,0.999991119,0,-0.999991119,-0.0042195078,0,0,0,1],"scale":0.903775632,"type":"holm_oak_city_tall"}
{"ctxid":0,"pos":[415.474152,-896.433289,260.876038],"rotationMatrix":[0.652854145,-0.757483661,0,0.757483661,0.652854145,0,0,0,1],"scale":1.0325166,"type":"holm_oak_city_tall"}
{"ctxid":0,"pos":[408.172058,-895.371704,261.501312],"rotationMatrix":[-0.00859248824,0.999963105,0,-0.999963105,-0.00859248824,0,0,0,1],"scale":1.19562709,"type":"holm_oak_city_tall"}
{"ctxid":0,"pos":[189.465286,-818.023621,265.556549],"rotationMatrix":[-0.843998849,-0.536344945,0,0.536344945,-0.843998849,0,0,0,1],"scale":0.97596848,"type":"holm_oak_city_tall"}
{"ctxid":0,"pos":[352.068024,-745.333191,232.392746],"rotationMatrix":[0.841390848,0.540427089,0,-0.540427089,0.841390848,0,0,0,1],"scale":0.987926602,"type":"holm_oak_city_tall"}
{"ctxid":0,"pos":[174.926941,-820.237366,267.02597],"rotationMatrix":[0.0773467347,0.997004271,0,-0.997004271,0.0773467347,0,0,0,1],"scale":1.16048574,"type":"holm_oak_city_tall"}
{"ctxid":0,"pos":[267.397888,-765.690552,255.600327],"rotationMatrix":[-0.462617844,-0.886557817,0,0.886557817,-0.462617844,0,0,0,1],"scale":0.872494221,"type":"holm_oak_city_tall"}
{"ctxid":0,"pos":[377.34436,-829.910522,253.385941],"rotationMatrix":[0.679254234,-0.73390305,0,0.73390305,0.679254234,0,0,0,1],"scale":0.951734304,"type":"holm_oak_city_tall"}
{"ctxid":0,"pos":[-674.625305,-1310.86353,143.057968],"rotationMatrix":[-0.0220525712,-0.999756813,0,0.999756813,-0.0220525712,0,0,0,1],"scale":1.02406383,"type":"holm_oak_city_tall"}
{"ctxid":0,"pos":[-678.74646,-1309.89441,143.436462],"rotationMatrix":[-0.889854074,0.456244946,0,-0.456244946,-0.889854074,0,0,0,1],"scale":0.918479562,"type":"holm_oak_city_tall"}
{"ctxid":0,"pos":[-1096.86218,866.808411,386.850861],"rotationMatrix":[0.977648616,-0.210245639,0,0.210245639,0.977648616,0,0,0,1],"scale":1.01928508,"type":"holm_oak_city_tall"}
