{"ctxid":0,"pos":[1106.41003,-649.528015,145.985001],"rotationMatrix":[-0.690592647,-0.723243952,0,0.723243952,-0.690592647,0,0,0,1],"scale":0.953700006,"type":"holm_oak_city_small"}
{"ctxid":0,"pos":[1110.81006,-649.663025,145.919998],"rotationMatrix":[0.9613024,0.27549538,0,-0.27549538,0.9613024,0,0,0,1],"scale":1.12279999,"type":"holm_oak_city_small"}
{"ctxid":0,"pos":[1115.18994,-649.651978,146.136002],"rotationMatrix":[-0.0928332806,0.995681643,0,-0.995681643,-0.0928332806,0,0,0,1],"scale":1.09679997,"type":"holm_oak_city_small"}
{"ctxid":0,"pos":[1119.92004,-649.607971,145.992996],"rotationMatrix":[-0.817561746,-0.57584095,0,0.57584095,-0.817561746,0,0,0,1],"scale":1.30799997,"type":"holm_oak_city_small"}
{"ctxid":0,"pos":[1106.30005,-645.090027,145.979004],"rotationMatrix":[0.825950027,0.563743353,0,-0.563743353,0.825950027,0,0,0,1],"scale":0.977299988,"type":"holm_oak_city_small"}
{"ctxid":0,"pos":[1106.16003,-640.742981,145.981995],"rotationMatrix":[-0.547040343,0.837106228,0,-0.837106228,-0.547040343,0,0,0,1],"scale":0.964999974,"type":"holm_oak_city_small"}
{"ctxid":0,"pos":[1103.53003,-617.836975,145.968002],"rotationMatrix":[0.217749596,-0.97600466,0,0.97600466,0.217749596,0,0,0,1],"scale":1.05719995,"type":"holm_oak_city_small"}
{"ctxid":0,"pos":[1103.62,-630.505005,145.966995],"rotationMatrix":[0.725607634,0.688108683,0,-0.688108683,0.725607634,0,0,0,1],"scale":0.9648,"type":"holm_oak_city_small"}
{"ctxid":0,"pos":[1092.39001,-634.859985,145.977997],"rotationMatrix":[0.994612694,-0.103660934,0,0.103660934,0.994612694,0,0,0,1],"scale":1.06560004,"type":"holm_oak_city_small"}
{"ctxid":0,"pos":[1092.28003,-623.594971,145.966995],"rotationMatrix":[0.667887449,-0.744262278,0,0.744262278,0.667887449,0,0,0,1],"scale":1.1947,"type":"holm_oak_city_small"}
{"ctxid":0,"pos":[1092.39001,-612.442993,145.945007],"rotationMatrix":[0.443487644,0.896280468,0,-0.896280468,0.443487644,0,0,0,1],"scale":0.887700021,"type":"holm_oak_city_small"}
{"ctxid":0,"pos":[1092.22998,-653.86499,145.975006],"rotationMatrix":[-0.703119755,-0.711071432,0,0.711071432,-0.703119755,0,0,0,1],"scale":1.14839995,"type":"holm_oak_city_small"}
{"ctxid":0,"pos":[1092.22998,-663.856018,145.932007],"rotationMatrix":[-0.748075962,0.663613081,0,-0.663613081,-0.748075962,0,0,0,1],"scale":1.02680004,"type":"holm_oak_city_small"}
{"ctxid":0,"pos":[189.347,-329.03299,191.979004],"rotationMatrix":[-0.184876204,-0.9827618,0,0.9827618,-0.184876204,0,0,0,1],"scale":0.804700017,"type":"holm_oak_city_small"}
{"ctxid":0,"pos":[195.789001,-329.057007,191.953003],"rotationMatrix":[-0.91570735,0.401845813,0,-0.401845813,-0.91570735,0,0,0,1],"scale":0.939300001,"type":"holm_oak_city_small"}
{"ctxid":0,"pos":[141.595001,-328.243011,191.938995],"rotationMatrix":[-0.0957920551,-0.995401382,0,0.995401382,-0.0957920551,0,0,0,1],"scale":0.9824,"type":"holm_oak_city_small"}
{"ctxid":0,"pos":[148.591003,-328.496002,192],"rotationMatrix":[0.686684728,-0.726955354,0,0.726955354,0.686684728,0,0,0,1],"scale":0.906000018,"type":"holm_oak_city_small"}
{"ctxid":0,"pos":[155.727005,-328.618988,191.897995],"rotationMatrix":[0.297650576,-0.9546749,0,0.9546749,0.297650576,0,0,0,1],"scale":1.19980001,"type":"holm_oak_city_small"}
{"ctxid":0,"pos":[162.632004,-328.428986,191.970001],"rotationMatrix":[0.769615293,-0.638507843,0,0.638507843,0.769615293,0,0,0,1],"scale":0.982599974,"type":"holm_oak_city_small"}
{"ctxid":0,"pos":[169.233002,-328.558014,191.970993],"rotationMatrix":[0.270126343,0.962824881,0,-0.962824881,0.270126343,0,0,0,1],"scale":0.886300027,"type":"holm_oak_city_small"}
{"ctxid":0,"pos":[176.098007,-328.641998,191.992004],"rotationMatrix":[-0.988017917,0.154339224,0,-0.154339224,-0.988017917,0,0,0,1],"scale":1.01400006,"type":"holm_oak_city_small"}
{"ctxid":0,"pos":[182.983002,-328.618988,192.003006],"rotationMatrix":[0.962187529,0.272387892,0,-0.272387892,0.962187529,0,0,0,1],"scale":0.860199988,"type":"holm_oak_city_small"}
{"ctxid":0,"pos":[107.463997,-366.39801,193.977005],"rotationMatrix":[0.296464682,-0.955043793,0,0.955043793,0.296464682,0,0,0,1],"scale":0.944899976,"type":"holm_oak_city_small"}
{"ctxid":0,"pos":[120.411003,-355.46701,193.595001],"rotationMatrix":[0.916113853,0.400918216,0,-0.400918216,0.916113853,0,0,0,1],"scale":0.905399978,"type":"holm_oak_city_small"}
{"ctxid":0,"pos":[120.470001,-347.492004,192.371002],"rotationMatrix":[-0.696113586,-0.717931688,0,0.717931688,-0.696113586,0,0,0,1],"scale":1.11109996,"type":"holm_oak_city_small"}
{"ctxid":0,"pos":[120.434998,-339.516998,191.988007],"rotationMatrix":[-0.906713963,-0.421746135,0,0.421746135,-0.906713963,0,0,0,1],"scale":1.13150001,"type":"holm_oak_city_small"}
{"ctxid":0,"pos":[1027.58997,1306.96997,144.179993],"rotationMatrix":[0.900898457,-0.434029907,0,0.434029907,0.900898457,0,0,0,1],"scale":1.07860005,"type":"holm_oak_city_small"}
{"ctxid":0,"pos":[-486.640167,699.5,304],"rotationMatrix":[-0.665225804,-0.746642232,0,0.746642232,-0.665225804,0,0,0,1],"scale":0.925997972,"type":"holm_oak_city_small"}
{"ctxid":0,"pos":[-493.5,699.5,304.002106],"rotationMatrix":[-0.794147432,-0.607725143,0,0.607725143,-0.794147432,0,0,0,1],"scale":0.922730505,"type":"holm_oak_city_small"}
{"ctxid":0,"pos":[-497.413666,699.456726,304.072815],"rotationMatrix":[0.284430802,-0.958696604,0,0.958696604,0.284430802,0,0,0,1],"scale":0.963980794,"type":"holm_oak_city_small"}
{"ctxid":0,"pos":[-482.008698,699.509888,304.006073],"rotationMatrix":[-0.514629066,-0.857412934,0,0.857412934,-0.514629066,0,0,0,1],"scale":0.896050751,"type":"holm_oak_city_small"}
{"ctxid":0,"pos":[-477.210754,699.499146,304.048798],"rotationMatrix":[-0.707896531,0.706316113,0,-0.706316113,-0.707896531,0,0,0,1],"scale":0.991094232,"type":"holm_oak_city_small"}
{"ctxid":0,"pos":[-471.883911,699.617554,304.020874],"rotationMatrix":[-0.213036418,-0.977044284,0,0.977044284,-0.213036418,0,0,0,1],"scale":0.929151475,"type":"holm_oak_city_small"}
{"ctxid":0,"pos":[-504.195465,715.611511,304.028442],"rotationMatrix":[0.0979581103,0.995190561,0,-0.995190561,0.0979581103,0,0,0,1],"scale":0.987862408,"type":"holm_oak_city_small"}
{"ctxid":0,"pos":[-498.529358,715.734741,304.012024],"rotationMatrix":[0.735307753,-0.670809984,-0.0966290981,0.677733958,0.727795362,0.104837753,-4.42174475e-09,-0.14257662,0.989783585],"scale":0.892567813,"type":"holm_oak_city_small"}
{"ctxid":0,"pos":[-494.315918,715.757202,304.03241],"rotationMatrix":[0.982342422,0.183325887,-0.0373478271,-0.176113367,0.973463595,0.146125495,0.0631453544,-0.136967838,0.988560557],"scale":0.904373467,"type":"holm_oak_city_small"}
{"ctxid":0,"pos":[-471,715.549438,303.878998],"rotationMatrix":[-0.257120907,-0.966379225,0,0.966379225,-0.257120907,0,0,0,1],"scale":0.893135607,"type":"holm_oak_city_small"}
{"ctxid":0,"pos":[-485,715.553345,304.01001],"rotationMatrix":[-0.0914622098,-0.995808542,0,0.995808542,-0.0914622098,0,0,0,1],"scale":0.825199783,"type":"holm_oak_city_small"}
{"ctxid":0,"pos":[-480,715.608337,304.031769],"rotationMatrix":[-0.0935866088,0.995611131,0,-0.995611131,-0.0935866088,0,0,0,1],"scale":0.966727853,"type":"holm_oak_city_small"}
{"ctxid":0,"pos":[-475,715.557861,304.011658],"rotationMatrix":[0.805035472,0.593226671,0,-0.593226671,0.805035472,0,0,0,1],"scale":0.901354969,"type":"holm_oak_city_small"}
{"ctxid":0,"pos":[-489.5,715.5,304.046082],"rotationMatrix":[-0.304071695,-0.952649176,0,0.952649176,-0.304071695,0,0,0,1],"scale":0.808672667,"type":"holm_oak_city_small"}
{"ctxid":0,"pos":[1165.12146,1223.82727,148.268341],"rotationMatrix":[-0.0105967168,-0.999943852,0,0.999943852,-0.0105967168,0,0,0,1],"scale":0.841017306,"type":"holm_oak_city_small"}
{"ctxid":0,"pos":[1157.62915,1223.66138,148.260208],"rotationMatrix":[0.724163592,-0.689628243,0,0.689628243,0.724163592,0,0,0,1],"scale":0.949924469,"type":"holm_oak_city_small"}
{"ctxid":0,"pos":[1149.99976,1223.66174,148.069183],"rotationMatrix":[-0.875898957,0.482494622,0,-0.482494622,-0.875898957,0,0,0,1],"scale":0.8572703,"type":"holm_oak_city_small"}
{"ctxid":0,"pos":[1142.57178,1223.48352,148.069611],"rotationMatrix":[0.7475034,-0.664258003,0,0.664258003,0.7475034,0,0,0,1],"scale":0.859553874,"type":"holm_oak_city_small"}
{"ctxid":0,"pos":[-1137.00586,1616.18787,152.35144],"rotationMatrix":[-0.786907911,-0.617070496,0,0.617070496,-0.786907911,0,0,0,1],"scale":1.0635488,"type":"holm_oak_city_small"}
{"ctxid":0,"pos":[-1129.92639,1617.68372,152.374069],"rotationMatrix":[-0.997967601,0.063723363,0,-0.063723363,-0.997967601,0,0,0,1],"scale":0.927268744,"type":"holm_oak_city_small"}
{"ctxid":0,"pos":[-1123.42493,1619.01685,152.339462],"rotationMatrix":[-0.665520251,0.746379793,0,-0.746379793,-0.665520251,0,0,0,1],"scale":0.843219459,"type":"holm_oak_city_small"}
{"ctxid":0,"pos":[-1116.82373,1620.38135,152.361328],"rotationMatrix":[-0.606604576,-0.795003712,0,0.795003712,-0.606604576,0,0,0,1],"scale":0.871962667,"type":"holm_oak_city_small"}
{"ctxid":0,"pos":[-1140.50586,1632.86218,152.366592],"rotationMatrix":[0.352036953,0.935986102,0,-0.935986102,0.352036953,0,0,0,1],"scale":1.05113876,"type":"holm_oak_city_small"}
{"ctxid":0,"pos":[-1133.34485,1634.3103,152.38414],"rotationMatrix":[0.882466137,-0.470375955,0,0.470375955,0.882466137,0,0,0,1],"scale":0.845753372,"type":"holm_oak_city_small"}
{"ctxid":0,"pos":[-1126.73901,1635.72656,152.354065],"rotationMatrix":[0.212073743,0.977253675,0,-0.977253675,0.212073743,0,0,0,1],"scale":0.961070657,"type":"holm_oak_city_small"}
{"ctxid":0,"pos":[-1120.3291,1637.09277,152.385284],"rotationMatrix":[0.994074345,0.108702317,0,-0.108702317,0.994074345,0,0,0,1],"scale":1.09141028,"type":"holm_oak_city_small"}
{"ctxid":0,"pos":[-1143.82678,1649.43115,152.346725],"rotationMatrix":[0.472917974,-0.881106436,0,0.881106436,0.472917974,0,0,0,1],"scale":1.02587569,"type":"holm_oak_city_small"}
{"ctxid":0,"pos":[-1136.87622,1651.04578,152.415512],"rotationMatrix":[-0.0914837569,0.995806575,0,-0.995806575,-0.0914837569,0,0,0,1],"scale":1.1831274,"type":"holm_oak_city_small"}
{"ctxid":0,"pos":[-1130.2384,1652.29553,152.393982],"rotationMatrix":[-0.975214541,-0.221261382,0,0.221261382,-0.975214541,0,0,0,1],"scale":1.07916844,"type":"holm_oak_city_small"}
{"ctxid":0,"pos":[-1123.77979,1653.54004,152.379639],"rotationMatrix":[0.94404608,-0.32981354,0,0.32981354,0.94404608,0,0,0,1],"scale":1.10633373,"type":"holm_oak_city_small"}
{"ctxid":0,"pos":[-1124.23206,1670.96985,152.412689],"rotationMatrix":[0.939091802,-0.343666404,0,0.343666404,0.939091802,0,0,0,1],"scale":1.02481318,"type":"holm_oak_city_small"}
{"ctxid":0,"pos":[-1130.85925,1669.52649,152.387665],"rotationMatrix":[-0.696825683,0.717240512,0,-0.717240512,-0.696825683,0,0,0,1],"scale":0.954682112,"type":"holm_oak_city_small"}
{"ctxid":0,"pos":[-1137.31079,1668.30115,152.399948],"rotationMatrix":[0.795553744,0.605883062,0,-0.605883062,0.795553744,0,0,0,1],"scale":0.978192925,"type":"holm_oak_city_small"}
{"ctxid":0,"pos":[-1143.95532,1614.81274,152.37471],"rotationMatrix":[-0.58106184,0.813859403,0,-0.813859403,-0.58106184,0,0,0,1],"scale":1.13006282,"type":"holm_oak_city_small"}
{"ctxid":0,"pos":[-1150.75964,1613.3562,152.347015],"rotationMatrix":[0.171373516,-0.985206127,0,0.985206127,0.171373516,0,0,0,1],"scale":1.17133677,"type":"holm_oak_city_small"}
{"ctxid":0,"pos":[-1157.28101,1611.90747,152.378922],"rotationMatrix":[-0.248335302,-0.968674123,0,0.968674123,-0.248335302,0,0,0,1],"scale":1.06932592,"type":"holm_oak_city_small"}
{"ctxid":0,"pos":[-1163.8905,1610.5929,152.330032],"rotationMatrix":[0.460753918,-0.887527943,0,0.887527943,0.460753918,0,0,0,1],"scale":1.00610244,"type":"holm_oak_city_small"}
{"ctxid":0,"pos":[-1170.38684,1609.26917,152.321472],"rotationMatrix":[0.723247051,0.690589368,0,-0.690589368,0.723247051,0,0,0,1],"scale":1.16203642,"type":"holm_oak_city_small"}
{"ctxid":0,"pos":[-1177.57385,1607.78064,152.405777],"rotationMatrix":[0.978219211,0.207574531,0,-0.207574531,0.978219211,0,0,0,1],"scale":1.0127008,"type":"holm_oak_city_small"}
{"ctxid":0,"pos":[-1150.78003,1648.10706,152.333511],"rotationMatrix":[0.512674689,-0.858582914,0,0.858582914,0.512674689,0,0,0,1],"scale":1.01540709,"type":"holm_oak_city_small"}
{"ctxid":0,"pos":[-1157.65381,1646.66345,152.343994],"rotationMatrix":[0.992352724,0.123434424,0,-0.123434424,0.992352724,0,0,0,1],"scale":0.986750484,"type":"holm_oak_city_small"}
{"ctxid":0,"pos":[-1164.16895,1645.26611,152.390518],"rotationMatrix":[0.513585746,-0.858038306,0,0.858038306,0.513585746,0,0,0,1],"scale":0.989828229,"type":"holm_oak_city_small"}
{"ctxid":0,"pos":[-1170.79529,1643.88513,152.408707],"rotationMatrix":[0.256950557,-0.966424525,0,0.966424525,0.256950557,0,0,0,1],"scale":1.12051404,"type":"holm_oak_city_small"}
{"ctxid":0,"pos":[-1177.30823,1642.61951,152.421432],"rotationMatrix":[0.803449094,0.595373511,0,-0.595373511,0.803449094,0,0,0,1],"scale":0.986130953,"type":"holm_oak_city_small"}
{"ctxid":0,"pos":[-1184.43823,1641.14026,152.338531],"rotationMatrix":[-0.212876558,0.977079093,0,-0.977079093,-0.212876558,0,0,0,1],"scale":0.871968865,"type":"holm_oak_city_small"}
{"ctxid":0,"pos":[-1147.4491,1631.37134,152.383209],"rotationMatrix":[-0.379532963,-0.92517823,0,0.92517823,-0.379532963,0,0,0,1],"scale":1.00736928,"type":"holm_oak_city_small"}
{"ctxid":0,"pos":[-1154.16895,1630.00867,152.408173],"rotationMatrix":[-0.9510957,0.308896333,0,-0.308896333,-0.9510957,0,0,0,1],"scale":1.05961132,"type":"holm_oak_city_small"}
{"ctxid":0,"pos":[-1160.76978,1628.65283,152.349731],"rotationMatrix":[0.226917937,0.973913908,0,-0.973913908,0.226917937,0,0,0,1],"scale":1.04848421,"type":"holm_oak_city_small"}
{"ctxid":0,"pos":[-1167.32385,1627.25256,152.405823],"rotationMatrix":[0.821496904,0.57021296,0,-0.57021296,0.821496904,0,0,0,1],"scale":0.840773225,"type":"holm_oak_city_small"}
{"ctxid":0,"pos":[-1173.9093,1625.96606,152.388672],"rotationMatrix":[0.360763341,-0.932657421,0,0.932657421,0.360763341,0,0,0,1],"scale":0.90370357,"type":"holm_oak_city_small"}
{"ctxid":0,"pos":[-1180.96338,1624.41577,152.340073],"rotationMatrix":[-0.853035271,0.521853268,0,-0.521853268,-0.853035271,0,0,0,1],"scale":0.962714314,"type":"holm_oak_city_small"}
{"ctxid":0,"pos":[-1144.36414,1666.75659,152.389114],"rotationMatrix":[-0.898235738,-0.439513981,0,0.439513981,-0.898235738,0,0,0,1],"scale":0.816407382,"type":"holm_oak_city_small"}
{"ctxid":0,"pos":[-1151.33093,1665.33765,152.369217],"rotationMatrix":[0.73682183,-0.676086962,0,0.676086962,0.73682183,0,0,0,1],"scale":1.00595045,"type":"holm_oak_city_small"}
{"ctxid":0,"pos":[-1158.12134,1663.92346,152.395004],"rotationMatrix":[-0.0366534553,-0.999328017,0,0.999328017,-0.0366534553,0,0,0,1],"scale":0.925335646,"type":"holm_oak_city_small"}
{"ctxid":0,"pos":[-1164.54578,1662.54004,152.362869],"rotationMatrix":[-0.998239279,-0.0593153276,0,0.0593153276,-0.998239279,0,0,0,1],"scale":0.965398014,"type":"holm_oak_city_small"}
{"ctxid":0,"pos":[-1171.23755,1661.13672,152.366898],"rotationMatrix":[-0.542566836,-0.84001261,0,0.84001261,-0.542566836,0,0,0,1],"scale":0.927127779,"type":"holm_oak_city_small"}
{"ctxid":0,"pos":[1175.47632,-807.098938,146.567627],"rotationMatrix":[-0.607759297,0.794121325,0,-0.794121325,-0.607759297,0,0,0,1],"scale":1.14771283,"type":"holm_oak_city_small"}
{"ctxid":0,"pos":[1171.83618,-807.3255,146.580612],"rotationMatrix":[-0.630110383,-0.77650553,0,0.77650553,-0.630110383,0,0,0,1],"scale":1.04136252,"type":"holm_oak_city_small"}
{"ctxid":0,"pos":[1168.09143,-807.093384,146.509552],"rotationMatrix":[0.623365521,0.781930566,0,-0.781930566,0.623365521,0,0,0,1],"scale":1.22495782,"type":"holm_oak_city_small"}
{"ctxid":0,"pos":[1164.44934,-806.83783,146.674667],"rotationMatrix":[-0.991345644,0.131277665,0,-0.131277665,-0.991345644,0,0,0,1],"scale":1.14326227,"type":"holm_oak_city_small"}
{"ctxid":0,"pos":[1161.35217,-806.802429,146.783493],"rotationMatrix":[0.795883834,0.605449378,0,-0.605449378,0.795883834,0,0,0,1],"scale":0.986764431,"type":"holm_oak_city_small"}
{"ctxid":0,"pos":[220.894424,-963.501221,263.42215],"rotationMatrix":[-0.947875559,-0.318640798,0,0.318640798,-0.947875559,0,0,0,1],"scale":0.939427435,"type":"holm_oak_city_small"}
{"ctxid":0,"pos":[230.517242,-969.603699,264.34198],"rotationMatrix":[-0.862562478,-0.50595057,0,0.50595057,-0.862562478,0,0,0,1],"scale":0.871664107,"type":"holm_oak_city_small"}
{"ctxid":0,"pos":[215.841782,-950.685242,260.118469],"rotationMatrix":[-0.190867826,0.981615722,0,-0.981615722,-0.190867826,0,0,0,1],"scale":0.827444255,"type":"holm_oak_city_small"}
{"ctxid":0,"pos":[196.335419,-853.302856,266.530548],"rotationMatrix":[-0.197310403,0.980341077,0,-0.980341077,-0.197310403,0,0,0,1],"scale":0.966110229,"type":"holm_oak_city_small"}
{"ctxid":0,"pos":[186.898209,-967.704529,269.647003],"rotationMatrix":[-0.469605505,0.882876337,0,-0.882876337,-0.469605505,0,0,0,1],"scale":0.976149976,"type":"holm_oak_city_small"}
{"ctxid":0,"pos":[260.48999,-884.88623,246.594208],"rotationMatrix":[-0.891131997,-0.453744143,0,0.453744143,-0.891131997,0,0,0,1],"scale":0.929357052,"type":"holm_oak_city_small"}
{"ctxid":0,"pos":[280.335968,-898.785889,264.661438],"rotationMatrix":[0.680637479,0.732620358,0,-0.732620358,0.680637479,0,0,0,1],"scale":1.11397207,"type":"holm_oak_city_small"}
{"ctxid":0,"pos":[267.704071,-913.379578,259.304352],"rotationMatrix":[-0.997164905,-0.0752470568,0,0.0752470568,-0.997164905,0,0,0,1],"scale":0.915994406,"type":"holm_oak_city_small"}
{"ctxid":0,"pos":[259.36261,-911.769958,246.590057],"rotationMatrix":[0.820641816,-0.571443021,0,0.571443021,0.820641816,0,0,0,1],"scale":1.1698184,"type":"holm_oak_city_small"}
{"ctxid":0,"pos":[189.067932,-980.433899,275.135498],"rotationMatrix":[-0.271186352,-0.962526858,0,0.962526858,-0.271186352,0,0,0,1],"scale":0.833172202,"type":"holm_oak_city_small"}
{"ctxid":0,"pos":[183.230103,-974.67804,275.688782],"rotationMatrix":[0.978490174,0.206293479,0,-0.206293479,0.978490174,0,0,0,1],"scale":1.08016264,"type":"holm_oak_city_small"}
{"ctxid":0,"pos":[254.195694,-789.575256,239.221558],"rotationMatrix":[-0.939458072,-0.342663795,0,0.342663795,-0.939458072,0,0,0,1],"scale":0.830044925,"type":"holm_oak_city_small"}
{"ctxid":0,"pos":[249.034058,-792.448242,239.672424],"rotationMatrix":[0.67252481,-0.740074575,0,0.740074575,0.67252481,0,0,0,1],"scale":1.14966786,"type":"holm_oak_city_small"}
{"ctxid":0,"pos":[243.103043,-795.094238,240.335648],"rotationMatrix":[0.741837263,-0.67057997,0,0.67057997,0.741837263,0,0,0,1],"scale":1.12865567,"type":"holm_oak_city_small"}
{"ctxid":0,"pos":[312.167694,-777.721558,234.626801],"rotationMatrix":[-0.969462633,0.245239124,0,-0.245239124,-0.969462633,0,0,0,1],"scale":0.99660778,"type":"holm_oak_city_small"}
{"ctxid":0,"pos":[337.733856,-755.894043,232.256332],"rotationMatrix":[0.934994102,0.354663253,0,-0.354663253,0.934994102,0,0,0,1],"scale":1.03369057,"type":"holm_oak_city_small"}
{"ctxid":0,"pos":[190.645111,-923.611206,275.012482],"rotationMatrix":[0.814272165,0.580483317,0,-0.580483317,0.814272165,0,0,0,1],"scale":1.03194618,"type":"holm_oak_city_small"}
{"ctxid":0,"pos":[210.922943,-906.850281,266.873566],"rotationMatrix":[0.467597842,-0.883941293,0,0.883941293,0.467597842,0,0,0,1],"scale":0.964206934,"type":"holm_oak_city_small"}
{"ctxid":0,"pos":[211.096191,-911.367798,266.852875],"rotationMatrix":[-0.74548471,-0.666522741,0,0.666522741,-0.74548471,0,0,0,1],"scale":1.07354558,"type":"holm_oak_city_small"}
{"ctxid":0,"pos":[208.755966,-866.514343,263.679779],"rotationMatrix":[-0.0813929141,-0.996682107,0,0.996682107,-0.0813929141,0,0,0,1],"scale":0.97307992,"type":"holm_oak_city_small"}
{"ctxid":0,"pos":[199.488022,-926.60675,272.173279],"rotationMatrix":[-0.31603089,-0.948748887,0,0.948748887,-0.31603089,0,0,0,1],"scale":1.01140249,"type":"holm_oak_city_small"}
{"ctxid":0,"pos":[167.331772,-959.277954,276.935272],"rotationMatrix":[0.849239826,0.52800715,0,-0.52800715,0.849239826,0,0,0,1],"scale":0.990084052,"type":"holm_oak_city_small"}
{"ctxid":0,"pos":[154.441818,-944.051941,278.315979],"rotationMatrix":[-0.80386889,0.594806552,0,-0.594806552,-0.80386889,0,0,0,1],"scale":0.829759359,"type":"holm_oak_city_small"}
{"ctxid":0,"pos":[238.967896,-940.716248,259.496063],"rotationMatrix":[-0.563559771,-0.826075256,0,0.826075256,-0.563559771,0,0,0,1],"scale":1.18521214,"type":"holm_oak_city_small"}
{"ctxid":0,"pos":[235.994843,-939.999146,259.564606],"rotationMatrix":[-0.579980552,0.81463033,0,-0.81463033,-0.579980552,0,0,0,1],"scale":0.889012814,"type":"holm_oak_city_small"}
{"ctxid":0,"pos":[239.285858,-983.076782,272.207642],"rotationMatrix":[-0.942175925,-0.335118711,0,0.335118711,-0.942175925,0,0,0,1],"scale":0.812662542,"type":"holm_oak_city_small"}
{"ctxid":0,"pos":[429.69165,-851.912048,257.721283],"rotationMatrix":[-0.508622885,0.860989392,0,-0.860989392,-0.508622885,0,0,0,1],"scale":1.07820129,"type":"holm_oak_city_small"}
{"ctxid":0,"pos":[423.007507,-853.296387,257.674225],"rotationMatrix":[-0.802394807,-0.596793592,0,0.596793592,-0.802394807,0,0,0,1],"scale":1.11581445,"type":"holm_oak_city_small"}
{"ctxid":0,"pos":[436.152802,-862.028259,258.788086],"rotationMatrix":[0.364216715,-0.93131423,0,0.93131423,0.364216715,0,0,0,1],"scale":1.1517694,"type":"holm_oak_city_small"}
{"ctxid":0,"pos":[419.656433,-897.076965,260.690521],"rotationMatrix":[0.0279423706,0.99960953,0,-0.99960953,0.0279423706,0,0,0,1],"scale":0.959908009,"type":"holm_oak_city_small"}
{"ctxid":0,"pos":[410.788239,-895.186829,261.266693],"rotationMatrix":[0.972069085,-0.234694928,0,0.234694928,0.972069085,0,0,0,1],"scale":0.865456223,"type":"holm_oak_city_small"}
{"ctxid":0,"pos":[189.444366,-814.236511,265.472748],"rotationMatrix":[-0.935095608,0.354395539,0,-0.354395539,-0.935095608,0,0,0,1],"scale":1.00558543,"type":"holm_oak_city_small"}
{"ctxid":0,"pos":[286.776184,-781.938354,236.768188],"rotationMatrix":[-0.527490497,-0.849560916,0,0.849560916,-0.527490497,0,0,0,1],"scale":0.848498464,"type":"holm_oak_city_small"}
{"ctxid":0,"pos":[180.424622,-836.494995,267.105286],"rotationMatrix":[0.935392976,-0.35360992,0,0.35360992,0.935392976,0,0,0,1],"scale":0.884894013,"type":"holm_oak_city_small"}
{"ctxid":0,"pos":[224.032043,-753.030701,260.381927],"rotationMatrix":[-0.606831133,0.794830799,0,-0.794830799,-0.606831133,0,0,0,1],"scale":1.16887116,"type":"holm_oak_city_small"}
{"ctxid":0,"pos":[266.515411,-761.654968,255.575882],"rotationMatrix":[0.039296478,-0.999227583,0,0.999227583,0.039296478,0,0,0,1],"scale":0.935131609,"type":"holm_oak_city_small"}
{"ctxid":0,"pos":[282.973785,-759.809631,254.531204],"rotationMatrix":[0.198426604,0.980115771,0,-0.980115771,0.198426604,0,0,0,1],"scale":0.996373534,"type":"holm_oak_city_small"}
{"ctxid":0,"pos":[190.405365,-866.242676,268.384216],"rotationMatrix":[0.920872092,0.389864892,0,-0.389864892,0.920872092,0,0,0,1],"scale":0.846520245,"type":"holm_oak_city_small"}
{"ctxid":0,"pos":[-675.826965,-1310.20056,143.195175],"rotationMatrix":[-0.867281377,-0.497818261,0,0.497818261,-0.867281377,0,0,0,1],"scale":1.0934428,"type":"holm_oak_city_small"}
{"ctxid":0,"pos":[763.219849,402.083679,178.122742],"rotationMatrix":[-0.754487276,-0.65631479,0,0.65631479,-0.754487276,0,0,0,1],"scale":0.958092809,"type":"holm_oak_city_small"}
