{"ctxid":0,"pos":[-25.8428001,-458.980988,285.890015],"rotationMatrix":[-0.47164166,0.88179028,0,-0.88179028,-0.47164166,0,0,0,1],"scale":1.04260004,"type":"italy_rockface_boulder_3"}
{"ctxid":0,"pos":[-119.061996,-496.518005,364.697998],"rotationMatrix":[0.940003514,-0.341164768,0,0.341164768,0.940003514,0,0,0,1],"scale":0.922399998,"type":"italy_rockface_boulder_3"}
{"ctxid":0,"pos":[-263.928986,-397.096008,322.924988],"rotationMatrix":[0.271816969,0.962348938,0,-0.962348938,0.271816969,0,0,0,1],"scale":1.19990003,"type":"italy_rockface_boulder_3"}
{"ctxid":0,"pos":[-1573.18005,-680.544006,257.606995],"rotationMatrix":[-0.183952689,-0.982935071,0,0.982935071,-0.183952689,0,0,0,1],"scale":1.03120005,"type":"italy_rockface_boulder_3"}
{"ctxid":0,"pos":[-1571.92004,-679.190979,257.247009],"rotationMatrix":[-0.484709024,-0.874675453,0,0.874675453,-0.484709024,0,0,0,1],"scale":0.875199974,"type":"italy_rockface_boulder_3"}
{"ctxid":0,"pos":[-1570.93005,-682.294006,259.299011],"rotationMatrix":[-0.754813671,0.655939281,0,-0.655939281,-0.754813671,0,0,0,1],"scale":1.04990005,"type":"italy_rockface_boulder_3"}
{"ctxid":0,"pos":[-1569.06995,-694.531006,273.07901],"rotationMatrix":[-0.989613414,-0.143754274,0,0.143754274,-0.989613414,0,0,0,1],"scale":1.09660006,"type":"italy_rockface_boulder_3"}
{"ctxid":0,"pos":[-1577.75,-703.830017,278.101013],"rotationMatrix":[0.982850552,-0.184403881,0,0.184403881,0.982850552,0,0,0,1],"scale":0.858299971,"type":"italy_rockface_boulder_3"}
{"ctxid":0,"pos":[-330.85199,1060.86987,209.505249],"rotationMatrix":[-0.838476419,0.544937968,0,-0.544937968,-0.838476419,0,0,0,1],"scale":0.935199976,"type":"italy_rockface_boulder_3"}
{"ctxid":0,"pos":[-1111.65002,663.648987,360.460999],"rotationMatrix":[0.609802246,0.792553604,0,-0.792553604,0.609802246,0,0,0,1],"scale":0.828199983,"type":"italy_rockface_boulder_3"}
{"ctxid":0,"pos":[-1100.07996,652.380981,361.069],"rotationMatrix":[0.255067825,0.966923177,0,-0.966923177,0.255067825,0,0,0,1],"scale":1.18110001,"type":"italy_rockface_boulder_3"}
{"ctxid":0,"pos":[-1128.27002,656.625977,356.752991],"rotationMatrix":[-0.762315512,-0.647205591,0,0.647205591,-0.762315512,0,0,0,1],"scale":0.994300008,"type":"italy_rockface_boulder_3"}
{"ctxid":0,"pos":[-1888.56995,2.95569992,148.955994],"rotationMatrix":[0.666255474,-0.745723546,0,0.745723546,0.666255474,0,0,0,1],"scale":0.986299992,"type":"italy_rockface_boulder_3"}
{"ctxid":0,"pos":[1022.96002,-6.57730007,252.774002],"rotationMatrix":[0.810025454,-0.586394727,0,0.586394727,0.810025454,0,0,0,1],"scale":1.00779998,"type":"italy_rockface_boulder_3"}
{"ctxid":0,"pos":[1416.78003,-1210.81995,268.321991],"rotationMatrix":[0.999915481,0.0130012166,0,-0.0130012166,0.999915481,0,0,0,1],"scale":0.899299979,"type":"italy_rockface_boulder_3"}
{"ctxid":0,"pos":[906.585999,-159.173996,272.390015],"rotationMatrix":[-0.102018476,-0.994782507,0,0.994782507,-0.102018476,0,0,0,1],"scale":0.832000017,"type":"italy_rockface_boulder_3"}
{"ctxid":0,"pos":[380.31601,-553.794006,347.949036],"rotationMatrix":[-0.90788579,0.419217587,0,-0.419217587,-0.90788579,0,0,0,1],"scale":0.800499976,"type":"italy_rockface_boulder_3"}
{"ctxid":0,"pos":[383.903015,-555.171021,348.347229],"rotationMatrix":[-0.988815784,0.149142027,0,-0.149142027,-0.988815784,0,0,0,1],"scale":0.8477,"type":"italy_rockface_boulder_3"}
{"ctxid":0,"pos":[262.252991,-594.586975,344.161011],"rotationMatrix":[0.129063964,-0.991636276,0,0.991636276,0.129063964,0,0,0,1],"scale":1.17789996,"type":"italy_rockface_boulder_3"}
{"ctxid":0,"pos":[252.776001,-599.203979,343.725006],"rotationMatrix":[0.0233570337,0.99972719,0,-0.99972719,0.0233570337,0,0,0,1],"scale":1.04700005,"type":"italy_rockface_boulder_3"}
{"ctxid":0,"pos":[341.360992,-577.633972,346.389099],"rotationMatrix":[-0.113031983,0.993591368,0,-0.993591368,-0.113031983,0,0,0,1],"scale":0.876699984,"type":"italy_rockface_boulder_3"}
{"ctxid":0,"pos":[326.418457,-568.021484,345.017639],"rotationMatrix":[-0.95901227,-0.283364534,0,0.283364534,-0.95901227,0,0,0,1],"scale":1.18219995,"type":"italy_rockface_boulder_3"}
{"ctxid":0,"pos":[219.993164,-603.274902,342.998993],"rotationMatrix":[-1,0,0,0,-1,0,0,0,1],"scale":0.897700012,"type":"italy_rockface_boulder_3"}
{"ctxid":0,"pos":[207.548996,-593.505981,342.432007],"rotationMatrix":[-0.653653145,0.756794274,0,-0.756794274,-0.653653145,0,0,0,1],"scale":0.831799984,"type":"italy_rockface_boulder_3"}
{"ctxid":0,"pos":[216.132996,-595.758972,342.589996],"rotationMatrix":[-0.568574667,0.822631657,0,-0.822631657,-0.568574667,0,0,0,1],"scale":0.986000001,"type":"italy_rockface_boulder_3"}
{"ctxid":0,"pos":[218.501999,-594.994995,342.431],"rotationMatrix":[0.670814991,-0.741624713,0,0.741624713,0.670814991,0,0,0,1],"scale":0.974699974,"type":"italy_rockface_boulder_3"}
{"ctxid":0,"pos":[162.785995,-604.200989,351.889008],"rotationMatrix":[0.841402888,-0.540408373,0,0.540408373,0.841402888,0,0,0,1],"scale":0.802299976,"type":"italy_rockface_boulder_3"}
{"ctxid":0,"pos":[151.207001,-603.991028,353.059998],"rotationMatrix":[-0.956242085,-0.292576611,0,0.292576611,-0.956242085,0,0,0,1],"scale":0.828999996,"type":"italy_rockface_boulder_3"}
{"ctxid":0,"pos":[632.265015,1368.19995,142.975998],"rotationMatrix":[0.977697253,-0.210019246,0,0.210019246,0.977697253,0,0,0,1],"scale":0.887700021,"type":"italy_rockface_boulder_3"}
{"ctxid":0,"pos":[605.041016,1378.14001,144.125],"rotationMatrix":[-0.633347392,-0.773867607,0,0.773867607,-0.633347392,0,0,0,1],"scale":0.918200016,"type":"italy_rockface_boulder_3"}
{"ctxid":0,"pos":[598.065979,1381.09998,145.285004],"rotationMatrix":[0.518230677,-0.855240881,0,0.855240881,0.518230677,0,0,0,1],"scale":0.937600017,"type":"italy_rockface_boulder_3"}
{"ctxid":0,"pos":[584.890991,1394.92004,146.199005],"rotationMatrix":[-0.177498579,0.984121084,0,-0.984121084,-0.177498579,0,0,0,1],"scale":0.853399992,"type":"italy_rockface_boulder_3"}
{"ctxid":0,"pos":[619.677979,1371.17004,143.237],"rotationMatrix":[-0.300884604,-0.953660548,0,0.953660548,-0.300884604,0,0,0,1],"scale":1.09200001,"type":"italy_rockface_boulder_3"}
{"ctxid":0,"pos":[70.642601,1003.63,189.828995],"rotationMatrix":[0.967589378,0.252528787,0,-0.252528787,0.967589378,0,0,0,1],"scale":0.973699987,"type":"italy_rockface_boulder_3"}
{"ctxid":0,"pos":[329.725006,869.926025,176.699005],"rotationMatrix":[0.94724524,-0.306325883,0.0942916125,-0.308455348,-0.791353106,0.527840436,-0.0870732367,-0.529079139,-0.844093323],"scale":0.886200011,"type":"italy_rockface_boulder_3"}
{"ctxid":0,"pos":[79.3133011,974.61499,188.908997],"rotationMatrix":[0.453151226,-0.891433656,0,0.891433656,0.453151226,0,0,0,1],"scale":1.05420005,"type":"italy_rockface_boulder_3"}
{"ctxid":0,"pos":[72.1041031,996.062012,190.817993],"rotationMatrix":[-0.898910642,-0.438132018,0,0.438132018,-0.898910642,0,0,0,1],"scale":0.888199985,"type":"italy_rockface_boulder_3"}
{"ctxid":0,"pos":[73.3740005,999.546997,190.313995],"rotationMatrix":[0.778355122,-0.627824247,0,0.627824247,0.778355122,0,0,0,1],"scale":0.971099973,"type":"italy_rockface_boulder_3"}
{"ctxid":0,"pos":[56.5666008,985.606995,194.533997],"rotationMatrix":[-0.656563997,0.754270315,0,-0.754270315,-0.656563997,0,0,0,1],"scale":0.909600019,"type":"italy_rockface_boulder_3"}
{"ctxid":0,"pos":[58.8119011,982.598999,193.498993],"rotationMatrix":[-0.212435842,-0.977174997,0,0.977174997,-0.212435842,0,0,0,1],"scale":0.931599975,"type":"italy_rockface_boulder_3"}
{"ctxid":0,"pos":[683.547424,1440.02344,138.799866],"rotationMatrix":[-0.369353503,-0.929288983,0,0.929288983,-0.369353503,0,0,0,1],"scale":1.15282714,"type":"italy_rockface_boulder_3"}
{"ctxid":0,"pos":[711.755371,1438.53149,139.154907],"rotationMatrix":[0.679123759,0.734023809,0,-0.734023809,0.679123759,0,0,0,1],"scale":1.09904397,"type":"italy_rockface_boulder_3"}
{"ctxid":0,"pos":[705.185242,1438.78589,138.957123],"rotationMatrix":[-0.17526564,0.984521151,0,-0.984521151,-0.17526564,0,0,0,1],"scale":1.07630682,"type":"italy_rockface_boulder_3"}
{"ctxid":0,"pos":[699.962097,1437.61145,139.135986],"rotationMatrix":[0.369221479,-0.929341435,0,0.929341435,0.369221479,0,0,0,1],"scale":0.906355977,"type":"italy_rockface_boulder_3"}
{"ctxid":0,"pos":[708.507568,1435.40747,139.501389],"rotationMatrix":[-0.592526197,-0.805551171,0,0.805551171,-0.592526197,0,0,0,1],"scale":0.879971802,"type":"italy_rockface_boulder_3"}
{"ctxid":0,"pos":[1258.38989,1191.74744,157.816711],"rotationMatrix":[0.85362792,-0.520883203,0,0.520883203,0.85362792,0,0,0,1],"scale":0.877199173,"type":"italy_rockface_boulder_3"}
{"ctxid":0,"pos":[1259.51025,1189.99011,157.970871],"rotationMatrix":[0.442595273,-0.896721482,0,0.896721482,0.442595273,0,0,0,1],"scale":1.16339326,"type":"italy_rockface_boulder_3"}
{"ctxid":0,"pos":[1260.14539,1187.03015,158.322525],"rotationMatrix":[-0.967998803,-0.250954866,0,0.250954866,-0.967998803,0,0,0,1],"scale":0.846864462,"type":"italy_rockface_boulder_3"}
{"ctxid":0,"pos":[1096.86401,1074.17322,156.682129],"rotationMatrix":[-0.529498756,0.848310709,0,-0.848310709,-0.529498756,0,0,0,1],"scale":1.1641748,"type":"italy_rockface_boulder_3"}
{"ctxid":0,"pos":[1097.39465,1072.11584,157.320786],"rotationMatrix":[-0.769337356,-0.638842702,0,0.638842702,-0.769337356,0,0,0,1],"scale":0.998912096,"type":"italy_rockface_boulder_3"}
{"ctxid":0,"pos":[1100.43066,1096.13135,156.699142],"rotationMatrix":[0.489166766,0.872190297,0,-0.872190297,0.489166766,0,0,0,1],"scale":1.17736733,"type":"italy_rockface_boulder_3"}
{"ctxid":0,"pos":[1105.8938,1096.39307,157.574661],"rotationMatrix":[0.883561611,0.468314976,0,-0.468314976,0.883561611,0,0,0,1],"scale":1.12648714,"type":"italy_rockface_boulder_3"}
{"ctxid":0,"pos":[1227.4314,1026.39429,171.027496],"rotationMatrix":[0.98636663,0.164562553,0,-0.164562553,0.98636663,0,0,0,1],"scale":1.07567167,"type":"italy_rockface_boulder_3"}
{"ctxid":0,"pos":[1222.19153,1014.32312,171.304611],"rotationMatrix":[-0.999843657,-0.0176808275,0,0.0176808275,-0.999843657,0,0,0,1],"scale":0.837644577,"type":"italy_rockface_boulder_3"}
{"ctxid":0,"pos":[1226.61133,998.499756,171.816269],"rotationMatrix":[0.0600134619,0.998197556,0,-0.998197556,0.0600134619,0,0,0,1],"scale":1.00796866,"type":"italy_rockface_boulder_3"}
{"ctxid":0,"pos":[1188.63879,1018.93774,167.038055],"rotationMatrix":[-0.542837441,0.83983779,0,-0.83983779,-0.542837441,0,0,0,1],"scale":1.09696305,"type":"italy_rockface_boulder_3"}
{"ctxid":0,"pos":[234.507492,553.519592,177.586151],"rotationMatrix":[-0.800363004,0.517599463,-0.302505434,-0.543042362,-0.839705288,0,-0.254015356,0.164273202,0.95314759],"scale":1.02917111,"type":"italy_rockface_boulder_3"}
{"ctxid":0,"pos":[247.710831,570.23877,178.133682],"rotationMatrix":[0.472673386,0.881237686,0,-0.881237686,0.472673386,0,0,0,1],"scale":0.953311801,"type":"italy_rockface_boulder_3"}
{"ctxid":0,"pos":[392.898773,-1280.97217,360.170319],"rotationMatrix":[0.905157864,-0.42507562,0,0.42507562,0.905157864,0,0,0,1],"scale":0.986626267,"type":"italy_rockface_boulder_3"}
{"ctxid":0,"pos":[402.766388,-1306.22681,361.985107],"rotationMatrix":[0.827286184,-0.561780691,0,0.561780691,0.827286184,0,0,0,1],"scale":0.87543714,"type":"italy_rockface_boulder_3"}
{"ctxid":0,"pos":[390.095184,-1300.50342,361.172882],"rotationMatrix":[-0.641864717,0.766817927,0,-0.766817927,-0.641864717,0,0,0,1],"scale":1.06475592,"type":"italy_rockface_boulder_3"}
{"ctxid":0,"pos":[412.767853,-1279.22119,364.173981],"rotationMatrix":[-0.98016113,-0.198202401,0,0.198202401,-0.98016113,0,0,0,1],"scale":0.848478973,"type":"italy_rockface_boulder_3"}
{"ctxid":0,"pos":[424.385284,-1260.40149,362.424683],"rotationMatrix":[0.974750936,0.223294809,0,-0.223294809,0.974750936,0,0,0,1],"scale":1.14321029,"type":"italy_rockface_boulder_3"}
{"ctxid":0,"pos":[425.678314,-1258.34045,362.24649],"rotationMatrix":[0.632592857,0.774484515,0,-0.774484515,0.632592857,0,0,0,1],"scale":1.16623616,"type":"italy_rockface_boulder_3"}
{"ctxid":0,"pos":[427.804779,-1237.66211,359.314819],"rotationMatrix":[-0.172079474,0.985083044,0,-0.985083044,-0.172079474,0,0,0,1],"scale":0.919541001,"type":"italy_rockface_boulder_3"}
{"ctxid":0,"pos":[427.840057,-1215.94946,356.349792],"rotationMatrix":[-0.990382612,-0.138355762,0,0.138355762,-0.990382612,0,0,0,1],"scale":0.81175226,"type":"italy_rockface_boulder_3"}
{"ctxid":0,"pos":[421.835571,-1204.50537,356.470245],"rotationMatrix":[-0.956957161,0.290229201,0,-0.290229201,-0.956957161,0,0,0,1],"scale":0.879324675,"type":"italy_rockface_boulder_3"}
{"ctxid":0,"pos":[406.583893,-1231.71924,354.590546],"rotationMatrix":[0.987460494,0.157866403,0,-0.157866403,0.987460494,0,0,0,1],"scale":1.15068936,"type":"italy_rockface_boulder_3"}
{"ctxid":0,"pos":[212.805649,-1274.71863,381.83667],"rotationMatrix":[0.258715361,0.965953588,0,-0.965953588,0.258715361,0,0,0,1],"scale":0.821305156,"type":"italy_rockface_boulder_3"}
{"ctxid":0,"pos":[186.049896,-1222.66626,383.62027],"rotationMatrix":[0.0546607971,-0.998504996,0,0.998504996,0.0546607971,0,0,0,1],"scale":1.15533483,"type":"italy_rockface_boulder_3"}
{"ctxid":0,"pos":[172.389572,-1215.29163,384.298035],"rotationMatrix":[0.861030519,-0.508553267,0,0.508553267,0.861030519,0,0,0,1],"scale":0.99801445,"type":"italy_rockface_boulder_3"}
{"ctxid":0,"pos":[165.323792,-1203.4082,381.056],"rotationMatrix":[-0.968493998,-0.249036968,0,0.249036968,-0.968493998,0,0,0,1],"scale":0.94968164,"type":"italy_rockface_boulder_3"}
{"ctxid":0,"pos":[-1245.88892,-153.954987,359.659088],"rotationMatrix":[-0.34931007,-0.937007189,0,0.937007189,-0.34931007,0,0,0,1],"scale":1.12913108,"type":"italy_rockface_boulder_3"}
{"ctxid":0,"pos":[-1272.72803,-131.943893,360.101105],"rotationMatrix":[-0.867353141,-0.497693181,0,0.497693181,-0.867353141,0,0,0,1],"scale":0.853540063,"type":"italy_rockface_boulder_3"}
{"ctxid":0,"pos":[-1282.45667,-123.542023,360.678192],"rotationMatrix":[-0.475019366,0.879975319,0,-0.879975319,-0.475019366,0,0,0,1],"scale":0.833308637,"type":"italy_rockface_boulder_3"}
{"ctxid":0,"pos":[-1250.25916,-142.513641,357.260284],"rotationMatrix":[0.999227941,-0.0392877124,0,0.0392877124,0.999227941,0,0,0,1],"scale":0.803606033,"type":"italy_rockface_boulder_3"}
{"ctxid":0,"pos":[339.735809,-1254.8916,337.11496],"rotationMatrix":[-0.991095424,-0.133153677,0,0.133153677,-0.991095424,0,0,0,1],"scale":0.942124248,"type":"italy_rockface_boulder_3"}
{"ctxid":0,"pos":[348.065704,-1239.29822,336.095795],"rotationMatrix":[-0.712161839,-0.70201534,0,0.70201534,-0.712161839,0,0,0,1],"scale":1.12990129,"type":"italy_rockface_boulder_3"}
{"ctxid":0,"pos":[352.841736,-1226.2561,335.707489],"rotationMatrix":[-0.841696441,0.539950967,0,-0.539950967,-0.841696441,0,0,0,1],"scale":1.00855041,"type":"italy_rockface_boulder_3"}
{"ctxid":0,"pos":[347.935913,-1201.54248,336.87793],"rotationMatrix":[-0.164922252,0.0486445837,-0.985106051,0.282905638,0.959147811,0,0.944862545,-0.278692186,-0.171946302],"scale":1.12046278,"type":"italy_rockface_boulder_3"}
{"ctxid":0,"pos":[361.57193,-1174.12769,338.141907],"rotationMatrix":[-0.998249769,-0.0591384955,0,0.0591384955,-0.998249769,0,0,0,1],"scale":1.06790078,"type":"italy_rockface_boulder_3"}
{"ctxid":0,"pos":[-476.231995,-922.854553,309.756653],"rotationMatrix":[-0.964177966,0.265256226,0,-0.265256226,-0.964177966,0,0,0,1],"scale":1.1091845,"type":"italy_rockface_boulder_3"}
{"ctxid":0,"pos":[-856.701172,-1031.57153,470.2453],"rotationMatrix":[-0.584918916,-0.811091781,0,0.811091781,-0.584918916,0,0,0,1],"scale":1.18783128,"type":"italy_rockface_boulder_3"}
{"ctxid":0,"pos":[-844.316772,-1012.29584,466.627014],"rotationMatrix":[-0.998803556,0.0489023998,0,-0.0489023998,-0.998803556,0,0,0,1],"scale":0.885943532,"type":"italy_rockface_boulder_3"}
{"ctxid":0,"pos":[1010.5777,-1391.95679,279.595886],"rotationMatrix":[-0.999959171,0.00903388299,0,-0.00903388299,-0.999959171,0,0,0,1],"scale":1.12426877,"type":"italy_rockface_boulder_3"}
{"ctxid":0,"pos":[974.046997,-1366.03345,281.269226],"rotationMatrix":[0.857542515,-0.514413118,0,0.514413118,0.857542515,0,0,0,1],"scale":1.13689542,"type":"italy_rockface_boulder_3"}
{"ctxid":0,"pos":[874.700867,-1281.42432,287.109802],"rotationMatrix":[0.947977066,0.318338543,0,-0.318338543,0.947977066,0,0,0,1],"scale":1.15146375,"type":"italy_rockface_boulder_3"}
{"ctxid":0,"pos":[-1587.12561,-1465.3125,313.063721],"rotationMatrix":[-0.156337962,0.987703621,0,-0.987703621,-0.156337962,0,0,0,1],"scale":1.04611707,"type":"italy_rockface_boulder_3"}
{"ctxid":0,"pos":[-1585.11987,-1464.54077,313.26413],"rotationMatrix":[-0.862736166,0.505654335,0,-0.505654335,-0.862736166,0,0,0,1],"scale":1.02154005,"type":"italy_rockface_boulder_3"}
{"ctxid":0,"pos":[-1586.38782,-1462.62793,313.623322],"rotationMatrix":[-0.989106119,-0.147204116,0,0.147204116,-0.989106119,0,0,0,1],"scale":1.12643874,"type":"italy_rockface_boulder_3"}
{"ctxid":0,"pos":[-1598.88953,-1477.32483,305.332214],"rotationMatrix":[0.741193831,-0.671291053,0,0.671291053,0.741193831,0,0,0,1],"scale":0.94856602,"type":"italy_rockface_boulder_3"}
{"ctxid":0,"pos":[-1606.58008,-1480.98535,300.767456],"rotationMatrix":[0.694674015,-0.719324648,0,0.719324648,0.694674015,0,0,0,1],"scale":0.863396168,"type":"italy_rockface_boulder_3"}
{"ctxid":0,"pos":[-1603.93835,-1479.52893,302.551575],"rotationMatrix":[0.607907653,-0.794007719,0,0.794007719,0.607907653,0,0,0,1],"scale":1.08502638,"type":"italy_rockface_boulder_3"}
{"ctxid":0,"pos":[-1594.49182,-1470.505,309.900818],"rotationMatrix":[0.868588269,0.495534509,0,-0.495534509,0.868588269,0,0,0,1],"scale":1.16324472,"type":"italy_rockface_boulder_3"}
{"ctxid":0,"pos":[-1565.21899,-1456.79053,311.353882],"rotationMatrix":[0.992975831,0.118317142,0,-0.118317142,0.992975831,0,0,0,1],"scale":0.901169896,"type":"italy_rockface_boulder_3"}
{"ctxid":0,"pos":[-1559.24841,-1452.87,310.625397],"rotationMatrix":[-0.973911166,0.22692962,0,-0.22692962,-0.973911166,0,0,0,1],"scale":0.983083725,"type":"italy_rockface_boulder_3"}
{"ctxid":0,"pos":[-1618.5011,-1487.47388,294.597809],"rotationMatrix":[0.630958021,0.775816977,0,-0.775816977,0.630958021,0,0,0,1],"scale":1.12253034,"type":"italy_rockface_boulder_3"}
{"ctxid":0,"pos":[-1614.68738,-1487.30774,296.089844],"rotationMatrix":[-0.131517753,-0.991313815,0,0.991313815,-0.131517753,0,0,0,1],"scale":1.19703388,"type":"italy_rockface_boulder_3"}
{"ctxid":0,"pos":[-1615.29749,-1489.58411,295.176941],"rotationMatrix":[0.999339938,0.0363277756,0,-0.0363277756,0.999339938,0,0,0,1],"scale":1.09080839,"type":"italy_rockface_boulder_3"}
{"ctxid":0,"pos":[-724.458984,-894.737854,458.911469],"rotationMatrix":[-0.719549119,0.654663444,0.231656849,-0.694441617,-0.678332746,-0.240032479,-4.47034729e-08,-0.333587319,0.942719221],"scale":0.954623342,"type":"italy_rockface_boulder_3"}
{"ctxid":0,"pos":[-775.600098,-1489.27539,142.60672],"rotationMatrix":[0.932388425,-0.361457884,0,0.361457884,0.932388425,0,0,0,1],"scale":1.13929832,"type":"italy_rockface_boulder_3"}
{"ctxid":0,"pos":[-857.307312,-1409.97888,142.650024],"rotationMatrix":[-0.00991141889,-0.999950886,0,0.999950886,-0.00991141889,0,0,0,1],"scale":1.17367601,"type":"italy_rockface_boulder_3"}
{"ctxid":0,"pos":[-840.770203,-1382.32629,141.759094],"rotationMatrix":[0.809285641,-0.587415338,0,0.587415338,0.809285641,0,0,0,1],"scale":0.972979903,"type":"italy_rockface_boulder_3"}
{"ctxid":0,"pos":[-835.197144,-1336.91931,145.873489],"rotationMatrix":[-0.781615615,-0.623760402,0,0.623760402,-0.781615615,0,0,0,1],"scale":0.968727231,"type":"italy_rockface_boulder_3"}
{"ctxid":0,"pos":[-812.815613,-1327.50439,143.689758],"rotationMatrix":[-0.673644245,-0.739055753,0,0.739055753,-0.673644245,0,0,0,1],"scale":1.18387663,"type":"italy_rockface_boulder_3"}
{"ctxid":0,"pos":[-800.406128,-1321.60291,144.178589],"rotationMatrix":[-0.986771464,0.162117496,0,-0.162117496,-0.986771464,0,0,0,1],"scale":1.19377768,"type":"italy_rockface_boulder_3"}
{"ctxid":0,"pos":[928.083008,802.131226,180.155792],"rotationMatrix":[-0.387879372,0.921710134,0,-0.921710134,-0.387879372,0,0,0,1],"scale":0.857094824,"type":"italy_rockface_boulder_3"}
{"ctxid":0,"pos":[932.453369,790.346008,180.609146],"rotationMatrix":[0.931432068,-0.363915294,0,0.363915294,0.931432068,0,0,0,1],"scale":1.1247952,"type":"italy_rockface_boulder_3"}
{"ctxid":0,"pos":[999.104004,846.800659,180.49086],"rotationMatrix":[-0.448780835,-0.893641829,0,0.893641829,-0.448780835,0,0,0,1],"scale":0.862792909,"type":"italy_rockface_boulder_3"}
{"ctxid":0,"pos":[1000.89532,847.714355,180.422409],"rotationMatrix":[-0.838992596,-0.544142842,0,0.544142842,-0.838992596,0,0,0,1],"scale":1.08132327,"type":"italy_rockface_boulder_3"}
{"ctxid":0,"pos":[1005.33685,835.484558,180.151016],"rotationMatrix":[-0.998151839,0.0607693754,0,-0.0607693754,-0.998151839,0,0,0,1],"scale":1.11679924,"type":"italy_rockface_boulder_3"}
{"ctxid":0,"pos":[1068.63306,866.598694,179.997116],"rotationMatrix":[-0.179856405,0.983692884,0,-0.983692884,-0.179856405,0,0,0,1],"scale":0.894026518,"type":"italy_rockface_boulder_3"}
{"ctxid":0,"pos":[1066.1344,868.653992,179.968063],"rotationMatrix":[0.195479795,-0.980707705,0,0.980707705,0.195479795,0,0,0,1],"scale":0.825232327,"type":"italy_rockface_boulder_3"}
{"ctxid":0,"pos":[-865.858337,381.10907,256.234436],"rotationMatrix":[0.554571927,0.832135618,0,-0.832135618,0.554571927,0,0,0,1],"scale":1.19180179,"type":"italy_rockface_boulder_3"}
{"ctxid":0,"pos":[-854.737793,396.694672,256.477661],"rotationMatrix":[0.997943223,0.0641037896,0,-0.0641037896,0.997943223,0,0,0,1],"scale":1.09476781,"type":"italy_rockface_boulder_3"}
{"ctxid":0,"pos":[-840.915771,424.261475,258.462585],"rotationMatrix":[0.335275829,0.942120016,0,-0.942120016,0.335275829,0,0,0,1],"scale":0.730882883,"type":"italy_rockface_boulder_3"}
{"ctxid":0,"pos":[325.271942,-179.459351,185.166733],"rotationMatrix":[0.845234215,0.534395993,0,-0.534395993,0.845234215,0,0,0,1],"scale":0.862999499,"type":"italy_rockface_boulder_3"}
{"ctxid":0,"pos":[321.927765,-177.464401,185.382507],"rotationMatrix":[0.761977792,0.647603214,0,-0.647603214,0.761977792,0,0,0,1],"scale":1.00795889,"type":"italy_rockface_boulder_3"}
{"ctxid":0,"pos":[324.891083,-181.295471,185.083954],"rotationMatrix":[0.108970851,-0.99404496,0,0.99404496,0.108970851,0,0,0,1],"scale":0.974734068,"type":"italy_rockface_boulder_3"}
{"ctxid":0,"pos":[326.41806,-183.805557,185.071335],"rotationMatrix":[0.979007125,0.20382601,0,-0.20382601,0.979007125,0,0,0,1],"scale":0.860263884,"type":"italy_rockface_boulder_3"}
{"ctxid":0,"pos":[320.809509,-180.724121,185.761124],"rotationMatrix":[-0.925289571,0.379261345,0,-0.379261345,-0.925289571,0,0,0,1],"scale":1.10103977,"type":"italy_rockface_boulder_3"}
{"ctxid":0,"pos":[316.869995,-171.599152,184.871567],"rotationMatrix":[0.652942121,-0.757407844,0,0.757407844,0.652942121,0,0,0,1],"scale":1.14875066,"type":"italy_rockface_boulder_3"}
{"ctxid":0,"pos":[314.485046,-170.089859,185.118378],"rotationMatrix":[0.495894521,0.868382752,0,-0.868382752,0.495894521,0,0,0,1],"scale":0.830526948,"type":"italy_rockface_boulder_3"}
{"ctxid":0,"pos":[313.006531,-170.651245,185.484177],"rotationMatrix":[0.741811574,0.670608342,0,-0.670608342,0.741811574,0,0,0,1],"scale":1.07341516,"type":"italy_rockface_boulder_3"}
{"ctxid":0,"pos":[323.262848,-161.712784,183.591049],"rotationMatrix":[-0.9943313,0.106326051,0,-0.106326051,-0.9943313,0,0,0,1],"scale":1.04391515,"type":"italy_rockface_boulder_3"}
{"ctxid":0,"pos":[295.301819,-152.510223,182.327774],"rotationMatrix":[-0.0927885324,0.995685816,0,-0.995685816,-0.0927885324,0,0,0,1],"scale":1.01753867,"type":"italy_rockface_boulder_3"}
{"ctxid":0,"pos":[293.486298,-150.123871,181.92749],"rotationMatrix":[-0.913712621,0.406360984,0,-0.406360984,-0.913712621,0,0,0,1],"scale":1.10821998,"type":"italy_rockface_boulder_3"}
{"ctxid":0,"pos":[392.226105,-52.9259949,184.723846],"rotationMatrix":[0.290536433,0.95686394,0,-0.95686394,0.290536433,0,0,0,1],"scale":1.04809344,"type":"italy_rockface_boulder_3"}
{"ctxid":0,"pos":[386.015442,-46.8859482,184.913574],"rotationMatrix":[-0.559828937,-0.828608215,0,0.828608215,-0.559828937,0,0,0,1],"scale":0.903211236,"type":"italy_rockface_boulder_3"}
{"ctxid":0,"pos":[364.804596,-34.7854805,184.513031],"rotationMatrix":[0.591478586,-0.806320667,0,0.806320667,0.591478586,0,0,0,1],"scale":0.914340854,"type":"italy_rockface_boulder_3"}
{"ctxid":0,"pos":[356.697876,-27.764555,182.87355],"rotationMatrix":[-0.0917069316,0.995786011,0,-0.995786011,-0.0917069316,0,0,0,1],"scale":1.17253363,"type":"italy_rockface_boulder_3"}
{"ctxid":0,"pos":[357.60495,-26.1458092,183.353973],"rotationMatrix":[-0.99750495,0.0705961883,0,-0.0705961883,-0.99750495,0,0,0,1],"scale":0.962339401,"type":"italy_rockface_boulder_3"}
{"ctxid":0,"pos":[590.76239,250.198181,177.95224],"rotationMatrix":[0.394612908,-0.918847442,0,0.918847442,0.394612908,0,0,0,1],"scale":1.09628439,"type":"italy_rockface_boulder_3"}
{"ctxid":0,"pos":[588.156921,257.309357,177.396652],"rotationMatrix":[0.78398335,0.620781839,0,-0.620781839,0.78398335,0,0,0,1],"scale":1.04544747,"type":"italy_rockface_boulder_3"}
{"ctxid":0,"pos":[584.913574,263.480469,176.727493],"rotationMatrix":[-0.969859064,-0.243666664,0,0.243666664,-0.969859064,0,0,0,1],"scale":1.08888221,"type":"italy_rockface_boulder_3"}
{"ctxid":0,"pos":[580.00531,284.742615,174.897964],"rotationMatrix":[0.0619734228,0.99807781,0,-0.99807781,0.0619734228,0,0,0,1],"scale":0.985244393,"type":"italy_rockface_boulder_3"}
{"ctxid":0,"pos":[605.84375,183.272781,177.687225],"rotationMatrix":[-0.70029825,0.713850379,0,-0.713850379,-0.70029825,0,0,0,1],"scale":1.10386944,"type":"italy_rockface_boulder_3"}
{"ctxid":0,"pos":[649.025696,177.609726,178.836273],"rotationMatrix":[-0.430540234,0.90257138,0,-0.90257138,-0.430540234,0,0,0,1],"scale":0.905462742,"type":"italy_rockface_boulder_3"}
{"ctxid":0,"pos":[651.964783,178.883896,178.671722],"rotationMatrix":[-0.831600487,-0.555374265,0,0.555374265,-0.831600487,0,0,0,1],"scale":0.913607419,"type":"italy_rockface_boulder_3"}
{"ctxid":0,"pos":[694.392029,252.106781,175.468979],"rotationMatrix":[-0.53745389,-0.84329313,0,0.84329313,-0.53745389,0,0,0,1],"scale":0.94618082,"type":"italy_rockface_boulder_3"}
{"ctxid":0,"pos":[691.683655,246.277405,175.754486],"rotationMatrix":[0.762711942,0.64673841,0,-0.64673841,0.762711942,0,0,0,1],"scale":1.08845687,"type":"italy_rockface_boulder_3"}
{"ctxid":0,"pos":[690.203735,245.927155,175.939758],"rotationMatrix":[-0.896149933,0.443751454,0,-0.443751454,-0.896149933,0,0,0,1],"scale":0.801365793,"type":"italy_rockface_boulder_3"}
{"ctxid":0,"pos":[795.157471,-580.409302,185.98349],"rotationMatrix":[-0.872649789,-0.488346517,0,0.488346517,-0.872649789,0,0,0,1],"scale":1.15206313,"type":"italy_rockface_boulder_3"}
{"ctxid":0,"pos":[808.616577,-588.589783,185.038239],"rotationMatrix":[-0.943733692,0.330706358,0,-0.330706358,-0.943733692,0,0,0,1],"scale":0.882745802,"type":"italy_rockface_boulder_3"}
{"ctxid":0,"pos":[813.831177,-572.914368,185.469101],"rotationMatrix":[0.958809495,-0.284049958,0,0.284049958,0.958809495,0,0,0,1],"scale":0.89762491,"type":"italy_rockface_boulder_3"}
{"ctxid":0,"pos":[870.978638,-620.444031,177.671387],"rotationMatrix":[0.762704194,0.64674747,0,-0.64674747,0.762704194,0,0,0,1],"scale":0.970490515,"type":"italy_rockface_boulder_3"}
{"ctxid":0,"pos":[421.328278,688.265198,160.049408],"rotationMatrix":[-0.653585851,-0.756852388,0,0.756852388,-0.653585851,0,0,0,1],"scale":0.941544533,"type":"italy_rockface_boulder_3"}
{"ctxid":0,"pos":[419.861053,683.527405,159.980576],"rotationMatrix":[0.306925118,-0.951733649,0,0.951733649,0.306925118,0,0,0,1],"scale":0.860512197,"type":"italy_rockface_boulder_3"}
{"ctxid":0,"pos":[402.829132,679.378906,160.204514],"rotationMatrix":[0.878284037,-0.478139281,0,0.478139281,0.878284037,0,0,0,1],"scale":1.01170599,"type":"italy_rockface_boulder_3"}
{"ctxid":0,"pos":[402.126343,678.14978,160.297714],"rotationMatrix":[-0.983438849,-0.181240365,0,0.181240365,-0.983438849,0,0,0,1],"scale":0.839197457,"type":"italy_rockface_boulder_3"}
{"ctxid":0,"pos":[401.113556,688.496033,158.944656],"rotationMatrix":[0.697638214,0.716450214,0,-0.716450214,0.697638214,0,0,0,1],"scale":0.975666165,"type":"italy_rockface_boulder_3"}
{"ctxid":0,"pos":[399.258331,689.499268,159.111374],"rotationMatrix":[-0.239630044,-0.970864296,0,0.970864296,-0.239630044,0,0,0,1],"scale":1.06070721,"type":"italy_rockface_boulder_3"}
{"ctxid":0,"pos":[409.374298,676.244385,160.110046],"rotationMatrix":[0.974410832,0.224774465,0,-0.224774465,0.974410832,0,0,0,1],"scale":1.1113255,"type":"italy_rockface_boulder_3"}
{"ctxid":0,"pos":[419.533417,649.531921,165.825226],"rotationMatrix":[0.995728493,-0.0923294425,0,0.0923294425,0.995728493,0,0,0,1],"scale":0.809877098,"type":"italy_rockface_boulder_3"}
{"ctxid":0,"pos":[410.334351,655.667969,164.704727],"rotationMatrix":[-0.940553069,-0.339646757,0,0.339646757,-0.940553069,0,0,0,1],"scale":0.941736221,"type":"italy_rockface_boulder_3"}
{"ctxid":0,"pos":[418.632385,669.743835,162.130936],"rotationMatrix":[-0.79453963,-0.607212305,0,0.607212305,-0.79453963,0,0,0,1],"scale":0.948115468,"type":"italy_rockface_boulder_3"}
{"ctxid":0,"pos":[1882.04285,-1327.24866,159.427765],"rotationMatrix":[0.460333854,-0.887745857,0,0.887745857,0.460333854,0,0,0,1],"scale":1.130813,"type":"italy_rockface_boulder_3"}
{"ctxid":0,"pos":[1889.22803,-1350.67847,162.955231],"rotationMatrix":[0.580264449,0.814428091,0,-0.814428091,0.580264449,0,0,0,1],"scale":0.959440231,"type":"italy_rockface_boulder_3"}
{"ctxid":0,"pos":[1871.4873,-1354.74805,161.699707],"rotationMatrix":[0.45956853,-0.888142288,0,0.888142288,0.45956853,0,0,0,1],"scale":0.81682992,"type":"italy_rockface_boulder_3"}
{"ctxid":0,"pos":[1889.896,-1304.22168,156.240067],"rotationMatrix":[0.995644271,0.0932337046,0,-0.0932337046,0.995644271,0,0,0,1],"scale":1.10123301,"type":"italy_rockface_boulder_3"}
{"ctxid":0,"pos":[261.981903,-129.317505,181.13475],"rotationMatrix":[-0.852690935,-0.522415757,0,0.522415757,-0.852690935,0,0,0,1],"scale":0.869603634,"type":"italy_rockface_boulder_3"}
{"ctxid":0,"pos":[261.081665,-132.607742,181.294952],"rotationMatrix":[-0.95127511,0.30834344,0,-0.30834344,-0.95127511,0,0,0,1],"scale":0.952164948,"type":"italy_rockface_boulder_3"}
{"ctxid":0,"pos":[257.264282,-170.987854,182.074295],"rotationMatrix":[-0.995342791,0.0963987187,0,-0.0963987187,-0.995342791,0,0,0,1],"scale":0.937315702,"type":"italy_rockface_boulder_3"}
{"ctxid":0,"pos":[241.583633,-170.945663,181.597855],"rotationMatrix":[-0.924111128,0.382123888,0,-0.382123888,-0.924111128,0,0,0,1],"scale":0.807048738,"type":"italy_rockface_boulder_3"}
{"ctxid":0,"pos":[311.879364,-48.0324364,182.44931],"rotationMatrix":[-0.957187712,0.28946799,0,-0.28946799,-0.957187712,0,0,0,1],"scale":0.813758433,"type":"italy_rockface_boulder_3"}
{"ctxid":0,"pos":[325.853302,-55.5272446,182.099274],"rotationMatrix":[0.985868156,-0.167522922,0,0.167522922,0.985868156,0,0,0,1],"scale":0.931153417,"type":"italy_rockface_boulder_3"}
{"ctxid":0,"pos":[304.069061,-63.258667,181.274017],"rotationMatrix":[0.645718515,0.763575554,0,-0.763575554,0.645718515,0,0,0,1],"scale":1.1585933,"type":"italy_rockface_boulder_3"}
{"ctxid":0,"pos":[314.565491,-73.062439,181.237762],"rotationMatrix":[0.0865111127,0.996250868,0,-0.996250868,0.0865111127,0,0,0,1],"scale":1.03525364,"type":"italy_rockface_boulder_3"}
{"ctxid":0,"pos":[204.192932,686.088379,162.347748],"rotationMatrix":[0.647696614,0.45939973,-0.607815206,-0.0585112534,0.825400949,0.561505497,0.759647489,-0.328121573,0.561489582],"scale":1.03539252,"type":"italy_rockface_boulder_3"}
{"ctxid":0,"pos":[208.299759,683.959412,160.065842],"rotationMatrix":[0.910733342,0.412994891,0,-0.412994891,0.910733342,0,0,0,1],"scale":0.8814345,"type":"italy_rockface_boulder_3"}
{"ctxid":0,"pos":[213.060547,681.805725,160.201294],"rotationMatrix":[-0.168267608,-0.985741377,0,0.985741377,-0.168267608,0,0,0,1],"scale":0.864158988,"type":"italy_rockface_boulder_3"}
{"ctxid":0,"pos":[195.308258,697.284668,165.581161],"rotationMatrix":[0.950149834,-0.311793745,0,0.311793745,0.950149834,0,0,0,1],"scale":1.14539111,"type":"italy_rockface_boulder_3"}
{"ctxid":0,"pos":[455.725922,858.718567,147.516846],"rotationMatrix":[0.196858376,0.980431914,0,-0.980431914,0.196858376,0,0,0,1],"scale":0.8171525,"type":"italy_rockface_boulder_3"}
{"ctxid":0,"pos":[467.511841,865.502991,148.868011],"rotationMatrix":[-0.50638175,-0.862309396,0,0.862309396,-0.50638175,0,0,0,1],"scale":0.831587017,"type":"italy_rockface_boulder_3"}
{"ctxid":0,"pos":[451.28537,859.286255,148.601318],"rotationMatrix":[0.629540086,0.776968002,0,-0.776968002,0.629540086,0,0,0,1],"scale":0.834818006,"type":"italy_rockface_boulder_3"}
{"ctxid":0,"pos":[449.490723,856.459778,150.704651],"rotationMatrix":[-0.194242597,-0.980953515,0,0.980953515,-0.194242597,0,0,0,1],"scale":0.991279304,"type":"italy_rockface_boulder_3"}
{"ctxid":0,"pos":[463.440857,858.777954,148.062592],"rotationMatrix":[0.990610361,0.136715353,0,-0.136715353,0.990610361,0,0,0,1],"scale":0.822563827,"type":"italy_rockface_boulder_3"}
{"ctxid":0,"pos":[-296.062897,-1364.51489,260.710266],"rotationMatrix":[0.829703927,-0.558203697,0,0.558203697,0.829703927,0,0,0,1],"scale":1.00769985,"type":"italy_rockface_boulder_3"}
{"ctxid":0,"pos":[834.650696,-1276.17261,288.093323],"rotationMatrix":[-0.993697941,0.112091124,0,-0.112091124,-0.993697941,0,0,0,1],"scale":1.03418458,"type":"italy_rockface_boulder_3"}
{"ctxid":0,"pos":[834.500244,-1273.68347,290.127441],"rotationMatrix":[0.992688298,-0.120705947,0,0.120705947,0.992688298,0,0,0,1],"scale":0.802027047,"type":"italy_rockface_boulder_3"}
{"ctxid":0,"pos":[785.850952,-1267.93018,290.082214],"rotationMatrix":[-0.862365305,-0.506286561,0,0.506286561,-0.862365305,0,0,0,1],"scale":0.851973414,"type":"italy_rockface_boulder_3"}
{"ctxid":0,"pos":[800.102051,-1267.23853,289.804657],"rotationMatrix":[0.959563851,-0.281491131,0,0.281491131,0.959563851,0,0,0,1],"scale":0.827934742,"type":"italy_rockface_boulder_3"}
{"ctxid":0,"pos":[1218.38757,-795.864563,142.970566],"rotationMatrix":[0.686228573,0.727385938,0,-0.727385938,0.686228573,0,0,0,1],"scale":0.852529585,"type":"italy_rockface_boulder_3"}
{"ctxid":0,"pos":[1213.78821,-797.376038,143.920486],"rotationMatrix":[-0.509694457,0.860355496,0,-0.860355496,-0.509694457,0,0,0,1],"scale":0.886401772,"type":"italy_rockface_boulder_3"}
{"ctxid":0,"pos":[1215.20984,-794.314636,143.060547],"rotationMatrix":[1,0.000125710169,0,-0.000125710169,1,0,0,0,1],"scale":0.943056285,"type":"italy_rockface_boulder_3"}
{"ctxid":0,"pos":[1212.69592,-795.10199,143.596161],"rotationMatrix":[0.376489431,0.926420927,0,-0.926420927,0.376489431,0,0,0,1],"scale":1.19126022,"type":"italy_rockface_boulder_3"}
{"ctxid":0,"pos":[1226.94092,-787.202026,142.520935],"rotationMatrix":[-0.986988127,-0.160793111,0,0.160793111,-0.986988127,0,0,0,1],"scale":1.14363813,"type":"italy_rockface_boulder_3"}
{"ctxid":0,"pos":[1225.06104,-810.940735,144.078293],"rotationMatrix":[0.28649497,0.958081722,0,-0.958081722,0.28649497,0,0,0,1],"scale":1.00668716,"type":"italy_rockface_boulder_3"}
{"ctxid":0,"pos":[1186.24109,-816.395264,146.53717],"rotationMatrix":[0.415684938,-0.909508705,0,0.909508705,0.415684938,0,0,0,1],"scale":1.14033449,"type":"italy_rockface_boulder_3"}
{"ctxid":0,"pos":[1240.55505,-799.35614,142.602081],"rotationMatrix":[0.282218337,0.959350228,0,-0.959350228,0.282218337,0,0,0,1],"scale":0.837294161,"type":"italy_rockface_boulder_3"}
{"ctxid":0,"pos":[1241.44885,-800.964294,142.685776],"rotationMatrix":[-0.814028203,0.580825329,0,-0.580825329,-0.814028203,0,0,0,1],"scale":0.82343179,"type":"italy_rockface_boulder_3"}
{"ctxid":0,"pos":[1274.73779,-822.629517,142.653641],"rotationMatrix":[0.44733876,0.894364595,0,-0.894364595,0.44733876,0,0,0,1],"scale":0.909123003,"type":"italy_rockface_boulder_3"}
{"ctxid":0,"pos":[1297.44153,-855.992737,143.42569],"rotationMatrix":[0.587437868,-0.809269309,0,0.809269309,0.587437868,0,0,0,1],"scale":0.888394237,"type":"italy_rockface_boulder_3"}
{"ctxid":0,"pos":[1281.02148,-830.010498,143.142654],"rotationMatrix":[0.403290659,-0.915071964,0,0.915071964,0.403290659,0,0,0,1],"scale":1.1563549,"type":"italy_rockface_boulder_3"}
{"ctxid":0,"pos":[1274.59277,-839.172607,143.117142],"rotationMatrix":[0.525650978,0.850700319,0,-0.850700319,0.525650978,0,0,0,1],"scale":0.852630019,"type":"italy_rockface_boulder_3"}
{"ctxid":0,"pos":[1279.93713,-843.336914,143.882278],"rotationMatrix":[0.763092518,-0.646289289,0,0.646289289,0.763092518,0,0,0,1],"scale":1.03401732,"type":"italy_rockface_boulder_3"}
{"ctxid":0,"pos":[1212.30432,-351.104675,139.986588],"rotationMatrix":[-0.86618638,-0.49972105,0,0.49972105,-0.86618638,0,0,0,1],"scale":0.891251206,"type":"italy_rockface_boulder_3"}
{"ctxid":0,"pos":[1186.39709,-359.102203,140.481354],"rotationMatrix":[0.395908862,-0.91828984,0,0.91828984,0.395908862,0,0,0,1],"scale":0.931671143,"type":"italy_rockface_boulder_3"}
{"ctxid":0,"pos":[1177.32788,-364.341858,141.045959],"rotationMatrix":[-0.596171021,0.625049472,0.503878355,-0.723625541,-0.690192819,0,0.347773314,-0.364619374,0.863774598],"scale":1.17314911,"type":"italy_rockface_boulder_3"}
{"ctxid":0,"pos":[1278.98706,-345.195221,143.287811],"rotationMatrix":[-0.548023462,0.836462975,0,-0.836462975,-0.548023462,0,0,0,1],"scale":0.844743848,"type":"italy_rockface_boulder_3"}
{"ctxid":0,"pos":[1279.58276,-343.944946,143.802124],"rotationMatrix":[0.908683836,0.0702717453,-0.411528468,0.259756804,0.676527739,0.689084113,0.326833397,-0.733056664,0.596496344],"scale":0.850058794,"type":"italy_rockface_boulder_3"}
{"ctxid":0,"pos":[1277.00635,-343.304779,144.095764],"rotationMatrix":[-0.686237752,0.571292996,0.450225174,-0.610968709,-0.116841346,-0.78298527,-0.394708425,-0.812387288,0.429223329],"scale":0.945251107,"type":"italy_rockface_boulder_3"}
{"ctxid":0,"pos":[1278.47302,-342.568542,144.617126],"rotationMatrix":[0.768386126,0.639986515,0,-0.639986515,0.768386126,0,0,0,1],"scale":0.92440182,"type":"italy_rockface_boulder_3"}
{"ctxid":0,"pos":[1277.76233,-345.659393,142.744019],"rotationMatrix":[0.920182884,0.391488224,0,-0.391488224,0.920182884,0,0,0,1],"scale":1.12463367,"type":"italy_rockface_boulder_3"}
{"ctxid":0,"pos":[1275.72083,-342.080078,144.940979],"rotationMatrix":[0.978063047,0.208309129,0,-0.208309129,0.978063047,0,0,0,1],"scale":1.08476174,"type":"italy_rockface_boulder_3"}
{"ctxid":0,"pos":[1274.31812,-341.583069,145.364334],"rotationMatrix":[-0.436105132,-0.899895728,0,0.899895728,-0.436105132,0,0,0,1],"scale":0.993908763,"type":"italy_rockface_boulder_3"}
{"ctxid":0,"pos":[-877.171326,-366.845581,272.947449],"rotationMatrix":[-0.738712788,0.67402035,0,-0.67402035,-0.738712788,0,0,0,1],"scale":1.07733202,"type":"italy_rockface_boulder_3"}
{"ctxid":0,"pos":[-649.500244,-273.060944,274.275452],"rotationMatrix":[0.863822937,-0.496518165,0.0853215009,0.501744568,0.863145292,-0.056857679,-0.0454139709,0.0919245631,0.994729877],"scale":0.904295266,"type":"italy_rockface_boulder_3"}
{"ctxid":0,"pos":[-770.351135,-342.318817,272.78894],"rotationMatrix":[-0.8191697,0.573551238,0,-0.573551238,-0.8191697,0,0,0,1],"scale":1.07126033,"type":"italy_rockface_boulder_3"}
{"ctxid":0,"pos":[-766.429321,-344.694366,275.371796],"rotationMatrix":[-0.95702529,0.290004462,0,-0.290004462,-0.95702529,0,0,0,1],"scale":1.08634686,"type":"italy_rockface_boulder_3"}
{"ctxid":0,"pos":[-188.25267,-621.962585,476.777008],"rotationMatrix":[-0.864509046,0.50261724,0,-0.50261724,-0.864509046,0,0,0,1],"scale":0.884213507,"type":"italy_rockface_boulder_3"}
{"ctxid":0,"pos":[-194.665909,-644.828125,476.815643],"rotationMatrix":[-0.501777172,-0.86499691,0,0.86499691,-0.501777172,0,0,0,1],"scale":0.949074805,"type":"italy_rockface_boulder_3"}
{"ctxid":0,"pos":[-200.375259,-665.077454,474.360413],"rotationMatrix":[0.905808568,-0.423687249,0,0.423687249,0.905808568,0,0,0,1],"scale":0.928442121,"type":"italy_rockface_boulder_3"}
