{"ctxid":0,"pos":[-1214.34998,-358.225006,387.234009],"rotationMatrix":[-0.144887209,0.98944819,0,-0.98944819,-0.144887209,0,0,0,1],"scale":1,"type":"italy_guardrails_basic_concrete"}
{"ctxid":0,"pos":[-1214.43994,-355.364014,387.257996],"rotationMatrix":[0.0844249725,0.996429861,0,-0.996429861,0.0844249725,0,0,0,1],"scale":1,"type":"italy_guardrails_basic_concrete"}
{"ctxid":0,"pos":[-1214.04004,-352.493988,387.265991],"rotationMatrix":[0.182335258,0.983236432,0,-0.983236432,0.182335258,0,0,0,1],"scale":1,"type":"italy_guardrails_basic_concrete"}
{"ctxid":0,"pos":[-1213.19995,-349.681,387.295013],"rotationMatrix":[0.370558023,0.928809345,0,-0.928809345,0.370558023,0,0,0,1],"scale":1,"type":"italy_guardrails_basic_concrete"}
{"ctxid":0,"pos":[-1212.09998,-347.015015,387.289001],"rotationMatrix":[0.3943398,0.918964684,0,-0.918964684,0.3943398,0,0,0,1],"scale":1,"type":"italy_guardrails_basic_concrete"}
{"ctxid":0,"pos":[-1211.14001,-344.247009,387.316986],"rotationMatrix":[0.250911951,0.968009889,0,-0.968009889,0.250911951,0,0,0,1],"scale":1,"type":"italy_guardrails_basic_concrete"}
{"ctxid":0,"pos":[-1210.72998,-341.399994,387.325012],"rotationMatrix":[0.0230776072,0.999733686,0,-0.999733686,0.0230776072,0,0,0,1],"scale":1,"type":"italy_guardrails_basic_concrete"}
{"ctxid":0,"pos":[-1211.19995,-338.600006,387.289001],"rotationMatrix":[-0.374288201,0.926832139,-0.0298416112,-0.927243888,-0.374457955,-0.000107970234,-0.0112744989,0.0276300404,0.999554634],"scale":1,"type":"italy_guardrails_basic_concrete"}
{"ctxid":0,"pos":[-1212.31006,-335.940002,387.252991],"rotationMatrix":[-0.406835318,0.913501501,0,-0.913501501,-0.406835318,0,0,0,1],"scale":1,"type":"italy_guardrails_basic_concrete"}
{"ctxid":0,"pos":[-1213.55005,-333.333008,387.251007],"rotationMatrix":[-0.447721243,0.894173205,0,-0.894173205,-0.447721243,0,0,0,1],"scale":1,"type":"italy_guardrails_basic_concrete"}
{"ctxid":0,"pos":[-1214.83997,-330.757996,387.22699],"rotationMatrix":[-0.447721243,0.894173205,0,-0.894173205,-0.447721243,0,0,0,1],"scale":1,"type":"italy_guardrails_basic_concrete"}
{"ctxid":0,"pos":[-1216.15002,-328.140991,387.234985],"rotationMatrix":[-0.447721243,0.894173205,0,-0.894173205,-0.447721243,0,0,0,1],"scale":1,"type":"italy_guardrails_basic_concrete"}
{"ctxid":0,"pos":[-1217.46997,-325.501007,387.213989],"rotationMatrix":[-0.447721243,0.894173205,0,-0.894173205,-0.447721243,0,0,0,1],"scale":1,"type":"italy_guardrails_basic_concrete"}
{"ctxid":0,"pos":[-1218.76001,-322.920013,387.207001],"rotationMatrix":[-0.447721243,0.894173205,0,-0.894173205,-0.447721243,0,0,0,1],"scale":1,"type":"italy_guardrails_basic_concrete"}
{"ctxid":0,"pos":[-1220.06006,-320.32901,387.207001],"rotationMatrix":[-0.447721243,0.894173205,0,-0.894173205,-0.447721243,0,0,0,1],"scale":1,"type":"italy_guardrails_basic_concrete"}
{"ctxid":0,"pos":[-1221.12,-317.671997,387.207001],"rotationMatrix":[-0.287691474,0.957723141,0,-0.957723141,-0.287691474,0,0,0,1],"scale":1,"type":"italy_guardrails_basic_concrete"}
{"ctxid":0,"pos":[-1221.95996,-314.843994,387.207001],"rotationMatrix":[-0.287691474,0.957723141,0,-0.957723141,-0.287691474,0,0,0,1],"scale":1,"type":"italy_guardrails_basic_concrete"}
{"ctxid":0,"pos":[-1222.87,-312.069,387.192993],"rotationMatrix":[-0.328123927,0.944634676,0,-0.944634676,-0.328123927,0,0,0,1],"scale":1,"type":"italy_guardrails_basic_concrete"}
{"ctxid":0,"pos":[-1224.05005,-309.40799,387.212006],"rotationMatrix":[-0.48815763,0.872755468,0,-0.872755468,-0.48815763,0,0,0,1],"scale":1,"type":"italy_guardrails_basic_concrete"}
{"ctxid":0,"pos":[-1224.97998,-306.725006,387.234009],"rotationMatrix":[-0.172286749,0.985046864,0,-0.985046864,-0.172286749,0,0,0,1],"scale":1,"type":"italy_guardrails_basic_concrete"}
{"ctxid":0,"pos":[6177.3999,-2.65919995,0],"rotationMatrix":[1,0,0,0,1,0,0,0,1],"scale":1,"type":"italy_guardrails_basic_concrete"}
{"ctxid":0,"pos":[1074.53003,496.338989,185.457993],"rotationMatrix":[-0.534401536,-0.845230758,0,0.845230758,-0.534401536,0,0,0,1],"scale":1,"type":"italy_guardrails_basic_concrete"}
{"ctxid":0,"pos":[1072.90002,493.980011,185.451004],"rotationMatrix":[-0.597756982,-0.801677346,0,0.801677346,-0.597756982,0,0,0,1],"scale":1,"type":"italy_guardrails_basic_concrete"}
{"ctxid":0,"pos":[1071.08997,491.723999,185.421005],"rotationMatrix":[-0.659499407,-0.751534283,-0.016023742,0.751630723,-0.659584165,6.21653908e-06,-0.0105736777,-0.0120398365,0.999871612],"scale":1,"type":"italy_guardrails_basic_concrete"}
{"ctxid":0,"pos":[1068.93005,489.882996,185.307007],"rotationMatrix":[-0.850661635,-0.521625876,-0.0654310286,0.522747338,-0.852487683,-2.20098646e-05,-0.0557676665,-0.0342226177,0.997857094],"scale":1,"type":"italy_guardrails_basic_concrete"}
{"ctxid":0,"pos":[1066.34998,488.587006,185.117996],"rotationMatrix":[-0.930265665,-0.363200247,-0.051878348,0.363690138,-0.931519985,-2.84122416e-06,-0.0483246855,-0.0188702866,0.998653412],"scale":1,"type":"italy_guardrails_basic_concrete"}
{"ctxid":0,"pos":[1063.56006,487.763,184.945007],"rotationMatrix":[-0.979669929,-0.19103238,-0.0612654835,0.191398382,-0.981512427,-0.000107535336,-0.0601122938,-0.0118314642,0.9981215],"scale":1,"type":"italy_guardrails_basic_concrete"}
{"ctxid":0,"pos":[1060.71997,487.453003,184.735001],"rotationMatrix":[-0.997201443,-0.0216440521,-0.0715598911,0.021713974,-0.999764204,-0.00019923292,-0.0715387017,-0.00175252487,0.997436285],"scale":1,"type":"italy_guardrails_basic_concrete"}
{"ctxid":0,"pos":[413.554199,1189.44849,167.754303],"rotationMatrix":[-0.995359778,-0.0953289345,0.0130919814,0.0953370705,-0.995445013,-2.37458153e-06,0.0130325742,0.0012457876,0.999914289],"scale":0.999999881,"type":"italy_guardrails_basic_concrete"}
{"ctxid":0,"pos":[416.365234,1189.66431,167.712082],"rotationMatrix":[-0.997906923,-0.0625647008,0.0163491964,0.0625730604,-0.998040318,-5.38071617e-07,0.0163171925,0.00102248229,0.999866366],"scale":0.999999881,"type":"italy_guardrails_basic_concrete"}
{"ctxid":0,"pos":[419.178711,1189.81299,167.663498],"rotationMatrix":[-0.99883914,-0.044699017,0.0179549549,0.0447062142,-0.999000192,-3.58239049e-07,0.0179370176,0.000802340219,0.999838769],"scale":0.999999821,"type":"italy_guardrails_basic_concrete"}
{"ctxid":0,"pos":[421.994141,1189.92029,167.611389],"rotationMatrix":[-0.99930203,-0.0321987607,0.0189372711,0.0322045349,-0.99948132,-2.40135705e-07,0.0189274549,0.000609625946,0.99982065],"scale":0.999999881,"type":"italy_guardrails_basic_concrete"}
{"ctxid":0,"pos":[424.810547,1189.99683,167.557037],"rotationMatrix":[-0.999556065,-0.0224285144,0.0196076948,0.0224328246,-0.999748349,-1.95403118e-07,0.0196027663,0.000439660682,0.999807775],"scale":1,"type":"italy_guardrails_basic_concrete"}
{"ctxid":0,"pos":[427.626953,1190.04773,167.501068],"rotationMatrix":[-0.999698162,-0.0141506279,0.0200877767,0.0141534815,-0.999899983,-1.34168658e-07,0.020085765,0.000284177833,0.999798238],"scale":0.999999821,"type":"italy_guardrails_basic_concrete"}
{"ctxid":0,"pos":[430.443359,1190.07666,167.443939],"rotationMatrix":[-0.999769449,-0.00656534359,0.0204444788,0.00656671356,-0.999978423,-1.19289325e-07,0.0204440393,0.000134133792,0.999790967],"scale":0.999999821,"type":"italy_guardrails_basic_concrete"}
{"ctxid":0,"pos":[433.260742,1190.08484,167.385925],"rotationMatrix":[-0.999785185,0.000604801637,0.020714784,-0.000604930043,-0.999999762,6.65954758e-08,0.0207147803,-1.24644139e-05,0.999785423],"scale":0.999999881,"type":"italy_guardrails_basic_concrete"}
{"ctxid":0,"pos":[436.077148,1190.07324,167.327271],"rotationMatrix":[-0.999751568,0.00770065282,0.0209167916,-0.0077023413,-0.999970317,-1.54424924e-07,0.0209161695,-0.000161262637,0.999781191],"scale":0.999999821,"type":"italy_guardrails_basic_concrete"}
{"ctxid":0,"pos":[438.893555,1190.04102,167.268143],"rotationMatrix":[-0.999665976,0.0149919903,0.0210531279,-0.014995317,-0.999887586,-1.06476364e-07,0.0210507587,-0.000315804733,0.99977833],"scale":0.99999994,"type":"italy_guardrails_basic_concrete"}
{"ctxid":0,"pos":[441.709473,1189.98792,167.208694],"rotationMatrix":[-0.999517679,0.0227460172,0.0211388059,-0.0227511059,-0.999741077,-2.92129698e-07,0.021133326,-0.000481223164,0.999776542],"scale":0.999999881,"type":"italy_guardrails_basic_concrete"}
{"ctxid":0,"pos":[444.524902,1189.91187,167.149048],"rotationMatrix":[-0.999283433,0.0313709155,0.021174768,-0.0313779488,-0.999507546,1.88447302e-07,0.0211643483,-0.000664232532,0.999775767],"scale":1,"type":"italy_guardrails_basic_concrete"}
{"ctxid":0,"pos":[447.339844,1189.81006,167.089417],"rotationMatrix":[-0.998929262,0.0411495939,0.021144541,-0.0411587954,-0.99915266,4.26080078e-08,0.0211266261,-0.000870241318,0.999776423],"scale":1,"type":"italy_guardrails_basic_concrete"}
{"ctxid":0,"pos":[450.152832,1189.67773,167.029953],"rotationMatrix":[-0.998372793,0.0529980063,0.021044923,-0.0530097485,-0.998594046,4.94183041e-08,0.0210153367,-0.00111553678,0.999778509],"scale":1,"type":"italy_guardrails_basic_concrete"}
{"ctxid":0,"pos":[452.965332,1189.50842,166.970947],"rotationMatrix":[-0.997474074,0.0679063499,0.0208409689,-0.067921102,-0.997690797,1.47847459e-08,0.0207928419,-0.00141552673,0.999782801],"scale":0.99999994,"type":"italy_guardrails_basic_concrete"}
{"ctxid":0,"pos":[455.772461,1189.28967,166.91272],"rotationMatrix":[-0.995880246,0.0883371159,0.0204655007,-0.0883556232,-0.996088862,5.24451025e-08,0.0203854628,-0.00180819002,0.999790549],"scale":1,"type":"italy_guardrails_basic_concrete"}
{"ctxid":0,"pos":[458.574707,1189.00269,166.855453],"rotationMatrix":[-0.993254662,0.114092045,0.0206989273,-0.114116512,-0.99346745,-8.59610736e-07,0.0205636099,-0.00236294302,0.999785781],"scale":1,"type":"italy_guardrails_basic_concrete"}
{"ctxid":0,"pos":[461.371582,1188.65259,166.793411],"rotationMatrix":[-0.990653276,0.134370983,0.0234592054,-0.134407997,-0.990926027,-9.06991772e-07,0.0232462157,-0.00315400353,0.999724805],"scale":1,"type":"italy_guardrails_basic_concrete"}
{"ctxid":0,"pos":[464.15918,1188.24243,166.72287],"rotationMatrix":[-0.987225652,0.157080367,0.0266745929,-0.157136306,-0.987576962,-6.90575689e-07,0.0263431054,-0.00419222843,0.99964416],"scale":1,"type":"italy_guardrails_basic_concrete"}
{"ctxid":0,"pos":[466.936523,1187.76379,166.642761],"rotationMatrix":[-0.982868552,0.181824088,0.0301593505,-0.181906849,-0.983315825,-7.09667802e-07,0.0296560377,-0.00548688974,0.999545097],"scale":0.999999881,"type":"italy_guardrails_basic_concrete"}
{"ctxid":0,"pos":[469.700195,1187.21606,166.552826],"rotationMatrix":[-0.978033781,0.205730155,0.0335460827,-0.205846027,-0.978584528,-8.84756446e-07,0.0328274891,-0.00690619275,0.999437153],"scale":0.999999881,"type":"italy_guardrails_basic_concrete"}
{"ctxid":0,"pos":[472.450684,1186.60754,166.454285],"rotationMatrix":[-0.973896265,0.224096045,0.0361541845,-0.224242672,-0.974533319,-2.83122063e-07,0.035233397,-0.00810758583,0.999346197],"scale":0.999999881,"type":"italy_guardrails_basic_concrete"}
{"ctxid":0,"pos":[475.191895,1185.96252,166.350479],"rotationMatrix":[-0.97217977,0.231264964,0.0371903069,-0.231425062,-0.972852707,-1.3038516e-07,0.0361806639,-0.00860689674,0.999308228],"scale":0.999999881,"type":"italy_guardrails_basic_concrete"}
{"ctxid":0,"pos":[477.931152,1185.3175,166.246475],"rotationMatrix":[-0.973772287,0.224612728,0.0362886339,-0.224760756,-0.974413991,3.11993062e-08,0.0353601575,-0.00815623067,0.999341369],"scale":0.99999994,"type":"italy_guardrails_basic_concrete"}
{"ctxid":0,"pos":[480.679199,1184.70862,166.147507],"rotationMatrix":[-0.977805614,0.206766456,0.0338222049,-0.206884831,-0.978365302,-4.78234142e-07,0.0330903716,-0.00699776877,0.999427855],"scale":0.99999994,"type":"italy_guardrails_basic_concrete"}
{"ctxid":0,"pos":[483.439941,1184.15906,166.056824],"rotationMatrix":[-0.982530475,0.183570921,0.0305881351,-0.183656901,-0.982990503,-9.29459929e-07,0.0300676711,-0.00561863463,0.999532044],"scale":0.99999994,"type":"italy_guardrails_basic_concrete"}
{"ctxid":0,"pos":[486.211426,1183.677,165.975494],"rotationMatrix":[-0.986796498,0.159658045,0.0272369534,-0.159717321,-0.987162709,-1.11316331e-06,0.02688713,-0.00435131136,0.999629021],"scale":0.99999994,"type":"italy_guardrails_basic_concrete"}
{"ctxid":0,"pos":[488.994629,1183.25964,165.903229],"rotationMatrix":[-0.990210891,0.1374778,0.0241361074,-0.137517884,-0.990499377,-6.36675395e-07,0.0239067115,-0.00331977662,0.999708652],"scale":0.99999994,"type":"italy_guardrails_basic_concrete"}
{"ctxid":0,"pos":[491.786133,1182.90063,165.839218],"rotationMatrix":[-0.992771387,0.11809618,0.0214052983,-0.118123256,-0.992998838,-4.46336344e-07,0.0212553851,-0.0025289068,0.99977088],"scale":0.99999994,"type":"italy_guardrails_basic_concrete"}
{"ctxid":0,"pos":[494.586914,1182.58789,165.778259],"rotationMatrix":[-0.994003177,0.106825724,0.0233662296,-0.106854901,-0.994274616,1.27125531e-07,0.0232324619,-0.00249666977,0.999726951],"scale":0.99999994,"type":"italy_guardrails_basic_concrete"}
{"ctxid":0,"pos":[497.38916,1182.2915,165.707184],"rotationMatrix":[-0.99418211,0.104361847,0.0266553182,-0.104398936,-0.994535446,-7.68341124e-09,0.0265096594,-0.00278279465,0.999644697],"scale":1,"type":"italy_guardrails_basic_concrete"}
{"ctxid":0,"pos":[500.192383,1181.99707,165.629013],"rotationMatrix":[-0.994054675,0.105054185,0.0286169723,-0.105097234,-0.994461894,-1.90571882e-07,0.0284584686,-0.00300775422,0.999590456],"scale":0.99999994,"type":"italy_guardrails_basic_concrete"}
{"ctxid":0,"pos":[502.992188,1181.698,165.546463],"rotationMatrix":[-0.993763208,0.107440621,0.0298503712,-0.107488528,-0.99420619,-7.78818503e-08,0.0296774209,-0.00320865028,0.999554396],"scale":1,"type":"italy_guardrails_basic_concrete"}
{"ctxid":0,"pos":[505.79248,1181.39087,165.461182],"rotationMatrix":[-0.993379593,0.110717475,0.0306380354,-0.11076948,-0.993846178,-1.47614628e-07,0.0304494761,-0.00339390594,0.999530554],"scale":1,"type":"italy_guardrails_basic_concrete"}
{"ctxid":0,"pos":[508.590332,1181.07324,165.374069],"rotationMatrix":[-0.992921829,0.114619926,0.031120332,-0.114675477,-0.993403077,-3.42261046e-08,0.0309150275,-0.00356877269,0.999515653],"scale":0.99999994,"type":"italy_guardrails_basic_concrete"}
{"ctxid":0,"pos":[511.386719,1180.74438,165.285934],"rotationMatrix":[-0.992408276,0.118911393,0.0313992761,-0.118970059,-0.992897868,-1.0302756e-07,0.0311762597,-0.00373567594,0.99950695],"scale":1,"type":"italy_guardrails_basic_concrete"}
{"ctxid":0,"pos":[514.182129,1180.40283,165.19725],"rotationMatrix":[-0.991847992,0.123465523,0.0315284207,-0.123526931,-0.99234128,8.26548785e-09,0.0312869549,-0.00389460055,0.999502838],"scale":0.99999994,"type":"italy_guardrails_basic_concrete"}
{"ctxid":0,"pos":[516.976074,1180.04846,165.108353],"rotationMatrix":[-0.991247892,0.128190473,0.0315402858,-0.128254279,-0.9917413,-1.32480636e-07,0.0312797911,-0.00404530857,0.99950248],"scale":1,"type":"italy_guardrails_basic_concrete"}
{"ctxid":0,"pos":[519.767578,1179.68066,165.019623],"rotationMatrix":[-0.990607142,0.133069232,0.0314668939,-0.133135155,-0.991098046,2.04890966e-08,0.0311867744,-0.00418932922,0.999504805],"scale":0.99999994,"type":"italy_guardrails_basic_concrete"}
{"ctxid":0,"pos":[522.557129,1179.29858,164.931137],"rotationMatrix":[-0.989931703,0.138039052,0.0313172042,-0.138106793,-0.99041748,-4.65661287e-10,0.0310171004,-0.00432511838,0.999509513],"scale":1.00000012,"type":"italy_guardrails_basic_concrete"}
{"ctxid":0,"pos":[525.344727,1178.9021,164.84317],"rotationMatrix":[-0.989221454,0.14308399,0.0311097428,-0.14315328,-0.989700437,-1.22701749e-07,0.030789312,-0.00445358362,0.999515951],"scale":0.99999994,"type":"italy_guardrails_basic_concrete"}
{"ctxid":0,"pos":[528.130859,1178.49207,164.755875],"rotationMatrix":[-0.98847723,0.148191467,0.03085755,-0.148262069,-0.988948226,1.17812306e-07,0.0305165332,-0.00457488745,0.999523818],"scale":1.00000012,"type":"italy_guardrails_basic_concrete"}
{"ctxid":0,"pos":[530.914551,1178.06714,164.669388],"rotationMatrix":[-0.98770237,0.153329164,0.0305645056,-0.153400838,-0.988164067,-6.91507012e-08,0.0302027352,-0.00468868949,0.999532819],"scale":0.99999994,"type":"italy_guardrails_basic_concrete"}
{"ctxid":0,"pos":[533.694824,1177.62769,164.583725],"rotationMatrix":[-0.986892104,0.158523425,0.0302386563,-0.158595935,-0.987343669,2.68686563e-07,0.0298559871,-0.00479546329,0.999542713],"scale":1.00000012,"type":"italy_guardrails_basic_concrete"}
{"ctxid":0,"pos":[536.473633,1177.17383,164.498978],"rotationMatrix":[-0.98605299,0.163726225,0.0298833326,-0.16379936,-0.986493587,2.21654773e-07,0.0294797532,-0.0048946524,0.999553382],"scale":1,"type":"italy_guardrails_basic_concrete"}
{"ctxid":0,"pos":[539.25,1176.70483,164.415359],"rotationMatrix":[-0.985179067,0.168972597,0.0295023471,-0.169046178,-0.985608101,1.8090941e-07,0.0290777832,-0.00498708058,0.999564707],"scale":1,"type":"italy_guardrails_basic_concrete"}
{"ctxid":0,"pos":[542.024902,1176.22156,164.332825],"rotationMatrix":[-0.984276891,0.174219102,0.0290997252,-0.174292922,-0.984693885,1.6996637e-07,0.0286543518,-0.00507170847,0.999576509],"scale":0.99999994,"type":"italy_guardrails_basic_concrete"}
{"ctxid":0,"pos":[544.795898,1175.72327,164.251404],"rotationMatrix":[-0.98334074,0.179495797,0.028676359,-0.179569647,-0.983745337,7.66012818e-08,0.0282102469,-0.00514932815,0.999588728],"scale":0.999999881,"type":"italy_guardrails_basic_concrete"}
{"ctxid":0,"pos":[547.564941,1175.20984,164.17128],"rotationMatrix":[-0.982372046,0.184791639,0.0282362793,-0.184865341,-0.982763886,1.42259523e-07,0.0277496222,-0.00521976966,0.999601305],"scale":1,"type":"italy_guardrails_basic_concrete"}
{"ctxid":0,"pos":[550.330078,1174.68213,164.092346],"rotationMatrix":[-0.981370687,0.190104529,0.0277808309,-0.190177932,-0.981749535,-1.42026693e-08,0.0272738189,-0.00528331473,0.99961406],"scale":1,"type":"italy_guardrails_basic_concrete"}
{"ctxid":0,"pos":[553.092773,1174.13867,164.014755],"rotationMatrix":[-0.98033917,0.195420668,0.0273108855,-0.195493594,-0.980705023,1.47614628e-07,0.0267839506,-0.005338958,0.999626994],"scale":1,"type":"italy_guardrails_basic_concrete"}
{"ctxid":0,"pos":[555.853516,1173.58081,163.938492],"rotationMatrix":[-0.979274273,0.200753883,0.0268272422,-0.200826153,-0.979626775,1.4482066e-07,0.0262807161,-0.00538747013,0.999640107],"scale":0.99999994,"type":"italy_guardrails_basic_concrete"}
{"ctxid":0,"pos":[558.610352,1173.00806,163.863541],"rotationMatrix":[-0.978181243,0.206078038,0.0263330694,-0.206149533,-0.978520632,-1.10361725e-07,0.0257674251,-0.0054286574,0.99965322],"scale":0.999999881,"type":"italy_guardrails_basic_concrete"}
{"ctxid":0,"pos":[561.36377,1172.41956,163.790146],"rotationMatrix":[-0.977056384,0.211408854,0.0258268882,-0.211479396,-0.977382421,2.70083547e-07,0.0252428036,-0.00546159083,0.999666452],"scale":0.99999994,"type":"italy_guardrails_basic_concrete"}
{"ctxid":0,"pos":[564.115234,1171.81641,163.71814],"rotationMatrix":[-0.975897431,0.216756776,0.0253100563,-0.216826245,-0.976210117,2.09314749e-07,0.0247079823,-0.00548768044,0.999679625],"scale":1,"type":"italy_guardrails_basic_concrete"}
{"ctxid":0,"pos":[566.861328,1171.19849,163.647552],"rotationMatrix":[-0.974708915,0.222099051,0.024783846,-0.222167298,-0.975008488,3.79513949e-08,0.0241644718,-0.00550612342,0.999692857],"scale":0.999999881,"type":"italy_guardrails_basic_concrete"}
{"ctxid":0,"pos":[569.605469,1170.56531,163.578445],"rotationMatrix":[-0.973484039,0.227465421,0.0242496338,-0.227532327,-0.97377038,5.82076609e-09,0.0236135814,-0.0055175703,0.999705911],"scale":0.99999994,"type":"italy_guardrails_basic_concrete"}
{"ctxid":0,"pos":[572.34668,1169.9165,163.510941],"rotationMatrix":[-0.972227216,0.232835233,0.0237058699,-0.232900679,-0.972500563,1.95810571e-07,0.0230540149,-0.00552092213,0.999718964],"scale":0.99999994,"type":"italy_guardrails_basic_concrete"}
{"ctxid":0,"pos":[575.08252,1169.25293,163.444962],"rotationMatrix":[-0.97093451,0.238222599,0.0231543574,-0.238286465,-0.971194983,2.13971362e-07,0.0224874448,-0.00551716238,0.999731898],"scale":0.999999881,"type":"italy_guardrails_basic_concrete"}
{"ctxid":0,"pos":[577.816406,1168.57422,163.380508],"rotationMatrix":[-0.969611645,0.24360323,0.0225948691,-0.243665427,-0.969859242,8.17235559e-08,0.0219138637,-0.00550550874,0.999744713],"scale":0.999999881,"type":"italy_guardrails_basic_concrete"}
{"ctxid":0,"pos":[580.54541,1167.88062,163.317642],"rotationMatrix":[-0.968251944,0.249003693,0.0220282339,-0.249064133,-0.968486905,1.70199201e-07,0.0213341005,-0.00548627786,0.999757349],"scale":0.99999994,"type":"italy_guardrails_basic_concrete"}
{"ctxid":0,"pos":[583.271484,1167.172,163.256348],"rotationMatrix":[-0.966858864,0.254408747,0.0214556996,-0.254467338,-0.967081428,9.54605639e-09,0.0207494106,-0.0054597659,0.999769807],"scale":0.99999994,"type":"italy_guardrails_basic_concrete"}
{"ctxid":0,"pos":[585.992188,1166.44714,163.196777],"rotationMatrix":[-0.965434432,0.259808481,0.0208757073,-0.259865105,-0.965644956,3.34111974e-07,0.0201586075,-0.00542454608,0.999782085],"scale":0.999999881,"type":"italy_guardrails_basic_concrete"}
{"ctxid":0,"pos":[588.709961,1165.70703,163.138824],"rotationMatrix":[-0.963976622,0.265212178,0.0202896614,-0.265266776,-0.964175105,3.09199095e-07,0.0195628684,-0.00538187474,0.999794126],"scale":1,"type":"italy_guardrails_basic_concrete"}
{"ctxid":0,"pos":[591.422852,1164.95239,163.08252],"rotationMatrix":[-0.96248126,0.270632148,0.0196973216,-0.270684659,-0.962668061,3.69967893e-07,0.0189620834,-0.00533140637,0.999805987],"scale":0.999999881,"type":"italy_guardrails_basic_concrete"}
{"ctxid":0,"pos":[594.132812,1164.18262,163.027832],"rotationMatrix":[-0.960953593,0.27605027,0.0190987308,-0.276100636,-0.961128831,1.62981451e-07,0.0183563847,-0.00527301477,0.99981761],"scale":0.99999994,"type":"italy_guardrails_basic_concrete"}
{"ctxid":0,"pos":[596.836914,1163.39722,162.974869],"rotationMatrix":[-0.959388375,0.28148216,0.0184949711,-0.281530321,-0.959552526,1.17812306e-07,0.0177469254,-0.00520678144,0.999828935],"scale":0.99999994,"type":"italy_guardrails_basic_concrete"}
{"ctxid":0,"pos":[599.537598,1162.59705,162.923584],"rotationMatrix":[-0.957782388,0.286936998,0.0178852528,-0.286982894,-0.957935691,2.77068466e-08,0.0171329305,-0.00513273571,0.999840021],"scale":1,"type":"italy_guardrails_basic_concrete"}
{"ctxid":0,"pos":[602.232422,1161.78113,162.874054],"rotationMatrix":[-0.956148386,0.292372584,0.0172761828,-0.292416215,-0.956291199,1.51339918e-07,0.0165211037,-0.00505169062,0.99985075],"scale":1,"type":"italy_guardrails_basic_concrete"}
{"ctxid":0,"pos":[604.924316,1160.94995,162.826233],"rotationMatrix":[-0.954370975,0.298143804,0.0169182643,-0.298186481,-0.954507589,1.46683306e-07,0.0161486566,-0.00504465774,0.999856889],"scale":1,"type":"italy_guardrails_basic_concrete"}
{"ctxid":0,"pos":[607.605957,1160.08582,162.777283],"rotationMatrix":[-0.948593378,0.315994471,0.0178328771,-0.316044718,-0.948744297,-1.07800588e-07,0.0169188064,-0.00563608855,0.999840975],"scale":0.999999881,"type":"italy_guardrails_basic_concrete"}
{"ctxid":0,"pos":[610.267578,1159.16455,162.726654],"rotationMatrix":[-0.940660119,0.338879347,0.0178798996,-0.338933527,-0.940810442,1.95810571e-07,0.0168216601,-0.00605991203,0.99984014],"scale":1,"type":"italy_guardrails_basic_concrete"}
{"ctxid":0,"pos":[612.900879,1158.17017,162.678101],"rotationMatrix":[-0.929583907,0.368251741,0.0162692051,-0.368300498,-0.929706931,4.17232513e-07,0.015125745,-0.00599156879,0.999867618],"scale":0.99999994,"type":"italy_guardrails_basic_concrete"}
{"ctxid":0,"pos":[615.497559,1157.08301,162.637329],"rotationMatrix":[-0.914279699,0.404898405,0.0122490749,-0.404928744,-0.914348245,2.18581408e-06,0.0112008043,-0.00495800376,0.999924958],"scale":0.99999994,"type":"italy_guardrails_basic_concrete"}
{"ctxid":0,"pos":[618.040527,1155.88379,162.612183],"rotationMatrix":[-0.893591642,0.448852807,0.00503807189,-0.44885847,-0.893602967,4.62005846e-06,0.00450410927,-0.00225725281,0.999987304],"scale":0.99999994,"type":"italy_guardrails_basic_concrete"}
{"ctxid":0,"pos":[620.515137,1154.55371,162.612549],"rotationMatrix":[-0.86683929,0.498552084,-0.00596002536,-0.498560965,-0.866854668,6.55092299e-06,-0.00516320998,0.00297711464,0.999982238],"scale":0.99999994,"type":"italy_guardrails_basic_concrete"}
{"ctxid":0,"pos":[622.905762,1153.08081,162.649002],"rotationMatrix":[-0.834478378,0.550651908,-0.0206927527,-0.550769925,-0.834657073,3.07243317e-06,-0.0172696617,0.0113995103,0.9997859],"scale":0.99999994,"type":"italy_guardrails_basic_concrete"}
{"ctxid":0,"pos":[625.198242,1151.46606,162.73143],"rotationMatrix":[-0.799174309,0.599884272,-0.0382027775,-0.600322723,-0.799757957,7.51577318e-06,-0.0305484626,0.0229400005,0.999270022],"scale":0.99999994,"type":"italy_guardrails_basic_concrete"}
{"ctxid":0,"pos":[627.391602,1149.72241,162.864807],"rotationMatrix":[-0.764546871,0.642062306,-0.0567802042,-0.643100142,-0.765781999,8.53836536e-06,-0.0434757769,0.0365218855,0.998386681],"scale":0.99999994,"type":"italy_guardrails_basic_concrete"}
{"ctxid":0,"pos":[629.490234,1147.86963,163.04953],"rotationMatrix":[-0.727839828,0.681721449,-0.0741953626,-0.683606267,-0.729851007,1.05891377e-05,-0.0541443452,0.0507281199,0.997243702],"scale":0.99999994,"type":"italy_guardrails_basic_concrete"}
{"ctxid":0,"pos":[631.476318,1145.896,163.277191],"rotationMatrix":[-0.685195923,0.723120272,-0.0871985182,-0.725885451,-0.687815547,4.67896461e-06,-0.0599731132,0.063299343,0.996190965],"scale":0.99999994,"type":"italy_guardrails_basic_concrete"}
{"ctxid":0,"pos":[633.349365,1143.81885,163.536469],"rotationMatrix":[-0.646289229,0.75691694,-0.0968868881,-0.760494888,-0.649343967,1.53854489e-06,-0.0629117489,0.0736829787,0.995295405],"scale":0.999999881,"type":"italy_guardrails_basic_concrete"}
{"ctxid":0,"pos":[635.116211,1141.64844,163.820007],"rotationMatrix":[-0.609085917,0.786211789,-0.104334116,-0.79052633,-0.612428188,2.26125121e-06,-0.0638953596,0.0824802369,0.994542301],"scale":0.999999881,"type":"italy_guardrails_basic_concrete"}
{"ctxid":0,"pos":[636.779541,1139.3999,164.122131],"rotationMatrix":[-0.57198143,0.812833786,-0.110174924,-0.817812681,-0.575484514,2.66358256e-06,-0.0634018034,0.090103969,0.99391222],"scale":0.999999881,"type":"italy_guardrails_basic_concrete"}
{"ctxid":0,"pos":[638.337891,1137.07861,164.438965],"rotationMatrix":[-0.533419251,0.838029087,-0.114764631,-0.843603194,-0.53696692,1.9595027e-06,-0.0616231859,0.0968168601,0.993392706],"scale":0.999999881,"type":"italy_guardrails_basic_concrete"}
{"ctxid":0,"pos":[639.785156,1134.68701,164.767273],"rotationMatrix":[-0.49187851,0.862593889,-0.118267179,-0.86869061,-0.495354891,1.19954348e-06,-0.0585832,0.102738179,0.992981791],"scale":0.999999881,"type":"italy_guardrails_basic_concrete"}
{"ctxid":0,"pos":[641.110107,1132.22559,165.104065],"rotationMatrix":[-0.445449829,0.887125134,-0.120762356,-0.893665433,-0.448733926,3.39001417e-07,-0.0541898534,0.107921287,0.992681444],"scale":0.99999994,"type":"italy_guardrails_basic_concrete"}
{"ctxid":0,"pos":[642.293701,1129.69385,165.446472],"rotationMatrix":[-0.39135468,0.912099779,-0.122129492,-0.918979108,-0.394306302,3.94880772e-07,-0.0481560603,0.112234607,0.992514193],"scale":0.99999994,"type":"italy_guardrails_basic_concrete"}
{"ctxid":0,"pos":[643.31189,1127.09033,165.790894],"rotationMatrix":[-0.32584393,0.937504053,-0.122113988,-0.944573164,-0.328300953,-7.00354576e-07,-0.0400908031,0.115345366,0.9925161],"scale":0.99999994,"type":"italy_guardrails_basic_concrete"}
{"ctxid":0,"pos":[644.129883,1124.41797,166.133789],"rotationMatrix":[-0.258295894,0.958245099,-0.122676641,-0.965538204,-0.260261536,1.55344605e-06,-0.0319265313,0.118449375,0.992446721],"scale":0.99999994,"type":"italy_guardrails_basic_concrete"}
{"ctxid":0,"pos":[644.819336,1121.71094,166.485168],"rotationMatrix":[-0.228409529,0.965403557,-0.125797182,-0.97313416,-0.230238557,-7.4505806e-08,-0.0289634354,0.122417524,0.992055953],"scale":0.99999994,"type":"italy_guardrails_basic_concrete"}
{"ctxid":0,"pos":[645.41626,1118.97998,166.837891],"rotationMatrix":[-0.192434907,0.973460078,-0.123872146,-0.981015682,-0.193928599,-6.2957406e-07,-0.0240229517,0.1215204,0.992298186],"scale":0.999999881,"type":"italy_guardrails_basic_concrete"}
{"ctxid":0,"pos":[645.906311,1116.22412,167.181152],"rotationMatrix":[-0.152882218,0.981027484,-0.119214252,-0.988073826,-0.153980732,-2.57045031e-06,-0.0183592141,0.117792092,0.992868543],"scale":0.999999881,"type":"italy_guardrails_basic_concrete"}
{"ctxid":0,"pos":[646.281433,1113.44775,167.508667],"rotationMatrix":[-0.110735416,0.987434208,-0.112744763,-0.993770421,-0.111446381,-3.88547778e-06,-0.0125688314,0.11204198,0.993623972],"scale":0.999999881,"type":"italy_guardrails_basic_concrete"}
{"ctxid":0,"pos":[646.535461,1110.65479,167.816193],"rotationMatrix":[-0.0665442944,0.992250741,-0.10492973,-0.997758687,-0.0669140816,-3.38628888e-06,-0.00702464208,0.104694337,0.994479656],"scale":0.999999881,"type":"italy_guardrails_basic_concrete"}
{"ctxid":0,"pos":[646.661682,1107.84863,168.100037],"rotationMatrix":[-0.0207320452,0.995161176,-0.0960432142,-0.999783039,-0.0208287239,-4.25428152e-06,-0.00200468674,0.0960222855,0.995377183],"scale":0.99999994,"type":"italy_guardrails_basic_concrete"}
{"ctxid":0,"pos":[646.656982,1105.0376,168.357788],"rotationMatrix":[0.0263867378,0.995920897,-0.0862866491,-0.999649286,0.0264852643,-3.03983688e-06,0.00228230283,0.0862564594,0.996270359],"scale":0.999999881,"type":"italy_guardrails_basic_concrete"}
{"ctxid":0,"pos":[646.516724,1102.22705,168.586609],"rotationMatrix":[0.0743879676,0.994345367,-0.075788267,-0.997213423,0.0746021271,-5.36069274e-06,0.00564864278,0.0755774677,0.997123957],"scale":0.999999881,"type":"italy_guardrails_basic_concrete"}
{"ctxid":0,"pos":[646.239929,1099.4248,168.785034],"rotationMatrix":[0.122910023,0.990305543,-0.0647153854,-0.992385864,0.123167813,-6.97001815e-06,0.00796394795,0.0642234981,0.997903764],"scale":0.99999994,"type":"italy_guardrails_basic_concrete"}
{"ctxid":0,"pos":[645.826294,1096.63477,168.951752],"rotationMatrix":[0.171472907,0.983751833,-0.0531931221,-0.985146582,0.171715736,-4.68455255e-06,0.00912948884,0.0524038225,0.99858427],"scale":0.99999994,"type":"italy_guardrails_basic_concrete"}
{"ctxid":0,"pos":[645.275269,1093.86865,169.085373],"rotationMatrix":[0.219610691,0.974710226,-0.0413661115,-0.975545287,0.219798684,-4.25428152e-06,0.0090880692,0.0403554477,0.999144077],"scale":0.99999994,"type":"italy_guardrails_basic_concrete"}
{"ctxid":0,"pos":[644.587524,1091.13086,169.184982],"rotationMatrix":[0.267000854,0.963248849,-0.0293617696,-0.963664412,0.267115772,-8.81683081e-06,0.00783449691,0.0282972492,0.99956888],"scale":0.999999881,"type":"italy_guardrails_basic_concrete"}
{"ctxid":0,"pos":[643.769043,1088.42871,169.251038],"rotationMatrix":[0.313168168,0.949539721,-0.0173214246,-0.949682176,0.313215077,-6.21657819e-06,0.00541942753,0.0164517947,0.999849975],"scale":0.999999881,"type":"italy_guardrails_basic_concrete"}
{"ctxid":0,"pos":[642.820312,1085.76855,169.282669],"rotationMatrix":[0.3577317,0.933808982,-0.00535721332,-0.933822453,0.357736766,-1.12305861e-05,0.00190598506,0.00500670355,0.999985635],"scale":0.99999994,"type":"italy_guardrails_basic_concrete"}
{"ctxid":0,"pos":[641.762207,1083.15576,169.286041],"rotationMatrix":[0.382445931,0.92397666,-0.00151846232,-0.923977733,0.382446349,-7.79575203e-07,0.000580010004,0.00140332337,0.999998868],"scale":0.99999994,"type":"italy_guardrails_basic_concrete"}
{"ctxid":0,"pos":[640.704834,1080.54932,169.302078],"rotationMatrix":[0.368156493,0.929715991,-0.00942619238,-0.929757357,0.368172884,-2.30967999e-07,0.0034702532,0.00876415707,0.999955595],"scale":0.99999994,"type":"italy_guardrails_basic_concrete"}
{"ctxid":0,"pos":[639.695312,1077.92383,169.337173],"rotationMatrix":[0.34913218,0.936950505,-0.0151809864,-0.937058508,0.349172413,-8.52625817e-07,0.00529998215,0.0142257698,0.999884784],"scale":0.99999994,"type":"italy_guardrails_basic_concrete"}
{"ctxid":0,"pos":[638.741821,1075.27588,169.38678],"rotationMatrix":[0.328080118,0.944440424,-0.0198904257,-0.944627345,0.328145027,-1.24797225e-06,0.00652576564,0.0187894497,0.999802172],"scale":0.999999881,"type":"italy_guardrails_basic_concrete"}
{"ctxid":0,"pos":[637.849487,1072.60742,169.448654],"rotationMatrix":[0.305698931,0.951826692,-0.0239625871,-0.952100039,0.305786729,-1.14180148e-06,0.00732635614,0.0228151288,0.999712884],"scale":0.999999881,"type":"italy_guardrails_basic_concrete"}
{"ctxid":0,"pos":[637.020752,1069.91846,169.521332],"rotationMatrix":[0.282485127,0.958874464,-0.0276043564,-0.95923996,0.282592773,-1.03190541e-06,0.00779980328,0.0264794938,0.999618948],"scale":0.999999881,"type":"italy_guardrails_basic_concrete"}
{"ctxid":0,"pos":[636.258301,1067.20996,169.603745],"rotationMatrix":[0.258606911,0.965486526,-0.0309530683,-0.965949416,0.258730829,-5.17815351e-07,0.00800801162,0.029899234,0.999520838],"scale":0.999999881,"type":"italy_guardrails_basic_concrete"}
{"ctxid":0,"pos":[635.564575,1064.4834,169.695435],"rotationMatrix":[0.234192371,0.971592844,-0.0340772159,-0.972157419,0.234328389,-9.05245543e-07,0.00798438024,0.0331286341,0.999419212],"scale":0.999999881,"type":"italy_guardrails_basic_concrete"}
{"ctxid":0,"pos":[634.940063,1061.73975,169.795639],"rotationMatrix":[0.209308386,0.977148354,-0.0370263159,-0.977818906,0.209451973,-1.40070915e-06,0.00775386579,0.036205329,0.999314308],"scale":0.99999994,"type":"italy_guardrails_basic_concrete"}
{"ctxid":0,"pos":[634.385254,1058.98047,169.903824],"rotationMatrix":[0.184080362,0.982103705,-0.0398343354,-0.982883811,0.184226513,-1.10268593e-06,0.00733745843,0.0391527265,0.999206305],"scale":0.99999994,"type":"italy_guardrails_basic_concrete"}
{"ctxid":0,"pos":[633.902039,1056.20996,170.019775],"rotationMatrix":[0.158479154,0.98644644,-0.0425182767,-0.987339318,0.158622563,-8.00937414e-07,0.00674356893,0.0419800915,0.999095678],"scale":0.99999994,"type":"italy_guardrails_basic_concrete"}
{"ctxid":0,"pos":[633.491638,1053.42676,170.143188],"rotationMatrix":[0.132659495,0.990135431,-0.0450928658,-0.991143584,0.132794559,-9.55536962e-07,0.00598714128,0.0446936339,0.998982787],"scale":0.99999994,"type":"italy_guardrails_basic_concrete"}
{"ctxid":0,"pos":[633.154724,1050.63477,170.273712],"rotationMatrix":[0.106544673,0.993169129,-0.0475739092,-0.994294941,0.106665373,-1.47335231e-06,0.00507302582,0.0473026559,0.99886775],"scale":0.99999994,"type":"italy_guardrails_basic_concrete"}
{"ctxid":0,"pos":[632.890991,1047.83447,170.411041],"rotationMatrix":[0.0802891254,0.995518684,-0.0499619804,-0.996763587,0.0803894401,-1.42119825e-06,0.0040150024,0.049800396,0.998751104],"scale":0.999999881,"type":"italy_guardrails_basic_concrete"}
{"ctxid":0,"pos":[632.701233,1045.02881,170.555038],"rotationMatrix":[0.0538998842,0.997177362,-0.0522697158,-0.998542428,0.0539736152,-1.33737922e-06,0.00281985477,0.052193597,0.998633027],"scale":0.99999994,"type":"italy_guardrails_basic_concrete"}
{"ctxid":0,"pos":[632.585632,1042.22021,170.705322],"rotationMatrix":[0.0274165273,0.998137653,-0.0544921681,-0.999622881,0.0274572968,-1.00210309e-06,0.001495203,0.0544716492,0.998514175],"scale":0.999999881,"type":"italy_guardrails_basic_concrete"}
{"ctxid":0,"pos":[632.544617,1039.40869,170.861832],"rotationMatrix":[0.000959694386,0.998394251,-0.0566380918,-0.999999523,0.000961184502,-8.7171793e-07,5.35678118e-05,0.0566380657,0.998394787],"scale":0.999999881,"type":"italy_guardrails_basic_concrete"}
{"ctxid":0,"pos":[632.578064,1036.59668,171.024246],"rotationMatrix":[-0.0254892111,0.997950196,-0.0587007403,-0.999673963,-0.0255331993,-7.41332769e-07,-0.00149955414,0.0586815812,0.998275638],"scale":0.99999994,"type":"italy_guardrails_basic_concrete"}
{"ctxid":0,"pos":[632.684937,1033.78857,171.192322],"rotationMatrix":[-0.0471616983,0.997051597,-0.0605296642,-0.998883128,-0.0472483635,-3.7997961e-07,-0.00286031328,0.0604620464,0.998166382],"scale":0.999999881,"type":"italy_guardrails_basic_concrete"}
{"ctxid":0,"pos":[632.824463,1030.97998,171.364655],"rotationMatrix":[-0.0501799583,0.996825874,-0.061807625,-0.998735368,-0.050276041,-1.24797225e-07,-0.00310756266,0.0617294535,0.998088062],"scale":0.999999881,"type":"italy_guardrails_basic_concrete"}
{"ctxid":0,"pos":[632.967163,1028.17334,171.540619],"rotationMatrix":[-0.0511473417,0.996688604,-0.0632123873,-0.998685837,-0.0512498617,4.47034836e-08,-0.00323958509,0.0631293207,0.998000085],"scale":0.999999881,"type":"italy_guardrails_basic_concrete"}
{"ctxid":0,"pos":[633.112427,1025.36621,171.720978],"rotationMatrix":[-0.0519227982,0.996541202,-0.0648835301,-0.998645484,-0.0520324707,-1.1920929e-07,-0.00337616727,0.0647956282,0.997892857],"scale":0.99999994,"type":"italy_guardrails_basic_concrete"}
{"ctxid":0,"pos":[633.259216,1022.56055,171.906433],"rotationMatrix":[-0.0522811413,0.996389449,-0.0668922067,-0.998626173,-0.0523985624,-1.00582838e-07,-0.00350515544,0.0668003112,0.997760236],"scale":0.99999994,"type":"italy_guardrails_basic_concrete"}
{"ctxid":0,"pos":[633.40625,1019.75537,172.098145],"rotationMatrix":[-0.051928401,0.996240437,-0.0693427473,-0.998644292,-0.05205369,1.00582838e-07,-0.00360944122,0.0692487508,0.997592866],"scale":0.999999881,"type":"italy_guardrails_basic_concrete"}
{"ctxid":0,"pos":[633.550476,1016.95117,172.297424],"rotationMatrix":[-0.0501804352,0.996115327,-0.0723608136,-0.998733521,-0.0503122807,-7.4505806e-09,-0.0036406517,0.0722691715,0.997378528],"scale":0.99999994,"type":"italy_guardrails_basic_concrete"}
{"ctxid":0,"pos":[633.686768,1014.14697,172.506104],"rotationMatrix":[-0.0458221436,0.996049285,-0.0760667771,-0.998943448,-0.0459551811,2.34693289e-07,-0.00349543616,0.07598643,0.997102737],"scale":0.99999994,"type":"italy_guardrails_basic_concrete"}
{"ctxid":0,"pos":[633.804565,1011.34375,172.726288],"rotationMatrix":[-0.0363155603,0.996097922,-0.0804370269,-0.999336123,-0.0364335775,5.36441803e-07,-0.00293006748,0.0803836435,0.996759713],"scale":0.999999881,"type":"italy_guardrails_basic_concrete"}
{"ctxid":0,"pos":[633.883911,1008.54004,172.959076],"rotationMatrix":[-0.0175956488,0.996242821,-0.0847972259,-0.999844015,-0.0176591873,8.7544322e-07,-0.00149658322,0.084784016,0.996398211],"scale":0.99999994,"type":"italy_guardrails_basic_concrete"}
{"ctxid":0,"pos":[633.893921,1005.73486,173.201813],"rotationMatrix":[0.0135182142,0.996114075,-0.087028712,-0.999907911,0.0135697126,0,0.001180958,0.0870206952,0.996205807],"scale":0.999999881,"type":"italy_guardrails_basic_concrete"}
{"ctxid":0,"pos":[633.804749,1002.92773,173.444824],"rotationMatrix":[0.051260829,0.995105386,-0.0844840929,-0.998675823,0.0514446497,-1.51619315e-06,0.00434474647,0.0843722969,0.996424854],"scale":0.999999881,"type":"italy_guardrails_basic_concrete"}
{"ctxid":0,"pos":[-1721.72705,-1276.41162,147.401108],"rotationMatrix":[-0.736430526,0.675621808,0.0347162373,-0.676029265,-0.7368747,6.14672899e-08,0.0255815592,-0.0234691482,0.999397218],"scale":0.99999994,"type":"italy_guardrails_basic_concrete"}
{"ctxid":0,"pos":[-1723.72485,-1274.54639,147.486786],"rotationMatrix":[-0.725348353,0.687795997,0.0284022931,-0.688073516,-0.725641131,2.74647027e-06,0.0206117574,-0.0195408724,0.999596596],"scale":0.99999994,"type":"italy_guardrails_basic_concrete"}
{"ctxid":0,"pos":[-1725.69165,-1272.65088,147.556046],"rotationMatrix":[-0.714567423,0.699207366,0.022414865,-0.69938308,-0.714747071,2.92342156e-06,0.0160230044,-0.0156744868,0.999748766],"scale":1,"type":"italy_guardrails_basic_concrete"}
{"ctxid":0,"pos":[-1727.63037,-1270.72607,147.609543],"rotationMatrix":[-0.70409584,0.709907711,0.0167387016,-0.710007131,-0.704194546,2.08010897e-06,0.0117887771,-0.0118831322,0.999859869],"scale":0.99999994,"type":"italy_guardrails_basic_concrete"}
