{"ctxid":0,"pos":[-223.5,-391,305],"rotationMatrix":[0.353615522,0.93539089,0,-0.93539089,0.353615522,0,0,0,1],"scale":1.09979999,"type":"italy_rockface_boulder_2"}
{"ctxid":0,"pos":[-1103.88,-599.880005,404.98999],"rotationMatrix":[-0.296372056,0.955072582,0,-0.955072582,-0.296372056,0,0,0,1],"scale":0.911300004,"type":"italy_rockface_boulder_2"}
{"ctxid":0,"pos":[-1874.77002,-18.5118008,147.597],"rotationMatrix":[0.165626287,-0.986188591,0,0.986188591,0.165626287,0,0,0,1],"scale":1.18089998,"type":"italy_rockface_boulder_2"}
{"ctxid":0,"pos":[-1877.58997,-26.2632999,147.572998],"rotationMatrix":[0.80079329,-0.598940849,0,0.598940849,0.80079329,0,0,0,1],"scale":0.836399972,"type":"italy_rockface_boulder_2"}
{"ctxid":0,"pos":[-1580.94995,-671.406006,256.980988],"rotationMatrix":[-0.917665243,0.397354364,0,-0.397354364,-0.917665243,0,0,0,1],"scale":1.14699996,"type":"italy_rockface_boulder_2"}
{"ctxid":0,"pos":[-1569.63,-681.20697,259.32901],"rotationMatrix":[-0.996401787,-0.0847554058,0,0.0847554058,-0.996401787,0,0,0,1],"scale":0.813300014,"type":"italy_rockface_boulder_2"}
{"ctxid":0,"pos":[-1567.34998,-681.474976,260.757996],"rotationMatrix":[-0.590614438,-0.806953907,0,0.806953907,-0.590614438,0,0,0,1],"scale":1.09469998,"type":"italy_rockface_boulder_2"}
{"ctxid":0,"pos":[-1570.20996,-693.382996,271.687012],"rotationMatrix":[-0.996801257,-0.0799202994,0,0.0799202994,-0.996801257,0,0,0,1],"scale":0.869899988,"type":"italy_rockface_boulder_2"}
{"ctxid":0,"pos":[-1583.90002,-713.562988,284.266998],"rotationMatrix":[0.655051827,-0.755583942,0,0.755583942,0.655051827,0,0,0,1],"scale":1.08640003,"type":"italy_rockface_boulder_2"}
{"ctxid":0,"pos":[-396.536011,1066.87,209.412994],"rotationMatrix":[-0.83476162,-0.550611496,0,0.550611496,-0.83476162,0,0,0,1],"scale":0.891600013,"type":"italy_rockface_boulder_2"}
{"ctxid":0,"pos":[-1110.64001,661.598022,359.188995],"rotationMatrix":[-0.895015121,0.446035802,0,-0.446035802,-0.895015121,0,0,0,1],"scale":1.0869,"type":"italy_rockface_boulder_2"}
{"ctxid":0,"pos":[-1095.27002,654.640991,362.733002],"rotationMatrix":[0.848419905,0.529323757,0,-0.529323757,0.848419905,0,0,0,1],"scale":1.06490004,"type":"italy_rockface_boulder_2"}
{"ctxid":0,"pos":[-1103.73999,657.367981,362.162994],"rotationMatrix":[-0.893068671,-0.449920386,0,0.449920386,-0.893068671,0,0,0,1],"scale":1.0072,"type":"italy_rockface_boulder_2"}
{"ctxid":0,"pos":[-1135.60999,652.504028,356.898987],"rotationMatrix":[0.986055493,-0.166416839,0,0.166416839,0.986055493,0,0,0,1],"scale":0.940400004,"type":"italy_rockface_boulder_2"}
{"ctxid":0,"pos":[-1138.89001,649.788025,356.390015],"rotationMatrix":[0.98635447,-0.164635539,0,0.164635539,0.98635447,0,0,0,1],"scale":0.904900014,"type":"italy_rockface_boulder_2"}
{"ctxid":0,"pos":[254.487,-598.223999,343.744995],"rotationMatrix":[0.950008869,-0.312222928,0,0.312222928,0.950008869,0,0,0,1],"scale":1.02030003,"type":"italy_rockface_boulder_2"}
{"ctxid":0,"pos":[269.801575,-582.536133,346.174011],"rotationMatrix":[0.568307519,-0.822815955,0,0.822815955,0.568307519,0,0,0,1],"scale":1.12520003,"type":"italy_rockface_boulder_2"}
{"ctxid":0,"pos":[328.720001,-576.929016,345.056519],"rotationMatrix":[0.93656075,0.350505292,0,-0.350505292,0.93656075,0,0,0,1],"scale":1.18110001,"type":"italy_rockface_boulder_2"}
{"ctxid":0,"pos":[249.504745,-591.148193,344.195007],"rotationMatrix":[-0.897640586,-0.440728009,0,0.440728009,-0.897640586,0,0,0,1],"scale":1.12679994,"type":"italy_rockface_boulder_2"}
{"ctxid":0,"pos":[190.175461,-599.537109,340.946991],"rotationMatrix":[0.0411645174,-0.999152362,0,0.999152362,0.0411645174,0,0,0,1],"scale":1.12020004,"type":"italy_rockface_boulder_2"}
{"ctxid":0,"pos":[195.194,-592.060974,340.846985],"rotationMatrix":[-0.972097874,-0.234575629,0,0.234575629,-0.972097874,0,0,0,1],"scale":1.03190005,"type":"italy_rockface_boulder_2"}
{"ctxid":0,"pos":[211.444,-594.304993,342.234009],"rotationMatrix":[-0.492992043,0.870033801,0,-0.870033801,-0.492992043,0,0,0,1],"scale":1.19490004,"type":"italy_rockface_boulder_2"}
{"ctxid":0,"pos":[595.333984,1385.44995,144.856995],"rotationMatrix":[-0.0138880014,0.99990356,0,-0.99990356,-0.0138880014,0,0,0,1],"scale":0.935199976,"type":"italy_rockface_boulder_2"}
{"ctxid":0,"pos":[70.0427017,1005.77002,189.860992],"rotationMatrix":[-0.89969039,0.436528593,0,-0.436528593,-0.89969039,0,0,0,1],"scale":0.946799994,"type":"italy_rockface_boulder_2"}
{"ctxid":0,"pos":[72.2388,1015.85999,189.613007],"rotationMatrix":[-0.0716480017,0.997429967,0,-0.997429967,-0.0716480017,0,0,0,1],"scale":0.88410002,"type":"italy_rockface_boulder_2"}
{"ctxid":0,"pos":[72.8411026,1017.17999,189.391998],"rotationMatrix":[0.242073298,0.970257938,0,-0.970257938,0.242073298,0,0,0,1],"scale":1.02620006,"type":"italy_rockface_boulder_2"}
{"ctxid":0,"pos":[71.2434006,1014.5,189.686996],"rotationMatrix":[0.476735473,0.879046798,0,-0.879046798,0.476735473,0,0,0,1],"scale":0.969799995,"type":"italy_rockface_boulder_2"}
{"ctxid":0,"pos":[57.5634995,991.802979,193.496002],"rotationMatrix":[-0.611012459,-0.79162097,0,0.79162097,-0.611012459,0,0,0,1],"scale":0.970700026,"type":"italy_rockface_boulder_2"}
{"ctxid":0,"pos":[57.3787994,993.968994,192.837006],"rotationMatrix":[0.960181594,-0.279376626,0,0.279376626,0.960181594,0,0,0,1],"scale":1.05850005,"type":"italy_rockface_boulder_2"}
{"ctxid":0,"pos":[595,1413.5,146.132935],"rotationMatrix":[-0.996138215,0.0877989754,0,-0.0877989754,-0.996138215,0,0,0,1],"scale":1.04878938,"type":"italy_rockface_boulder_2"}
{"ctxid":0,"pos":[693.484619,1438.84021,139.054001],"rotationMatrix":[-0.993265033,-0.115864441,0,0.115864441,-0.993265033,0,0,0,1],"scale":1.05262399,"type":"italy_rockface_boulder_2"}
{"ctxid":0,"pos":[701.522705,1437.24902,139.110443],"rotationMatrix":[0.799098134,0.601200581,0,-0.601200581,0.799098134,0,0,0,1],"scale":1.17878938,"type":"italy_rockface_boulder_2"}
{"ctxid":0,"pos":[712.329285,1435.00537,139.261032],"rotationMatrix":[-0.715067863,0.699055016,0,-0.699055016,-0.715067863,0,0,0,1],"scale":0.970142066,"type":"italy_rockface_boulder_2"}
{"ctxid":0,"pos":[866.596985,734.388977,180.47113],"rotationMatrix":[0.118156813,0.992994964,0,-0.992994964,0.118156813,0,0,0,1],"scale":1.07202649,"type":"italy_rockface_boulder_2"}
{"ctxid":0,"pos":[1498.46094,1454.43091,138.541992],"rotationMatrix":[-0.984321535,-0.176383466,0,0.176383466,-0.984321535,0,0,0,1],"scale":0.828968585,"type":"italy_rockface_boulder_2"}
{"ctxid":0,"pos":[1260.6781,1191.59814,158.30162],"rotationMatrix":[0.0893935263,-0.995996356,0,0.995996356,0.0893935263,0,0,0,1],"scale":0.811010659,"type":"italy_rockface_boulder_2"}
{"ctxid":0,"pos":[1263.49951,1191.9292,158.223587],"rotationMatrix":[-0.113141149,-0.993578911,0,0.993578911,-0.113141149,0,0,0,1],"scale":0.908667207,"type":"italy_rockface_boulder_2"}
{"ctxid":0,"pos":[1265.39636,1194.47644,157.991837],"rotationMatrix":[-0.605312049,-0.795988262,0,0.795988262,-0.605312049,0,0,0,1],"scale":1.06870377,"type":"italy_rockface_boulder_2"}
{"ctxid":0,"pos":[611.703064,1420.28845,142.361664],"rotationMatrix":[0.644589126,0.764529169,0,-0.764529169,0.644589126,0,0,0,1],"scale":0.889469624,"type":"italy_rockface_boulder_2"}
{"ctxid":0,"pos":[1096.89185,1057.63501,157.871338],"rotationMatrix":[-0.12486349,0.99217391,0,-0.99217391,-0.12486349,0,0,0,1],"scale":0.932246566,"type":"italy_rockface_boulder_2"}
{"ctxid":0,"pos":[1096.79187,1064.50439,157.668854],"rotationMatrix":[-0.226721928,0.973959506,0,-0.973959506,-0.226721928,0,0,0,1],"scale":0.987520695,"type":"italy_rockface_boulder_2"}
{"ctxid":0,"pos":[1087.31128,1062.45154,157.505524],"rotationMatrix":[-0.817124248,-0.576461613,0,0.576461613,-0.817124248,0,0,0,1],"scale":1.06393504,"type":"italy_rockface_boulder_2"}
{"ctxid":0,"pos":[1102.85034,1096.42688,157.097015],"rotationMatrix":[0.509187281,-0.860655785,0,0.860655785,0.509187281,0,0,0,1],"scale":1.02996039,"type":"italy_rockface_boulder_2"}
{"ctxid":0,"pos":[1159.63037,1031.1897,164.657394],"rotationMatrix":[0.934630334,0.355620742,0,-0.355620742,0.934630334,0,0,0,1],"scale":0.891456604,"type":"italy_rockface_boulder_2"}
{"ctxid":0,"pos":[1163.0719,1030.82532,164.431305],"rotationMatrix":[-0.437619895,-0.899160087,0,0.899160087,-0.437619895,0,0,0,1],"scale":1.15646279,"type":"italy_rockface_boulder_2"}
{"ctxid":0,"pos":[1212.6156,1033.00171,169.765045],"rotationMatrix":[-0.192041278,0.981387079,0,-0.981387079,-0.192041278,0,0,0,1],"scale":0.939562201,"type":"italy_rockface_boulder_2"}
{"ctxid":0,"pos":[1210.6792,1011.32227,169.82724],"rotationMatrix":[-0.0911489949,0.995837271,0,-0.995837271,-0.0911489949,0,0,0,1],"scale":1.02067637,"type":"italy_rockface_boulder_2"}
{"ctxid":0,"pos":[1221.21643,1023.37817,170.84549],"rotationMatrix":[0.13326183,-0.99108088,0,0.99108088,0.13326183,0,0,0,1],"scale":1.19235909,"type":"italy_rockface_boulder_2"}
{"ctxid":0,"pos":[1223.05151,1024.68665,171.064804],"rotationMatrix":[0.149401456,0.988776624,0,-0.988776624,0.149401456,0,0,0,1],"scale":1.04670238,"type":"italy_rockface_boulder_2"}
{"ctxid":0,"pos":[1225.37988,1024.82654,171.519257],"rotationMatrix":[0.00452595996,-0.999989748,0,0.999989748,0.00452595996,0,0,0,1],"scale":1.19329381,"type":"italy_rockface_boulder_2"}
{"ctxid":0,"pos":[1221.80225,1011.37982,170.838242],"rotationMatrix":[-0.389663041,0.920957506,0,-0.920957506,-0.389663041,0,0,0,1],"scale":1.03692257,"type":"italy_rockface_boulder_2"}
{"ctxid":0,"pos":[1223.48975,998.669922,171.256348],"rotationMatrix":[0.274518788,-0.961581707,0,0.961581707,0.274518788,0,0,0,1],"scale":0.81588912,"type":"italy_rockface_boulder_2"}
{"ctxid":0,"pos":[1225.02051,998.769775,171.451202],"rotationMatrix":[-0.942443609,0.334365129,0,-0.334365129,-0.942443609,0,0,0,1],"scale":0.811208189,"type":"italy_rockface_boulder_2"}
{"ctxid":0,"pos":[1222.96936,1000.20221,171.14772],"rotationMatrix":[-0.937584817,-0.347756624,0,0.347756624,-0.937584817,0,0,0,1],"scale":0.931522846,"type":"italy_rockface_boulder_2"}
{"ctxid":0,"pos":[1225.33765,994.90564,171.810471],"rotationMatrix":[0.774992168,-0.631970882,0,0.631970882,0.774992168,0,0,0,1],"scale":0.853245556,"type":"italy_rockface_boulder_2"}
{"ctxid":0,"pos":[1170.65088,1096.42969,158.325073],"rotationMatrix":[-0.896621644,-0.442797482,0,0.442797482,-0.896621644,0,0,0,1],"scale":0.883700669,"type":"italy_rockface_boulder_2"}
{"ctxid":0,"pos":[1170.05054,1097.65552,158.228104],"rotationMatrix":[0.999997675,-0.00214482937,0,0.00214482937,0.999997675,0,0,0,1],"scale":0.930785179,"type":"italy_rockface_boulder_2"}
{"ctxid":0,"pos":[1189.93225,1017.83978,167.449539],"rotationMatrix":[-0.989223361,0.146414235,0,-0.146414235,-0.989223361,0,0,0,1],"scale":0.930026174,"type":"italy_rockface_boulder_2"}
{"ctxid":0,"pos":[235.396469,555.492737,178.121216],"rotationMatrix":[0.332725912,-0.943023562,0,0.943023562,0.332725912,0,0,0,1],"scale":0.92901969,"type":"italy_rockface_boulder_2"}
{"ctxid":0,"pos":[235.768768,556.782471,178.026276],"rotationMatrix":[-0.674866796,0.737939596,0,-0.737939596,-0.674866796,0,0,0,1],"scale":0.825740695,"type":"italy_rockface_boulder_2"}
{"ctxid":0,"pos":[1103.02942,1150.1156,154.575119],"rotationMatrix":[-0.117412895,0.993083179,0,-0.993083179,-0.117412895,0,0,0,1],"scale":1.1970855,"type":"italy_rockface_boulder_2"}
{"ctxid":0,"pos":[1105.02979,1153.18811,154.629395],"rotationMatrix":[0.680640697,-0.732617378,0,0.732617378,0.680640697,0,0,0,1],"scale":0.897094488,"type":"italy_rockface_boulder_2"}
{"ctxid":0,"pos":[394.410278,-1283.21899,360.753632],"rotationMatrix":[0.818265617,0.574840307,0,-0.574840307,0.818265617,0,0,0,1],"scale":0.974171281,"type":"italy_rockface_boulder_2"}
{"ctxid":0,"pos":[401.550018,-1295.30688,361.380768],"rotationMatrix":[-0.737487495,-0.675360799,0,0.675360799,-0.737487495,0,0,0,1],"scale":0.845474184,"type":"italy_rockface_boulder_2"}
{"ctxid":0,"pos":[384.061157,-1289.78088,360.439819],"rotationMatrix":[0.999999285,0.00117713585,0,-0.00117713585,0.999999285,0,0,0,1],"scale":1.07877219,"type":"italy_rockface_boulder_2"}
{"ctxid":0,"pos":[425.193451,-1236.09167,358.546814],"rotationMatrix":[-0.486322761,0.873779237,0,-0.873779237,-0.486322761,0,0,0,1],"scale":0.994909108,"type":"italy_rockface_boulder_2"}
{"ctxid":0,"pos":[429.784546,-1213.12085,356.937927],"rotationMatrix":[-0.553626955,0.832764804,0,-0.832764804,-0.553626955,0,0,0,1],"scale":0.882040918,"type":"italy_rockface_boulder_2"}
{"ctxid":0,"pos":[211.189713,-1275.76318,382.397461],"rotationMatrix":[-0.157283604,0.987553477,0,-0.987553477,-0.157283604,0,0,0,1],"scale":0.849422872,"type":"italy_rockface_boulder_2"}
{"ctxid":0,"pos":[207.724686,-1273.76782,384.892975],"rotationMatrix":[0.787144661,-0.61676842,0,0.61676842,0.787144661,0,0,0,1],"scale":0.864049733,"type":"italy_rockface_boulder_2"}
{"ctxid":0,"pos":[187.813553,-1225.38989,383.536285],"rotationMatrix":[0.945851147,0.324600756,0,-0.324600756,0.945851147,0,0,0,1],"scale":0.815805316,"type":"italy_rockface_boulder_2"}
{"ctxid":0,"pos":[153.631607,-1220.88867,384.693573],"rotationMatrix":[0.136056572,0.990701079,0,-0.990701079,0.136056572,0,0,0,1],"scale":1.10661793,"type":"italy_rockface_boulder_2"}
{"ctxid":0,"pos":[158.135773,-1223.52478,384.907776],"rotationMatrix":[0.965137064,-0.261744976,0,0.261744976,0.965137064,0,0,0,1],"scale":0.998244405,"type":"italy_rockface_boulder_2"}
{"ctxid":0,"pos":[169.7491,-1213.42004,384.229095],"rotationMatrix":[0.564683914,-0.82530725,0,0.82530725,0.564683914,0,0,0,1],"scale":0.886027396,"type":"italy_rockface_boulder_2"}
{"ctxid":0,"pos":[172.761749,-1213.0072,383.87027],"rotationMatrix":[0.834499657,-0.551008523,0,0.551008523,0.834499657,0,0,0,1],"scale":0.873601496,"type":"italy_rockface_boulder_2"}
{"ctxid":0,"pos":[221.718277,-1303.25732,370.206268],"rotationMatrix":[0.936929882,-0.349517345,0,0.349517345,0.936929882,0,0,0,1],"scale":1.12862492,"type":"italy_rockface_boulder_2"}
{"ctxid":0,"pos":[224.803238,-1302.44202,369.366089],"rotationMatrix":[-0.856550694,0.516062915,0,-0.516062915,-0.856550694,0,0,0,1],"scale":1.01392603,"type":"italy_rockface_boulder_2"}
{"ctxid":0,"pos":[226.974197,-1331.06714,372.03476],"rotationMatrix":[-0.983707666,0.179775357,0,-0.179775357,-0.983707666,0,0,0,1],"scale":0.816914737,"type":"italy_rockface_boulder_2"}
{"ctxid":0,"pos":[231.618195,-1329.38367,369.751984],"rotationMatrix":[-0.684167147,0.729325235,0,-0.729325235,-0.684167147,0,0,0,1],"scale":1.03425002,"type":"italy_rockface_boulder_2"}
{"ctxid":0,"pos":[-1242.69299,-153.247086,359.35495],"rotationMatrix":[-0.634127498,0.773228467,0,-0.773228467,-0.634127498,0,0,0,1],"scale":1.15171957,"type":"italy_rockface_boulder_2"}
{"ctxid":0,"pos":[-1246.63245,-151.177383,360.235077],"rotationMatrix":[-0.866033018,0.499986768,0,-0.499986768,-0.866033018,0,0,0,1],"scale":0.961346447,"type":"italy_rockface_boulder_2"}
{"ctxid":0,"pos":[-1263.76208,-139.572861,359.84079],"rotationMatrix":[0.460305005,0.887760818,0,-0.887760818,0.460305005,0,0,0,1],"scale":1.11154199,"type":"italy_rockface_boulder_2"}
{"ctxid":0,"pos":[-1280.63208,-125.30069,360.379883],"rotationMatrix":[0.622736037,-0.78243196,0,0.78243196,0.622736037,0,0,0,1],"scale":1.16741824,"type":"italy_rockface_boulder_2"}
{"ctxid":0,"pos":[342.699677,-1247.46582,334.859161],"rotationMatrix":[0.983548224,0.18064563,0,-0.18064563,0.983548224,0,0,0,1],"scale":1.03830516,"type":"italy_rockface_boulder_2"}
{"ctxid":0,"pos":[341.797272,-1255.91992,339.60553],"rotationMatrix":[-0.980728269,-0.195376754,0,0.195376754,-0.980728269,0,0,0,1],"scale":0.935713649,"type":"italy_rockface_boulder_2"}
{"ctxid":0,"pos":[342.672821,-1254.4939,339.480133],"rotationMatrix":[-0.373197496,-0.927751899,0,0.927751899,-0.373197496,0,0,0,1],"scale":1.03505957,"type":"italy_rockface_boulder_2"}
{"ctxid":0,"pos":[349.818085,-1239.84717,338.32724],"rotationMatrix":[0.582088232,0.81312561,0,0.520454764,-0.372575432,0.76831907,0.624740005,-0.447229326,-0.640066922],"scale":1.06860781,"type":"italy_rockface_boulder_2"}
{"ctxid":0,"pos":[349.882568,-1238.08569,337.067627],"rotationMatrix":[-0.60149765,-0.798874557,0,-0.654197812,0.49256587,-0.573937714,0.45850426,-0.345222354,-0.818899035],"scale":1.03682554,"type":"italy_rockface_boulder_2"}
{"ctxid":0,"pos":[355.404602,-1219.94336,335.809906],"rotationMatrix":[0.844485521,0.53557843,0,-0.53557843,0.844485521,0,0,0,1],"scale":1.03974056,"type":"italy_rockface_boulder_2"}
{"ctxid":0,"pos":[353.616364,-1222.86218,335.490753],"rotationMatrix":[0.138208508,0.990403175,0,-0.990403175,0.138208508,0,0,0,1],"scale":0.842455149,"type":"italy_rockface_boulder_2"}
{"ctxid":0,"pos":[355.86438,-1216.3269,335.776062],"rotationMatrix":[0.179659843,-0.983728766,0,0.983728766,0.179659843,0,0,0,1],"scale":0.843627095,"type":"italy_rockface_boulder_2"}
{"ctxid":0,"pos":[339.626556,-1221.42749,334.730682],"rotationMatrix":[-0.0449405126,-0.998989642,0,0.998989642,-0.0449405126,0,0,0,1],"scale":1.13497126,"type":"italy_rockface_boulder_2"}
{"ctxid":0,"pos":[341.749054,-1217.7074,335.175629],"rotationMatrix":[-0.408540756,-0.912740052,0,0.912740052,-0.408540756,0,0,0,1],"scale":1.12501132,"type":"italy_rockface_boulder_2"}
{"ctxid":0,"pos":[357.731262,-1135.64893,340.036194],"rotationMatrix":[-0.257259578,0.966342568,0,-0.966342568,-0.257259578,0,0,0,1],"scale":0.819875836,"type":"italy_rockface_boulder_2"}
{"ctxid":0,"pos":[-857.321838,-1028.86951,470.518127],"rotationMatrix":[0.488191605,0.872736454,0,-0.872736454,0.488191605,0,0,0,1],"scale":1.08319712,"type":"italy_rockface_boulder_2"}
{"ctxid":0,"pos":[-856.060913,-1036.27942,469.648956],"rotationMatrix":[0.856486738,0.516169071,0,-0.516169071,0.856486738,0,0,0,1],"scale":0.999737382,"type":"italy_rockface_boulder_2"}
{"ctxid":0,"pos":[1006.61395,-1388.50183,281.881714],"rotationMatrix":[0.975293934,-0.220911101,0,0.20262219,0.89455086,0.398400813,-0.0880111456,-0.388557881,0.917211533],"scale":1.02242589,"type":"italy_rockface_boulder_2"}
{"ctxid":0,"pos":[985.58197,-1381.72766,281.240631],"rotationMatrix":[0.259460092,0.965753853,0,-0.965753853,0.259460092,0,0,0,1],"scale":0.954041481,"type":"italy_rockface_boulder_2"}
{"ctxid":0,"pos":[-1589.56689,-1466.58435,312.027496],"rotationMatrix":[0.923019052,0.3847543,0,-0.3847543,0.923019052,0,0,0,1],"scale":1.01585591,"type":"italy_rockface_boulder_2"}
{"ctxid":0,"pos":[-1579.66101,-1468.50085,311.754547],"rotationMatrix":[0.74764967,0.664093375,0,-0.664093375,0.74764967,0,0,0,1],"scale":0.95501554,"type":"italy_rockface_boulder_2"}
{"ctxid":0,"pos":[-1577.24597,-1466.96826,311.471069],"rotationMatrix":[0.929582238,0.368614823,0,-0.368614823,0.929582238,0,0,0,1],"scale":1.12189591,"type":"italy_rockface_boulder_2"}
{"ctxid":0,"pos":[-1594.56616,-1472.03918,309.705109],"rotationMatrix":[-0.346621752,0.938004971,0,-0.938004971,-0.346621752,0,0,0,1],"scale":1.16211116,"type":"italy_rockface_boulder_2"}
{"ctxid":0,"pos":[-1589.59521,-1470.86536,311.325439],"rotationMatrix":[0.935757041,-0.352645308,0,0.352645308,0.935757041,0,0,0,1],"scale":0.945749879,"type":"italy_rockface_boulder_2"}
{"ctxid":0,"pos":[-725.529175,-893.335083,459.619843],"rotationMatrix":[-0.999196649,-0.0377805047,-0.0133688794,0.0400760919,-0.941961765,-0.333319426,1.86264515e-09,-0.333587468,0.942719221],"scale":0.829450309,"type":"italy_rockface_boulder_2"}
{"ctxid":0,"pos":[-858.935059,-1402.43896,142.966049],"rotationMatrix":[0.967579663,0.25256601,0,-0.25256601,0.967579663,0,0,0,1],"scale":0.804376066,"type":"italy_rockface_boulder_2"}
{"ctxid":0,"pos":[-859.761902,-1404.20911,143.97261],"rotationMatrix":[-0.0739917904,0.997258842,0,-0.997258842,-0.0739917904,0,0,0,1],"scale":1.18662465,"type":"italy_rockface_boulder_2"}
{"ctxid":0,"pos":[-834.794556,-1345.9762,142.466919],"rotationMatrix":[0.122637309,-0.992451549,0,0.992451549,0.122637309,0,0,0,1],"scale":1.02187097,"type":"italy_rockface_boulder_2"}
{"ctxid":0,"pos":[-831.343262,-1338.79163,143.999557],"rotationMatrix":[-0.83038044,-0.557196856,0,0.557196856,-0.83038044,0,0,0,1],"scale":0.887798429,"type":"italy_rockface_boulder_2"}
{"ctxid":0,"pos":[-809.373047,-1324.05908,144.479019],"rotationMatrix":[-0.371899873,0.928272843,0,-0.928272843,-0.371899873,0,0,0,1],"scale":1.03157353,"type":"italy_rockface_boulder_2"}
{"ctxid":0,"pos":[-830.731689,-1341.9696,142.729263],"rotationMatrix":[-0.233129263,-0.972445726,0,0.972445726,-0.233129263,0,0,0,1],"scale":0.887160659,"type":"italy_rockface_boulder_2"}
{"ctxid":0,"pos":[926.239563,799.958008,180.325104],"rotationMatrix":[-0.166305929,-0.986074209,0,0.986074209,-0.166305929,0,0,0,1],"scale":0.94601953,"type":"italy_rockface_boulder_2"}
{"ctxid":0,"pos":[924.60144,800.314697,180.035172],"rotationMatrix":[0.910492122,0.413526386,0,-0.413526386,0.910492122,0,0,0,1],"scale":0.972856045,"type":"italy_rockface_boulder_2"}
{"ctxid":0,"pos":[932.36731,788.321045,180.588776],"rotationMatrix":[0.929055333,-0.369940847,0,0.369940847,0.929055333,0,0,0,1],"scale":0.868959725,"type":"italy_rockface_boulder_2"}
{"ctxid":0,"pos":[1008.40417,837.43396,179.988754],"rotationMatrix":[-0.999982595,-0.00589930778,0,0.00589930778,-0.999982595,0,0,0,1],"scale":0.819411993,"type":"italy_rockface_boulder_2"}
{"ctxid":0,"pos":[1068.52234,863.666077,180.125076],"rotationMatrix":[-0.948199153,-0.317676544,0,0.317676544,-0.948199153,0,0,0,1],"scale":0.88017714,"type":"italy_rockface_boulder_2"}
{"ctxid":0,"pos":[1076.26929,856.919678,180.652695],"rotationMatrix":[-0.910599589,0.413289487,0,-0.413289487,-0.910599589,0,0,0,1],"scale":0.881109893,"type":"italy_rockface_boulder_2"}
{"ctxid":0,"pos":[1077.60461,858.591797,180.305237],"rotationMatrix":[-0.583057523,0.812430859,0,0.812427402,0.583055317,0.0028196089,0.00229060277,0.00164385326,-0.999995828],"scale":1.17392921,"type":"italy_rockface_boulder_2"}
{"ctxid":0,"pos":[-929.908936,281.165283,254.914352],"rotationMatrix":[0.559978545,0.828507125,0,-0.828507125,0.559978545,0,0,0,1],"scale":0.977907479,"type":"italy_rockface_boulder_2"}
{"ctxid":0,"pos":[-867.988831,378.990143,256.048523],"rotationMatrix":[0.959745646,0.280870676,0,-0.280870676,0.959745646,0,0,0,1],"scale":1.07107401,"type":"italy_rockface_boulder_2"}
{"ctxid":0,"pos":[-873.489746,372.890442,256.145935],"rotationMatrix":[-0.566163301,0.824293137,0,-0.824293137,-0.566163301,0,0,0,1],"scale":1.07814729,"type":"italy_rockface_boulder_2"}
{"ctxid":0,"pos":[-853.399475,401.295044,256.602234],"rotationMatrix":[-0.993969202,-0.109659858,0,0.109659858,-0.993969202,0,0,0,1],"scale":1.03283095,"type":"italy_rockface_boulder_2"}
{"ctxid":0,"pos":[313.485748,-173.298813,185.587433],"rotationMatrix":[-0.355300486,-0.934752166,0,0.934752166,-0.355300486,0,0,0,1],"scale":1.15340579,"type":"italy_rockface_boulder_2"}
{"ctxid":0,"pos":[313.318695,-174.691513,185.765686],"rotationMatrix":[-0.588077843,0.808804333,0,-0.808804333,-0.588077843,0,0,0,1],"scale":0.901297033,"type":"italy_rockface_boulder_2"}
{"ctxid":0,"pos":[320.694733,-161.600952,183.949127],"rotationMatrix":[-0.514860511,0.857273996,0,-0.857273996,-0.514860511,0,0,0,1],"scale":0.850682557,"type":"italy_rockface_boulder_2"}
{"ctxid":0,"pos":[309.434937,-155.429184,183.58313],"rotationMatrix":[0.744458318,-0.667668939,0,0.667668939,0.744458318,0,0,0,1],"scale":1.11211383,"type":"italy_rockface_boulder_2"}
{"ctxid":0,"pos":[342.637268,-37.2258377,182.322388],"rotationMatrix":[0.626939476,0.779067993,0,-0.779067993,0.626939476,0,0,0,1],"scale":1.04013824,"type":"italy_rockface_boulder_2"}
{"ctxid":0,"pos":[336.099731,-42.7825928,182.221451],"rotationMatrix":[-0.782900631,-0.622146726,0,0.622146726,-0.782900631,0,0,0,1],"scale":0.918237388,"type":"italy_rockface_boulder_2"}
{"ctxid":0,"pos":[600.044312,213.648697,177.142014],"rotationMatrix":[0.480873615,0.876789927,0,-0.876789927,0.480873615,0,0,0,1],"scale":0.877129674,"type":"italy_rockface_boulder_2"}
{"ctxid":0,"pos":[558.776489,354.552887,172.976456],"rotationMatrix":[0.2318414,-0.972753584,0,0.972753584,0.2318414,0,0,0,1],"scale":0.814306557,"type":"italy_rockface_boulder_2"}
{"ctxid":0,"pos":[607.357178,182.230469,177.735825],"rotationMatrix":[-0.637488782,-0.770459592,0,0.770459592,-0.637488782,0,0,0,1],"scale":1.14682806,"type":"italy_rockface_boulder_2"}
{"ctxid":0,"pos":[612.263916,159.837494,180.219437],"rotationMatrix":[0.534804165,-0.844976068,0,0.844976068,0.534804165,0,0,0,1],"scale":0.88060075,"type":"italy_rockface_boulder_2"}
{"ctxid":0,"pos":[614.519043,157.846344,180.197983],"rotationMatrix":[-0.176295534,0.98433727,0,-0.98433727,-0.176295534,0,0,0,1],"scale":0.990405679,"type":"italy_rockface_boulder_2"}
{"ctxid":0,"pos":[647.411804,175.318253,178.808167],"rotationMatrix":[0.986848831,0.161645755,0,-0.161645755,0.986848831,0,0,0,1],"scale":1.0795089,"type":"italy_rockface_boulder_2"}
{"ctxid":0,"pos":[655.095276,181.962799,178.694473],"rotationMatrix":[0.99939239,-0.0348539427,0,0.0348539427,0.99939239,0,0,0,1],"scale":1.0372647,"type":"italy_rockface_boulder_2"}
{"ctxid":0,"pos":[657.480347,184.892715,178.398636],"rotationMatrix":[-0.884930909,0.465722293,0,-0.465722293,-0.884930909,0,0,0,1],"scale":1.04755211,"type":"italy_rockface_boulder_2"}
{"ctxid":0,"pos":[694.127441,254.483704,175.403992],"rotationMatrix":[0.979800344,-0.199978292,0,0.199978292,0.979800344,0,0,0,1],"scale":1.00991714,"type":"italy_rockface_boulder_2"}
{"ctxid":0,"pos":[690.294434,243.830719,175.592514],"rotationMatrix":[0.506254137,0.862384319,0,-0.862384319,0.506254137,0,0,0,1],"scale":1.1555655,"type":"italy_rockface_boulder_2"}
{"ctxid":0,"pos":[684.90448,240.817093,176.769485],"rotationMatrix":[0.998057306,0.0623025708,0,-0.0623025708,0.998057306,0,0,0,1],"scale":0.918355644,"type":"italy_rockface_boulder_2"}
{"ctxid":0,"pos":[800.835449,-645.873413,182.68692],"rotationMatrix":[0.541162908,-0.840917945,0,0.840917945,0.541162908,0,0,0,1],"scale":1.03890014,"type":"italy_rockface_boulder_2"}
{"ctxid":0,"pos":[798.735168,-584.349548,185.369293],"rotationMatrix":[-0.990836203,-0.135069072,0,0.135069072,-0.990836203,0,0,0,1],"scale":1.00226545,"type":"italy_rockface_boulder_2"}
{"ctxid":0,"pos":[809.544678,-590.07666,184.913376],"rotationMatrix":[-0.986828148,-0.161772177,0,0.161772177,-0.986828148,0,0,0,1],"scale":1.14275193,"type":"italy_rockface_boulder_2"}
{"ctxid":0,"pos":[816.377441,-572.217773,185.161545],"rotationMatrix":[0.133544832,0.991042793,0,-0.991042793,0.133544832,0,0,0,1],"scale":1.19951618,"type":"italy_rockface_boulder_2"}
{"ctxid":0,"pos":[808.467224,-653.180542,182.560242],"rotationMatrix":[-0.759050488,0.650840282,0.0158032291,-0.0661892369,-0.0530002341,-0.99639833,-0.647657931,-0.757362127,0.0833081529],"scale":0.933816195,"type":"italy_rockface_boulder_2"}
{"ctxid":0,"pos":[424.259888,685.913757,160.521423],"rotationMatrix":[0.0704412311,-0.997515917,0,0.997515917,0.0704412311,0,0,0,1],"scale":1.04237914,"type":"italy_rockface_boulder_2"}
{"ctxid":0,"pos":[418.361542,696.267029,158.810562],"rotationMatrix":[-0.336019009,-0.941855192,0,0.941855192,-0.336019009,0,0,0,1],"scale":0.861737847,"type":"italy_rockface_boulder_2"}
{"ctxid":0,"pos":[416.382416,662.207275,163.212631],"rotationMatrix":[0.190201104,-0.981745124,0,0.981745124,0.190201104,0,0,0,1],"scale":0.994619846,"type":"italy_rockface_boulder_2"}
{"ctxid":0,"pos":[410.019257,664.467896,163.564148],"rotationMatrix":[-0.52304399,-0.85230571,0,0.85230571,-0.52304399,0,0,0,1],"scale":0.900019825,"type":"italy_rockface_boulder_2"}
{"ctxid":0,"pos":[416.45459,607.036804,168.038162],"rotationMatrix":[0.993532181,-0.113550767,0,0.113550767,0.993532181,0,0,0,1],"scale":1.16345429,"type":"italy_rockface_boulder_2"}
{"ctxid":0,"pos":[419.783112,670.587463,162.547775],"rotationMatrix":[-0.224108338,-0.974564254,0,0.974564254,-0.224108338,0,0,0,1],"scale":0.826396704,"type":"italy_rockface_boulder_2"}
{"ctxid":0,"pos":[411.880585,660.577148,163.567169],"rotationMatrix":[0.03610209,0.999348104,0,-0.999348104,0.03610209,0,0,0,1],"scale":1.06868422,"type":"italy_rockface_boulder_2"}
{"ctxid":0,"pos":[412.437042,667.484131,162.013428],"rotationMatrix":[0.89977169,-0.436361015,0,0.436361015,0.89977169,0,0,0,1],"scale":1.10429037,"type":"italy_rockface_boulder_2"}
{"ctxid":0,"pos":[416.362915,669.267639,161.754303],"rotationMatrix":[-0.508438289,-0.861098409,0,0.861098409,-0.508438289,0,0,0,1],"scale":1.05630553,"type":"italy_rockface_boulder_2"}
{"ctxid":0,"pos":[413.026733,673.787354,160.366028],"rotationMatrix":[-0.139561862,0.990213335,0,-0.990213335,-0.139561862,0,0,0,1],"scale":0.911302269,"type":"italy_rockface_boulder_2"}
{"ctxid":0,"pos":[417.350098,676.439575,160.228806],"rotationMatrix":[-0.937819839,-0.347122371,0,0.347122371,-0.937819839,0,0,0,1],"scale":0.903116822,"type":"italy_rockface_boulder_2"}
{"ctxid":0,"pos":[1880.98364,-1325.08679,159.545593],"rotationMatrix":[-0.292431802,-0.956286371,0,0.956286371,-0.292431802,0,0,0,1],"scale":1.17010987,"type":"italy_rockface_boulder_2"}
{"ctxid":0,"pos":[1887.52112,-1337.48279,162.762939],"rotationMatrix":[0.268076301,0.963397682,0,-0.963397682,0.268076301,0,0,0,1],"scale":1.03200924,"type":"italy_rockface_boulder_2"}
{"ctxid":0,"pos":[1873.1438,-1353.62805,160.810318],"rotationMatrix":[-0.624663055,-0.780894399,0,0.780894399,-0.624663055,0,0,0,1],"scale":1.13777566,"type":"italy_rockface_boulder_2"}
{"ctxid":0,"pos":[1871.78699,-1348.85571,160.928467],"rotationMatrix":[0.143246502,-0.989687026,0,0.989687026,0.143246502,0,0,0,1],"scale":0.902203858,"type":"italy_rockface_boulder_2"}
{"ctxid":0,"pos":[1871.64136,-1347.32922,160.293701],"rotationMatrix":[-0.489181042,-0.87218225,0,0.87218225,-0.489181042,0,0,0,1],"scale":1.08130777,"type":"italy_rockface_boulder_2"}
{"ctxid":0,"pos":[1891.63928,-1301.72681,155.650238],"rotationMatrix":[-0.882279754,0.470725477,0,-0.470725477,-0.882279754,0,0,0,1],"scale":0.826685667,"type":"italy_rockface_boulder_2"}
{"ctxid":0,"pos":[1799.66992,-1437.08899,155.864075],"rotationMatrix":[0.515971124,0.856605947,0,-0.856605947,0.515971124,0,0,0,1],"scale":0.846962214,"type":"italy_rockface_boulder_2"}
{"ctxid":0,"pos":[1800.2157,-1435.33826,155.997665],"rotationMatrix":[0.428830177,-0.903385103,0,0.903385103,0.428830177,0,0,0,1],"scale":0.931066453,"type":"italy_rockface_boulder_2"}
{"ctxid":0,"pos":[1798.00476,-1436.07019,157.258133],"rotationMatrix":[0.999790192,0.0204833169,0,-0.0204833169,0.999790192,0,0,0,1],"scale":0.924437881,"type":"italy_rockface_boulder_2"}
{"ctxid":0,"pos":[1820.01965,-1416.79565,156.601013],"rotationMatrix":[0.978541553,-0.206049547,0,0.206049547,0.978541553,0,0,0,1],"scale":0.97764343,"type":"italy_rockface_boulder_2"}
{"ctxid":0,"pos":[270.680695,-124.396446,181.000397],"rotationMatrix":[0.863255441,-0.504767299,0,0.504767299,0.863255441,0,0,0,1],"scale":1.10248065,"type":"italy_rockface_boulder_2"}
{"ctxid":0,"pos":[252.398438,-171.09639,180.888306],"rotationMatrix":[-0.994895935,-0.100906156,0,0.100906156,-0.994895935,0,0,0,1],"scale":1.1502682,"type":"italy_rockface_boulder_2"}
{"ctxid":0,"pos":[243.014053,-168.399796,181.470703],"rotationMatrix":[-0.689371109,0.724408329,0,-0.724408329,-0.689371109,0,0,0,1],"scale":1.16824305,"type":"italy_rockface_boulder_2"}
{"ctxid":0,"pos":[273.69162,-144.776993,181.19043],"rotationMatrix":[-0.629827321,-0.776735187,0,0.776735187,-0.629827321,0,0,0,1],"scale":1.16726673,"type":"italy_rockface_boulder_2"}
{"ctxid":0,"pos":[276.970703,-147.010605,181.418655],"rotationMatrix":[0.991525531,-0.129912063,0,0.129912063,0.991525531,0,0,0,1],"scale":1.0940665,"type":"italy_rockface_boulder_2"}
{"ctxid":0,"pos":[279.980621,-145.945206,181.555649],"rotationMatrix":[0.826279223,-0.563260734,0,0.563260734,0.826279223,0,0,0,1],"scale":0.8492226,"type":"italy_rockface_boulder_2"}
{"ctxid":0,"pos":[319.098572,-44.4376106,181.710739],"rotationMatrix":[0.50873214,0.8609249,0,-0.8609249,0.50873214,0,0,0,1],"scale":1.1710366,"type":"italy_rockface_boulder_2"}
{"ctxid":0,"pos":[307.247345,-48.5021935,182.515228],"rotationMatrix":[0.0850162208,-0.996379554,0,0.996379554,0.0850162208,0,0,0,1],"scale":0.9682163,"type":"italy_rockface_boulder_2"}
{"ctxid":0,"pos":[302.755646,-49.7820702,182.583633],"rotationMatrix":[0.938893318,-0.344208241,0,0.344208241,0.938893318,0,0,0,1],"scale":1.02417266,"type":"italy_rockface_boulder_2"}
{"ctxid":0,"pos":[205.290573,692.922607,159.885651],"rotationMatrix":[-0.129658356,0.991558731,0,-0.991558731,-0.129658356,0,0,0,1],"scale":1.03828263,"type":"italy_rockface_boulder_2"}
{"ctxid":0,"pos":[203.967026,694.445862,160.254684],"rotationMatrix":[0.937851429,-0.347036988,0,0.347036988,0.937851429,0,0,0,1],"scale":0.849435389,"type":"italy_rockface_boulder_2"}
{"ctxid":0,"pos":[205.299316,668.808472,165.820587],"rotationMatrix":[-0.956466734,-0.291841477,0,0.291841477,-0.956466734,0,0,0,1],"scale":0.824941099,"type":"italy_rockface_boulder_2"}
{"ctxid":0,"pos":[202.138016,668.026123,165.591873],"rotationMatrix":[0.999932587,0.0116124563,0,-0.0116124563,0.999932587,0,0,0,1],"scale":1.06198168,"type":"italy_rockface_boulder_2"}
{"ctxid":0,"pos":[461.859222,859.033325,147.554108],"rotationMatrix":[0.0340974554,-0.999418497,0,0.999418497,0.0340974554,0,0,0,1],"scale":0.999671817,"type":"italy_rockface_boulder_2"}
{"ctxid":0,"pos":[465.521423,861.978455,147.950058],"rotationMatrix":[-0.779752195,0.626088262,0,-0.626088262,-0.779752195,0,0,0,1],"scale":0.884880543,"type":"italy_rockface_boulder_2"}
{"ctxid":0,"pos":[-294.648926,-1157.89087,297.440063],"rotationMatrix":[0.659630895,-0.751589715,0,0.751589715,0.659630895,0,0,0,1],"scale":1.06655848,"type":"italy_rockface_boulder_2"}
{"ctxid":0,"pos":[-48.3658485,-1309.1405,453.997437],"rotationMatrix":[-0.988016784,-0.154346302,0,0.154346302,-0.988016784,0,0,0,1],"scale":1.11706448,"type":"italy_rockface_boulder_2"}
{"ctxid":0,"pos":[-49.3851357,-1307.35022,455.647217],"rotationMatrix":[-0.617511153,0.786562145,0,-0.786562145,-0.617511153,0,0,0,1],"scale":0.877200425,"type":"italy_rockface_boulder_2"}
{"ctxid":0,"pos":[-1356.46558,235.338013,329.977997],"rotationMatrix":[-0.655399978,-0.755281985,0,0.755281985,-0.655399978,0,0,0,1],"scale":0.889918625,"type":"italy_rockface_boulder_2"}
{"ctxid":0,"pos":[810.025085,-1282.09399,288.429138],"rotationMatrix":[-0.399161369,-0.916880667,0,0.916880667,-0.399161369,0,0,0,1],"scale":1.0018295,"type":"italy_rockface_boulder_2"}
{"ctxid":0,"pos":[787.588928,-1267.70239,289.664276],"rotationMatrix":[-0.726174831,-0.687510073,0,0.687510073,-0.726174831,0,0,0,1],"scale":1.18906629,"type":"italy_rockface_boulder_2"}
{"ctxid":0,"pos":[1237.98486,-357.147003,139.895599],"rotationMatrix":[-0.732193351,-0.681096852,0,0.681096852,-0.732193351,0,0,0,1],"scale":1.16117334,"type":"italy_rockface_boulder_2"}
{"ctxid":0,"pos":[1217.59631,-794.70636,142.937653],"rotationMatrix":[0.980856597,0.194731504,0,-0.194731504,0.980856597,0,0,0,1],"scale":0.812917411,"type":"italy_rockface_boulder_2"}
{"ctxid":0,"pos":[1218.44165,-798.080627,143.214951],"rotationMatrix":[-0.929941535,-0.367707372,0,0.367707372,-0.929941535,0,0,0,1],"scale":0.863273382,"type":"italy_rockface_boulder_2"}
{"ctxid":0,"pos":[1216.91138,-799.538269,143.591507],"rotationMatrix":[0.897575259,0.440861315,0,-0.440861315,0.897575259,0,0,0,1],"scale":1.18078601,"type":"italy_rockface_boulder_2"}
{"ctxid":0,"pos":[1227.11096,-789.713074,143.057037],"rotationMatrix":[-0.999599755,-0.0282892715,0,0.0282892715,-0.999599755,0,0,0,1],"scale":0.90645653,"type":"italy_rockface_boulder_2"}
{"ctxid":0,"pos":[1242.82556,-802.177185,142.797684],"rotationMatrix":[-0.962565601,-0.271048754,0,0.271048754,-0.962565601,0,0,0,1],"scale":1.05135012,"type":"italy_rockface_boulder_2"}
{"ctxid":0,"pos":[1265.79016,-784.508118,138.865387],"rotationMatrix":[-0.293188959,0.956054509,0,-0.956054509,-0.293188959,0,0,0,1],"scale":0.951084971,"type":"italy_rockface_boulder_2"}
{"ctxid":0,"pos":[1263.35474,-785.524963,139.104797],"rotationMatrix":[-0.988575697,-0.150725394,0,0.150725394,-0.988575697,0,0,0,1],"scale":1.1790334,"type":"italy_rockface_boulder_2"}
{"ctxid":0,"pos":[1271.92493,-821.611938,142.493347],"rotationMatrix":[-0.986133099,-0.165956318,0,0.165956318,-0.986133099,0,0,0,1],"scale":1.08499753,"type":"italy_rockface_boulder_2"}
{"ctxid":0,"pos":[1274.08362,-820.274353,142.210907],"rotationMatrix":[0.0722836033,0.997384131,0,-0.997384131,0.0722836033,0,0,0,1],"scale":1.01496232,"type":"italy_rockface_boulder_2"}
{"ctxid":0,"pos":[1299.57544,-859.301758,144.18631],"rotationMatrix":[-0.375148684,-0.926964641,0,0.926964641,-0.375148684,0,0,0,1],"scale":1.00677252,"type":"italy_rockface_boulder_2"}
{"ctxid":0,"pos":[1299.70422,-860.875793,144.512146],"rotationMatrix":[-0.931422174,-0.363940537,0,0.363940537,-0.931422174,0,0,0,1],"scale":1.17715776,"type":"italy_rockface_boulder_2"}
{"ctxid":0,"pos":[1310.62817,-852.625305,143.242966],"rotationMatrix":[-0.896969259,-0.442092985,0,0.442092985,-0.896969259,0,0,0,1],"scale":0.801821768,"type":"italy_rockface_boulder_2"}
{"ctxid":0,"pos":[1281.92114,-831.226135,143.143921],"rotationMatrix":[0.935165584,-0.354210913,0,0.354210913,0.935165584,0,0,0,1],"scale":0.851008952,"type":"italy_rockface_boulder_2"}
{"ctxid":0,"pos":[1284.2915,-846.300415,143.541794],"rotationMatrix":[0.488915533,0.872331142,0,-0.872331142,0.488915533,0,0,0,1],"scale":0.921475887,"type":"italy_rockface_boulder_2"}
{"ctxid":0,"pos":[1188.85571,-357.85199,140.596222],"rotationMatrix":[-0.00718776928,0.999974191,0,-0.999974191,-0.00718776928,0,0,0,1],"scale":0.852193832,"type":"italy_rockface_boulder_2"}
{"ctxid":0,"pos":[1175.74292,-365.45694,140.08989],"rotationMatrix":[-0.896192849,-0.443664759,0,0.443664759,-0.896192849,0,0,0,1],"scale":0.877602875,"type":"italy_rockface_boulder_2"}
{"ctxid":0,"pos":[-874.667358,-368.495911,272.875977],"rotationMatrix":[0.82477504,0.56546098,0,-0.56546098,0.82477504,0,0,0,1],"scale":0.885489762,"type":"italy_rockface_boulder_2"}
{"ctxid":0,"pos":[-872.808044,-368.803406,273.346191],"rotationMatrix":[-0.525269985,0.850935638,0,-0.850935638,-0.525269985,0,0,0,1],"scale":0.90018034,"type":"italy_rockface_boulder_2"}
{"ctxid":0,"pos":[-670.797119,-276.994171,273.263245],"rotationMatrix":[-0.334300578,-0.924914837,0.181040004,0.895494223,-0.251836896,0.366971552,-0.293824971,0.284799069,0.912445486],"scale":0.812732995,"type":"italy_rockface_boulder_2"}
{"ctxid":0,"pos":[-670.953186,-288.134644,273.632202],"rotationMatrix":[0.534962296,0.844875932,0,-0.844875932,0.534962296,0,0,0,1],"scale":0.999711633,"type":"italy_rockface_boulder_2"}
{"ctxid":0,"pos":[-622.417847,-291.109222,273.157227],"rotationMatrix":[0.975638568,0.219384074,0,-0.122470014,0.544645071,-0.82967633,-0.182017833,0.809464276,0.558244705],"scale":0.811044753,"type":"italy_rockface_boulder_2"}
{"ctxid":0,"pos":[-620.53894,-291.484955,273.020752],"rotationMatrix":[-0.363356113,-0.931650341,0,0.931650341,-0.363356113,0,0,0,1],"scale":0.904406488,"type":"italy_rockface_boulder_2"}
{"ctxid":0,"pos":[-766.567688,-341.902039,272.834412],"rotationMatrix":[-0.999375701,0.0353304185,0,-0.0353304185,-0.999375701,0,0,0,1],"scale":0.890794694,"type":"italy_rockface_boulder_2"}
{"ctxid":0,"pos":[-765.733948,-342.986511,274.381592],"rotationMatrix":[0.768136144,0.640286565,0,-0.640286565,0.768136144,0,0,0,1],"scale":0.891988158,"type":"italy_rockface_boulder_2"}
{"ctxid":0,"pos":[-194.811325,-619.610291,476.342468],"rotationMatrix":[-0.337790161,-0.941221476,0,0.941221476,-0.337790161,0,0,0,1],"scale":1.05081964,"type":"italy_rockface_boulder_2"}
{"ctxid":0,"pos":[-176.545563,-628.757874,476.407318],"rotationMatrix":[0.987202227,-0.159473345,0,0.159473345,0.987202227,0,0,0,1],"scale":0.901403666,"type":"italy_rockface_boulder_2"}
{"ctxid":0,"pos":[-196.064331,-650.843079,476.174011],"rotationMatrix":[-0.557023466,0.830496788,0,-0.830496788,-0.557023466,0,0,0,1],"scale":1.09631681,"type":"italy_rockface_boulder_2"}
{"ctxid":0,"pos":[-197.881317,-668.374512,474.04425],"rotationMatrix":[-0.977662086,-0.210182965,0,0.210182965,-0.977662086,0,0,0,1],"scale":1.01256025,"type":"italy_rockface_boulder_2"}
