{"ctxid":0,"pos":[1858.5,-1333,159.595001],"rotationMatrix":[0.961190939,0.275884002,0,-0.275884002,0.961190939,0,0,0,1],"scale":1,"type":"italy_rock_wall"}
{"ctxid":0,"pos":[37.627346,-17.6409149,214.511002],"rotationMatrix":[0.126950979,-0.991908967,0,0.991908967,0.126950979,0,0,0,1],"scale":1,"type":"italy_rock_wall"}
{"ctxid":0,"pos":[167.481995,-734.049011,286.041992],"rotationMatrix":[-0.984031916,-0.177992105,0,0.177992105,-0.984031916,0,0,0,1],"scale":1,"type":"italy_rock_wall"}
{"ctxid":0,"pos":[152.727005,-747.260986,286.88501],"rotationMatrix":[0.43493104,0.90033257,-0.0153706744,-0.900439203,0.434981942,-3.49921684e-05,0.00665446138,0.0138555765,0.999881864],"scale":1,"type":"italy_rock_wall"}
{"ctxid":0,"pos":[159.843002,-753.523987,287.052002],"rotationMatrix":[0.411254168,0.91030091,-0.0471407957,-0.911314666,0.411710501,-3.22123778e-05,0.0193790384,0.042973347,0.998888254],"scale":1,"type":"italy_rock_wall"}
{"ctxid":0,"pos":[157.380997,-758.971985,287.75],"rotationMatrix":[0.416653037,0.905157924,-0.0841985643,-0.908381224,0.418143034,6.75988776e-05,0.0352682322,0.0764562264,0.996448994],"scale":1,"type":"italy_rock_wall"}
{"ctxid":0,"pos":[155.278,-764.437988,288.661011],"rotationMatrix":[-0.278671145,-0.940994322,0.192020908,0.958835185,-0.283963203,-4.20389042e-05,0.0545664318,0.184104681,0.981390834],"scale":1,"type":"italy_rock_wall"}
{"ctxid":0,"pos":[94.9244003,-936.171021,308.424011],"rotationMatrix":[0.215479374,0.972561359,-0.0877102613,-0.976239204,0.216658115,0.00403480325,0.0229272321,0.0847567767,0.996137857],"scale":1,"type":"italy_rock_wall"}
{"ctxid":0,"pos":[93.7401962,-942.072021,308.95401],"rotationMatrix":[-0.158215284,-0.984541774,0.0751358047,0.987333179,-0.158660531,4.36380142e-05,0.0118781235,0.0741909817,0.997173309],"scale":1,"type":"italy_rock_wall"}
{"ctxid":0,"pos":[250.673996,-1102.31006,324.69101],"rotationMatrix":[0.43565321,-0.900114596,0,0.900114596,0.43565321,0,0,0,1],"scale":1,"type":"italy_rock_wall"}
{"ctxid":0,"pos":[268.088013,-1161.07996,326.989014],"rotationMatrix":[-0.379460573,0.925207913,0,-0.925207913,-0.379460573,0,0,0,1],"scale":1,"type":"italy_rock_wall"}
{"ctxid":0,"pos":[270.327759,-1166.79028,327.26001],"rotationMatrix":[-0.288154334,0.955959022,-0.055762127,-0.957449317,-0.288601339,3.81115678e-05,-0.0160565916,0.0534003973,0.99844414],"scale":1,"type":"italy_rock_wall"}
{"ctxid":0,"pos":[202.758652,-1056.76892,321.959015],"rotationMatrix":[0.936152041,-0.350544721,0.0271618888,0.350673825,0.936497748,1.18575908e-05,-0.0254412014,0.0095138615,0.999631047],"scale":1,"type":"italy_rock_wall"}
{"ctxid":0,"pos":[213.626602,-1062.14551,322.490997],"rotationMatrix":[0.860136211,-0.50789237,0.0470244884,0.508452117,0.861090302,6.63362443e-05,-0.0405260175,0.0238526408,0.998893738],"scale":1,"type":"italy_rock_wall"}
{"ctxid":0,"pos":[247.802002,-1096.90002,324.488007],"rotationMatrix":[-0.513451934,0.858118355,0,-0.858118355,-0.513451934,0,0,0,1],"scale":1,"type":"italy_rock_wall"}
{"ctxid":0,"pos":[1075.32996,571.051025,181.725006],"rotationMatrix":[0.769258976,0.62517041,0.131918773,-0.630677879,0.776044726,-4.24414684e-05,-0.102401398,-0.0831656009,0.991260529],"scale":1,"type":"italy_rock_wall"}
{"ctxid":0,"pos":[1079.72998,575.10498,182.679001],"rotationMatrix":[0.696848869,0.710262239,0.0996453986,-0.713813365,0.700335979,-2.17468514e-05,-0.0698007047,-0.0711130574,0.995023012],"scale":1,"type":"italy_rock_wall"}
{"ctxid":0,"pos":[1083.93005,579.43103,183.401993],"rotationMatrix":[0.682970285,0.722594857,0.10680946,-0.72675848,0.686893106,8.430874e-05,-0.0733057633,-0.0776822567,0.994279504],"scale":1,"type":"italy_rock_wall"}
{"ctxid":0,"pos":[1088.18994,583.856995,184.087006],"rotationMatrix":[-0.715510726,-0.697072208,-0.0462032743,0.697887123,-0.716204524,-0.00215266715,-0.0315904282,-0.0337849259,0.998929739],"scale":1,"type":"italy_rock_wall"}
{"ctxid":0,"pos":[1092.57996,588.046997,184.632004],"rotationMatrix":[0.728869557,0.680697381,0.0734864697,-0.682544112,0.730844378,2.44268758e-05,-0.0536905453,-0.0501755588,0.997296214],"scale":1,"type":"italy_rock_wall"}
{"ctxid":0,"pos":[1096.77002,592.281982,185.130997],"rotationMatrix":[0.66477704,0.740726411,0.0969321057,-0.74423492,0.667917967,5.96138671e-05,-0.0646985322,-0.0721798837,0.995290995],"scale":1,"type":"italy_rock_wall"}
{"ctxid":0,"pos":[1101.18994,596.513977,185.563004],"rotationMatrix":[0.762225866,0.647311151,0,-0.647311151,0.762225866,0,0,0,1],"scale":1,"type":"italy_rock_wall"}
{"ctxid":0,"pos":[1106.21997,599.702026,185.847],"rotationMatrix":[0.898869872,0.428801239,0.0903463438,-0.430565119,0.902559519,3.73757102e-05,-0.0815269276,-0.0389335789,0.995910406],"scale":1,"type":"italy_rock_wall"}
{"ctxid":0,"pos":[1111.84998,602.030029,185.992004],"rotationMatrix":[-0.942814708,-0.33331731,0,0.33331731,-0.942814708,0,0,0,1],"scale":1,"type":"italy_rock_wall"}
{"ctxid":0,"pos":[1068.28003,572.835022,181.378006],"rotationMatrix":[0.849510908,0.5170241,0.104963452,-0.519897938,0.854228377,2.23496918e-05,-0.0896512046,-0.0545892678,0.99447608],"scale":1,"type":"italy_rock_wall"}
{"ctxid":0,"pos":[1051.82996,573.776978,181.664993],"rotationMatrix":[0.727235079,-0.686388493,0,0.686388493,0.727235079,0,0,0,1],"scale":1,"type":"italy_rock_wall"}
{"ctxid":0,"pos":[967.828003,648.546021,188.988007],"rotationMatrix":[0.681757569,-0.731578171,0,0.731578171,0.681757569,0,0,0,1],"scale":1,"type":"italy_rock_wall"}
{"ctxid":0,"pos":[963.835022,653.007019,188.822006],"rotationMatrix":[-0.654744387,0.755850375,0,-0.755850375,-0.654744387,0,0,0,1],"scale":1,"type":"italy_rock_wall"}
{"ctxid":0,"pos":[951.468018,665.888,188.671997],"rotationMatrix":[0.688107967,-0.725608289,0,0.725608289,0.688107967,0,0,0,1],"scale":1,"type":"italy_rock_wall"}
{"ctxid":0,"pos":[947.409973,670.427002,188.630997],"rotationMatrix":[-0.649654627,0.760229468,0,-0.760229468,-0.649654627,0,0,0,1],"scale":1,"type":"italy_rock_wall"}
{"ctxid":0,"pos":[943.276978,674.718994,188.365997],"rotationMatrix":[0.710439444,-0.703758359,0,0.703758359,0.710439444,0,0,0,1],"scale":1,"type":"italy_rock_wall"}
{"ctxid":0,"pos":[939.262024,678.921997,188.171997],"rotationMatrix":[0.674214125,-0.738535941,0,0.738535941,0.674214125,0,0,0,1],"scale":1,"type":"italy_rock_wall"}
{"ctxid":0,"pos":[921.81897,666.851013,188.181],"rotationMatrix":[0.548750043,0.835986495,0,-0.835986495,0.548750043,0,0,0,1],"scale":1,"type":"italy_rock_wall"}
{"ctxid":0,"pos":[919.124023,661.500977,188.005997],"rotationMatrix":[-0.309932947,-0.950758398,0,0.950758398,-0.309932947,0,0,0,1],"scale":1,"type":"italy_rock_wall"}
{"ctxid":0,"pos":[917.213989,655.700012,188.391998],"rotationMatrix":[0.310157418,0.950685203,0,-0.950685203,0.310157418,0,0,0,1],"scale":1,"type":"italy_rock_wall"}
{"ctxid":0,"pos":[647.859985,400.608002,170.957993],"rotationMatrix":[0.72486639,-0.688889503,0,0.688889503,0.72486639,0,0,0,1],"scale":1,"type":"italy_rock_wall"}
{"ctxid":0,"pos":[652.473022,396.716003,170.837006],"rotationMatrix":[0.784569502,-0.620040894,0,0.620040894,0.784569502,0,0,0,1],"scale":1,"type":"italy_rock_wall"}
{"ctxid":0,"pos":[655.969971,394.061005,170.705994],"rotationMatrix":[-0.786806226,0.617200077,0,-0.617200077,-0.786806226,0,0,0,1],"scale":1,"type":"italy_rock_wall"}
{"ctxid":0,"pos":[620.393005,408.989014,171.667999],"rotationMatrix":[0.764839172,-0.644221246,0,0.644221246,0.764839172,0,0,0,1],"scale":1,"type":"italy_rock_wall"}
{"ctxid":0,"pos":[623.937012,392.856995,171.779007],"rotationMatrix":[0.976498842,0.215522647,0,-0.215522647,0.976498842,0,0,0,1],"scale":1,"type":"italy_rock_wall"}
{"ctxid":0,"pos":[617.984009,391.700989,171.875],"rotationMatrix":[0.97947669,0.201557472,0,-0.201557472,0.97947669,0,0,0,1],"scale":1,"type":"italy_rock_wall"}
{"ctxid":0,"pos":[604.187256,422.260895,172.470001],"rotationMatrix":[-0.774389267,0.632709503,0,-0.632709503,-0.774389267,0,0,0,1],"scale":1,"type":"italy_rock_wall"}
{"ctxid":0,"pos":[599.518982,426.282715,172.751007],"rotationMatrix":[0.739357948,-0.673312604,0,0.673312604,0.739357948,0,0,0,1],"scale":1,"type":"italy_rock_wall"}
{"ctxid":0,"pos":[600.530029,387.860992,173.423004],"rotationMatrix":[-0.97448194,-0.224465922,0,0.224465922,-0.97448194,0,0,0,1],"scale":1,"type":"italy_rock_wall"}
{"ctxid":0,"pos":[594.580994,386.46701,173.673004],"rotationMatrix":[-0.968921781,-0.247367308,0,0.247367308,-0.968921781,0,0,0,1],"scale":1,"type":"italy_rock_wall"}
{"ctxid":0,"pos":[603.289978,393.319,173.294006],"rotationMatrix":[0.971439481,0.237287447,0,-0.237287447,0.971439481,0,0,0,1],"scale":1,"type":"italy_rock_wall"}
{"ctxid":0,"pos":[597.390991,391.891998,173.544006],"rotationMatrix":[-0.973289847,-0.229579777,0,0.229579777,-0.973289847,0,0,0,1],"scale":1,"type":"italy_rock_wall"}
{"ctxid":0,"pos":[591.419983,390.457001,173.748993],"rotationMatrix":[0.973870993,0.227101937,0,-0.227101937,0.973870993,0,0,0,1],"scale":1,"type":"italy_rock_wall"}
{"ctxid":0,"pos":[585.502991,389.024994,173.947006],"rotationMatrix":[0.970524073,0.241004199,0,-0.241004199,0.970524073,0,0,0,1],"scale":1,"type":"italy_rock_wall"}
{"ctxid":0,"pos":[575.460022,381.949005,174.188004],"rotationMatrix":[-0.970112562,-0.242655352,0,0.242655352,-0.970112562,0,0,0,1],"scale":1,"type":"italy_rock_wall"}
{"ctxid":0,"pos":[569.478027,380.489014,174.330002],"rotationMatrix":[0.972293377,0.233763963,0,-0.233763963,0.972293377,0,0,0,1],"scale":1,"type":"italy_rock_wall"}
{"ctxid":0,"pos":[164.145996,724.859009,171.348007],"rotationMatrix":[0.92402792,0.382324994,0,-0.382324994,0.92402792,0,0,0,1],"scale":1,"type":"italy_rock_wall"}
{"ctxid":0,"pos":[376.951996,341.359009,176.981003],"rotationMatrix":[0.971279025,0.231743902,-0.0539612956,-0.232086644,0.972695112,-8.77333514e-05,0.0524675548,0.01260891,0.998543024],"scale":1,"type":"italy_rock_wall"}
{"ctxid":0,"pos":[382.898987,342.778992,176.621994],"rotationMatrix":[0.970667601,0.231635481,-0.0644159093,-0.232122123,0.972686648,-7.2581759e-05,0.0626396835,0.0150228115,0.997923136],"scale":1,"type":"italy_rock_wall"}
{"ctxid":0,"pos":[388.84201,344.196991,176.175995],"rotationMatrix":[0.969320655,0.231403038,-0.0828860849,-0.232194528,0.972669363,9.27174842e-05,0.0806422159,0.0191558227,0.996559024],"scale":1,"type":"italy_rock_wall"}
{"ctxid":0,"pos":[394.781006,345.61499,175.585999],"rotationMatrix":[0.966623902,0.23071903,-0.111386545,-0.232159585,0.972677708,3.80903657e-05,0.108351998,0.0258226357,0.993777156],"scale":1,"type":"italy_rock_wall"}
{"ctxid":0,"pos":[400.695007,347.027008,174.798996],"rotationMatrix":[0.963857651,0.230018631,-0.134424165,-0.232132614,0.972684145,-5.44623872e-05,0.130739734,0.0312567279,0.990923882],"scale":1,"type":"italy_rock_wall"}
{"ctxid":0,"pos":[406.584015,348.433014,174.048004],"rotationMatrix":[0.966579437,0.230714321,-0.111781456,-0.23215957,0.972677708,8.94825134e-05,0.108747974,0.025864644,0.99373281],"scale":1,"type":"italy_rock_wall"}
{"ctxid":0,"pos":[412.48999,349.84201,173.436005],"rotationMatrix":[0.968808174,0.231308803,-0.0889210701,-0.232227504,0.972661495,1.42021445e-05,0.0864933878,0.0206361599,0.996038675],"scale":1,"type":"italy_rock_wall"}
{"ctxid":0,"pos":[418.407013,351.255005,172.964996],"rotationMatrix":[0.970602989,0.231628388,-0.065407373,-0.232122123,0.972686648,5.22294613e-05,0.06363298,0.0151318051,0.997858644],"scale":1,"type":"italy_rock_wall"}
{"ctxid":0,"pos":[424.333008,352.669006,172.639999],"rotationMatrix":[0.971899509,0.231855407,-0.0406744853,-0.232049674,0.972703934,-5.66403796e-05,0.0395510979,0.00949355029,0.999172449],"scale":1,"type":"italy_rock_wall"}
{"ctxid":0,"pos":[432.654907,353.666138,172.145737],"rotationMatrix":[0.993241668,0.0886617228,-0.0749030188,-0.0890612155,0.996024132,-0.00200385321,0.07442756,0.00866126548,0.997188866],"scale":1,"type":"italy_rock_wall"}
{"ctxid":0,"pos":[378.846008,334.888,176.955994],"rotationMatrix":[0.971246719,0.231740087,-0.0545558892,-0.232086658,0.972695112,-1.7676497e-05,0.0530621521,0.0126788625,0.998510718],"scale":1,"type":"italy_rock_wall"}
{"ctxid":0,"pos":[384.747009,336.29599,176.595001],"rotationMatrix":[0.970602989,0.231628388,-0.065407373,-0.232122123,0.972686648,5.22294613e-05,0.06363298,0.0151318051,0.997858644],"scale":1,"type":"italy_rock_wall"}
{"ctxid":0,"pos":[390.647003,337.704987,176.145004],"rotationMatrix":[0.969204307,0.231381118,-0.084295854,-0.23220253,0.972667456,6.15028257e-05,0.082006067,0.0195141025,0.996440768],"scale":1,"type":"italy_rock_wall"}
{"ctxid":0,"pos":[396.540009,339.112,175.550003],"rotationMatrix":[0.966422796,0.230684057,-0.113189407,-0.232170582,0.972675085,5.03829797e-05,0.110108137,0.0262305588,0.993573427],"scale":1,"type":"italy_rock_wall"}
{"ctxid":0,"pos":[402.40799,340.511993,174.761993],"rotationMatrix":[0.963990927,0.23004818,-0.133414134,-0.232119635,0.972687244,2.77817016e-05,0.129776612,0.0309412573,0.991060376],"scale":1,"type":"italy_rock_wall"}
{"ctxid":0,"pos":[408.253998,341.90799,174.022995],"rotationMatrix":[0.966668129,0.23072423,-0.110991262,-0.2321596,0.972677708,-8.72046348e-06,0.107956715,0.0257761162,0.993821383],"scale":1,"type":"italy_rock_wall"}
{"ctxid":0,"pos":[414.11499,343.307007,173.419006],"rotationMatrix":[0.968878627,0.231316596,-0.0881296545,-0.232227489,0.972661495,-8.51125878e-05,0.0857006311,0.0205485914,0.996109009],"scale":1,"type":"italy_rock_wall"}
{"ctxid":0,"pos":[433.730316,348.222809,172.08786],"rotationMatrix":[0.935326338,0.3535254,-0.0135809556,-0.353535712,0.93541944,0.00171634869,0.0133106634,0.00319600664,0.999906301],"scale":1,"type":"italy_rock_wall"}
{"ctxid":0,"pos":[258.303986,313.058014,183.061005],"rotationMatrix":[0.967109561,0.23039633,-0.107780464,-0.231746659,0.972776175,-3.24757366e-06,0.104845516,0.0249809027,0.994174719],"scale":1,"type":"italy_rock_wall"}
{"ctxid":0,"pos":[264.220001,314.46701,182.378006],"rotationMatrix":[0.966380358,0.230265394,-0.114397772,-0.231790692,0.972765684,-3.22366577e-05,0.111274801,0.0265474897,0.993435025],"scale":1,"type":"italy_rock_wall"}
{"ctxid":0,"pos":[270.131012,315.876007,181.669006],"rotationMatrix":[0.966127515,0.230224371,-0.116594858,-0.231801689,0.972763062,3.23869317e-05,0.113426626,0.0269955955,0.99317956],"scale":1,"type":"italy_rock_wall"}
{"ctxid":0,"pos":[281.947998,318.691986,180.268005],"rotationMatrix":[0.966758966,0.230533555,-0.110595584,-0.231963709,0.972724438,-6.67437562e-05,0.107563645,0.0257186871,0.99386549],"scale":1,"type":"italy_rock_wall"}
{"ctxid":0,"pos":[287.859009,320.10199,179.613007],"rotationMatrix":[0.967525005,0.230678096,-0.103358492,-0.231911704,0.972736835,8.42323207e-05,0.100560039,0.023888547,0.994644165],"scale":1,"type":"italy_rock_wall"}
{"ctxid":0,"pos":[293.773987,321.511993,179.009003],"rotationMatrix":[0.968400478,0.231031284,-0.0939417779,-0.232058674,0.972701788,-1.26696677e-05,0.0913744047,0.0218122732,0.995577693],"scale":1,"type":"italy_rock_wall"}
{"ctxid":0,"pos":[299.691986,322.924011,178.468994],"rotationMatrix":[0.969416618,0.231212974,-0.0822920501,-0.231998712,0.972716093,1.42575054e-05,0.0800500959,0.0190778282,0.996608257],"scale":1,"type":"italy_rock_wall"}
{"ctxid":0,"pos":[305.615997,324.337006,178.007996],"rotationMatrix":[0.970450163,0.231395662,-0.0684290156,-0.231939718,0.97273016,-5.95499887e-06,0.0665615872,0.0158771854,0.997655988],"scale":1,"type":"italy_rock_wall"}
{"ctxid":0,"pos":[311.545013,325.751007,177.638],"rotationMatrix":[0.971373916,0.231760204,-0.0521528758,-0.232081637,0.972696304,-0.000110326524,0.0507033393,0.0122108925,0.998639107],"scale":1,"type":"italy_rock_wall"}
{"ctxid":0,"pos":[317.47699,327.165985,177.375],"rotationMatrix":[0.972157717,0.231901199,-0.0336334631,-0.232034683,0.97270751,-6.77064818e-05,0.0326998234,0.00786995143,0.999434233],"scale":1,"type":"italy_rock_wall"}
{"ctxid":0,"pos":[323.411987,328.582001,177.231003],"rotationMatrix":[0.972636223,0.231987268,-0.0126761338,-0.232005209,0.972714543,5.74507612e-05,0.0123435874,0.00288505037,0.999919653],"scale":1,"type":"italy_rock_wall"}
{"ctxid":0,"pos":[329.35199,329.998993,177.212006],"rotationMatrix":[0.972712636,0.232001036,0.0023757054,-0.232001036,0.972715497,-0.000279395055,-0.0023757054,-0.000279395055,0.999997139],"scale":1,"type":"italy_rock_wall"}
{"ctxid":0,"pos":[335.296997,331.417999,177.244995],"rotationMatrix":[0.972630024,0.232190445,0.00885633565,-0.232199043,0.97266829,-5.91687458e-05,-0.00862801448,-0.00199888321,0.99996078],"scale":1,"type":"italy_rock_wall"}
{"ctxid":0,"pos":[341.23999,332.835999,177.326004],"rotationMatrix":[0.972553492,0.231971383,0.018137861,-0.232011184,0.972713113,9.27435103e-05,-0.0176214203,-0.00429838477,0.999835491],"scale":1,"type":"italy_rock_wall"}
{"ctxid":0,"pos":[347.179993,334.252991,177.473007],"rotationMatrix":[0.972253442,0.231919125,0.0306066237,-0.232028201,0.97270906,1.25112692e-05,-0.0297684371,-0.0071137636,0.999531507],"scale":1,"type":"italy_rock_wall"}
{"ctxid":0,"pos":[353.122009,335.67099,177.692001],"rotationMatrix":[0.971991658,0.232075259,0.0370579325,-0.232237488,0.972659111,7.50184481e-05,-0.0360273272,-0.00867915805,0.999313116],"scale":1,"type":"italy_rock_wall"}
{"ctxid":0,"pos":[359.097992,337.097992,177.807007],"rotationMatrix":[0.972626448,0.232190043,-0.00925090723,-0.232199028,0.97266829,0.00010561497,0.00902258698,0.0020453278,0.999957204],"scale":1,"type":"italy_rock_wall"}
{"ctxid":0,"pos":[365.066986,338.52301,177.602005],"rotationMatrix":[0.971485376,0.23178409,-0.0499229617,-0.232071668,0.972698689,3.68645888e-05,0.048568543,0.0115498919,0.998753071],"scale":1,"type":"italy_rock_wall"}
{"ctxid":0,"pos":[371.007996,339.94101,177.294998],"rotationMatrix":[0.971438646,0.231979862,-0.049922958,-0.232267439,0.972651958,4.18918353e-05,0.0485673808,0.0115547823,0.998753071],"scale":1,"type":"italy_rock_wall"}
{"ctxid":0,"pos":[284.598999,312.369995,180.483994],"rotationMatrix":[0.945413113,0.29666853,-0.134840041,-0.299394339,0.954129457,6.54841424e-05,0.128674284,0.0403084382,0.990867376],"scale":1,"type":"italy_rock_wall"}
{"ctxid":0,"pos":[290.381012,314.011993,179.658997],"rotationMatrix":[0.959545493,0.249340177,-0.130774319,-0.251498371,0.967857718,1.27992525e-05,0.126574129,0.0328772478,0.991412163],"scale":1,"type":"italy_rock_wall"}
{"ctxid":0,"pos":[296.221008,315.437012,178.945007],"rotationMatrix":[0.968612194,0.225988746,-0.103535026,-0.227204144,0.973847151,5.59884938e-05,0.100839943,0.023469355,0.994625807],"scale":1,"type":"italy_rock_wall"}
{"ctxid":0,"pos":[302.097992,316.778992,178.406006],"rotationMatrix":[0.972678542,0.219565436,-0.0754153132,-0.220195502,0.975455761,-4.05539577e-05,0.0735554025,0.0166455582,0.997152209],"scale":1,"type":"italy_rock_wall"}
{"ctxid":0,"pos":[307.993988,318.109985,178.018997],"rotationMatrix":[0.973964095,0.220390826,-0.0531208627,-0.220707625,0.975340009,-0.00010010408,0.0517888404,0.0118216779,0.998588085],"scale":1,"type":"italy_rock_wall"}
{"ctxid":0,"pos":[313.895996,319.45401,177.751007],"rotationMatrix":[0.974039555,0.223462224,-0.0362157822,-0.223606631,0.97467947,6.43695312e-05,0.035313163,0.00803539064,0.999343991],"scale":1,"type":"italy_rock_wall"}
{"ctxid":0,"pos":[337.503998,325.020996,177.384995],"rotationMatrix":[0.972715378,0.232000843,0.000634253898,-0.232001051,0.972715497,0.000273055077,-0.000553599617,-0.000412752444,0.999999762],"scale":1,"type":"italy_rock_wall"}
{"ctxid":0,"pos":[343.402008,326.428009,177.417007],"rotationMatrix":[0.972610474,0.232186601,0.0108743468,-0.232200041,0.972668052,-2.65514682e-05,-0.0105832946,-0.00249919947,0.999940872],"scale":1,"type":"italy_rock_wall"}
{"ctxid":0,"pos":[349.298004,327.834991,177.524002],"rotationMatrix":[0.972356319,0.232140765,0.0251764245,-0.232215524,0.972664356,4.68292201e-05,-0.0244773403,-0.0058918912,0.999683022],"scale":1,"type":"italy_rock_wall"}
{"ctxid":0,"pos":[355.194,329.242004,177.714005],"rotationMatrix":[0.972137451,0.232103199,0.0328159183,-0.232227504,0.972661495,-2.3776518e-05,-0.0319242999,-0.00759764481,0.999461412],"scale":1,"type":"italy_rock_wall"}
{"ctxid":0,"pos":[361.127014,330.65799,177.796005],"rotationMatrix":[0.972570777,0.232179865,-0.0140922684,-0.232202545,0.972667456,2.82153978e-05,0.013713642,0.00324481889,0.999900699],"scale":1,"type":"italy_rock_wall"}
{"ctxid":0,"pos":[367.049011,332.071991,177.574005],"rotationMatrix":[0.971445441,0.231774256,-0.0507390238,-0.23207666,0.972697496,-7.04203849e-05,0.049337402,0.011843753,0.998711944],"scale":1,"type":"italy_rock_wall"}
{"ctxid":0,"pos":[372.946014,333.480011,177.270004],"rotationMatrix":[0.971438646,0.231979862,-0.049922958,-0.232267439,0.972651958,4.18918353e-05,0.0485673808,0.0115547823,0.998753071],"scale":1,"type":"italy_rock_wall"}
{"ctxid":0,"pos":[291.947998,273.610992,182.052002],"rotationMatrix":[-0.436512589,0.899698138,0,-0.899698138,-0.436512589,0,0,0,1],"scale":1,"type":"italy_rock_wall"}
{"ctxid":0,"pos":[294.916992,268.363007,182.283005],"rotationMatrix":[-0.525305867,0.850913465,0,-0.850913465,-0.525305867,0,0,0,1],"scale":1,"type":"italy_rock_wall"}
{"ctxid":0,"pos":[222.537994,304.924011,185.216995],"rotationMatrix":[0.980437517,0.196830571,0,-0.196830571,0.980437517,0,0,0,1],"scale":1,"type":"italy_rock_wall"}
{"ctxid":0,"pos":[228.533005,306.188995,185.210007],"rotationMatrix":[0.97704649,0.212354779,-0.016899839,-0.212385476,0.977185965,-2.20793954e-05,0.0165095981,0.00361085311,0.999857187],"scale":1,"type":"italy_rock_wall"}
{"ctxid":0,"pos":[234.518997,307.513,185.018005],"rotationMatrix":[0.974752665,0.218898937,-0.044051066,-0.219109029,0.975700378,6.05407658e-05,0.0429938957,0.00959297456,0.999029279],"scale":1,"type":"italy_rock_wall"}
{"ctxid":0,"pos":[240.485992,308.869995,184.682007],"rotationMatrix":[0.97256875,0.223410651,-0.0647896901,-0.223887026,0.974615097,-9.46567961e-05,0.0631238669,0.014597632,0.997898936],"scale":1,"type":"italy_rock_wall"}
{"ctxid":0,"pos":[1084.40479,1037.57654,159.209106],"rotationMatrix":[0.506918013,0.861994445,0,-0.861994445,0.506918013,0,0,0,1],"scale":1,"type":"italy_rock_wall"}
{"ctxid":0,"pos":[1074.22534,1047.06958,159.083954],"rotationMatrix":[0.86220938,-0.506551504,0,0.506551504,0.86220938,0,0,0,1],"scale":1,"type":"italy_rock_wall"}
{"ctxid":0,"pos":[1069.39819,1049.10352,159.110535],"rotationMatrix":[0.961540043,-0.274665236,0,0.274665236,0.961540043,0,0,0,1],"scale":1,"type":"italy_rock_wall"}
{"ctxid":0,"pos":[1064.94775,1047.37598,159.263519],"rotationMatrix":[0.501062095,0.865411103,0,-0.865411103,0.501062095,0,0,0,1],"scale":1,"type":"italy_rock_wall"}
{"ctxid":0,"pos":[1169.36902,1028.54688,164.593903],"rotationMatrix":[0.741861701,-0.657356918,0.132377714,0.663193345,0.748448431,0,-0.0990778953,0.087792024,0.991199434],"scale":1,"type":"italy_rock_wall"}
{"ctxid":0,"pos":[1235,1010.5,171.933655],"rotationMatrix":[1,0,0,0,1,0,0,0,1],"scale":1,"type":"italy_rock_wall"}
{"ctxid":0,"pos":[1241,1010.5,172],"rotationMatrix":[1,0,0,0,1,0,0,0,1],"scale":1,"type":"italy_rock_wall"}
{"ctxid":0,"pos":[1247,1010.5,172.10231],"rotationMatrix":[1,0,0,0,1,0,0,0,1],"scale":1,"type":"italy_rock_wall"}
{"ctxid":0,"pos":[1227,1013,172.006821],"rotationMatrix":[4.47034836e-08,0.999999881,0,-0.999999881,4.47034836e-08,0,0,0,1],"scale":1,"type":"italy_rock_wall"}
{"ctxid":0,"pos":[1245.56689,1023.49225,172.14801],"rotationMatrix":[1,0,0,0,1,0,0,0,1],"scale":1,"type":"italy_rock_wall"}
{"ctxid":0,"pos":[1248.59741,1020.52972,172.066162],"rotationMatrix":[-2.98023224e-08,0.999999821,0,-0.999999821,-2.98023224e-08,0,0,0,1],"scale":1,"type":"italy_rock_wall"}
{"ctxid":0,"pos":[1248.57324,1013.88159,172.139435],"rotationMatrix":[-2.98023224e-08,0.999999881,0,-0.999999881,-2.98023224e-08,0,0,0,1],"scale":1,"type":"italy_rock_wall"}
{"ctxid":0,"pos":[258.659576,585.279785,178.298264],"rotationMatrix":[0.568539619,-0.822655916,0,0.822655916,0.568539619,0,0,0,1],"scale":1,"type":"italy_rock_wall"}
{"ctxid":0,"pos":[251.29808,575.824341,178.337799],"rotationMatrix":[0.99805373,-0.062359184,0,0.062359184,0.99805373,0,0,0,1],"scale":1,"type":"italy_rock_wall"}
{"ctxid":0,"pos":[384.956482,-1288.33313,360.554657],"rotationMatrix":[0.684753895,-0.727098286,0.0494011715,0.727987111,0.685590982,0,-0.0338689983,0.0359634161,0.998778999],"scale":1,"type":"italy_rock_wall"}
{"ctxid":0,"pos":[396.228424,-1274.00183,361.660858],"rotationMatrix":[0.624357641,0.781138301,0,-0.781138301,0.624357641,0,0,0,1],"scale":1,"type":"italy_rock_wall"}
{"ctxid":0,"pos":[396.43866,-1278.41748,361.71936],"rotationMatrix":[0.725909114,-0.687790751,0,0.687790751,0.725909114,0,0,0,1],"scale":1,"type":"italy_rock_wall"}
{"ctxid":0,"pos":[400.201508,-1269.50745,361.587402],"rotationMatrix":[0.695338547,0.718682349,0,-0.718682349,0.695338547,0,0,0,1],"scale":1,"type":"italy_rock_wall"}
{"ctxid":0,"pos":[404.624298,-1269.46619,361.61734],"rotationMatrix":[-0.736636102,0.676289678,0,-0.676289678,-0.736636102,0,0,0,1],"scale":1,"type":"italy_rock_wall"}
{"ctxid":0,"pos":[398.697571,-1134.29749,350.750275],"rotationMatrix":[0.813957512,0.580924153,0,-0.580924153,0.813957512,0,0,0,1],"scale":1,"type":"italy_rock_wall"}
{"ctxid":0,"pos":[388.230011,-1163.06885,350.906586],"rotationMatrix":[0.226334438,-0.974049389,0,0.974049389,0.226334438,0,0,0,1],"scale":1,"type":"italy_rock_wall"}
{"ctxid":0,"pos":[390.000519,-1168.98804,351.001587],"rotationMatrix":[-0.337630093,0.941278815,0,-0.941278815,-0.337630093,0,0,0,1],"scale":1,"type":"italy_rock_wall"}
{"ctxid":0,"pos":[459.551636,-1085.15259,347.490143],"rotationMatrix":[0.02759948,0.999618769,0,-0.999618769,0.02759948,0,0,0,1],"scale":1,"type":"italy_rock_wall"}
{"ctxid":0,"pos":[458.605865,-1091.047,347.64679],"rotationMatrix":[0.271944731,0.961982727,-0.0252025835,-0.962288439,0.272031158,0,0.00685588829,0.0242521577,0.999682307],"scale":1,"type":"italy_rock_wall"}
{"ctxid":0,"pos":[353.387421,-1141.90637,339.852783],"rotationMatrix":[0.519354641,0.852800608,0.0547876731,-0.854083538,0.520135939,0,-0.0284970328,-0.0467932522,0.998497963],"scale":1,"type":"italy_rock_wall"}
{"ctxid":0,"pos":[349.923126,-1159.2688,339.011871],"rotationMatrix":[-0.0122778555,-0.999924719,0,0.999924719,-0.0122778555,0,0,0,1],"scale":1,"type":"italy_rock_wall"}
{"ctxid":0,"pos":[371.995178,-1331.62598,362.244446],"rotationMatrix":[0.802157283,0.597112477,0,-0.597112477,0.802157283,0,0,0,1],"scale":1,"type":"italy_rock_wall"}
{"ctxid":0,"pos":[321.953064,-1363.81604,366.605255],"rotationMatrix":[0.975183427,0.211433038,-0.0656742603,-0.211890489,0.977293372,0,0.0641830266,0.0139157493,0.99784112],"scale":1,"type":"italy_rock_wall"}
{"ctxid":0,"pos":[1042.61816,857.198059,180.355316],"rotationMatrix":[0.999863029,-0.0165465474,0,0.0165465474,0.999863029,0,0,0,1],"scale":1,"type":"italy_rock_wall"}
{"ctxid":0,"pos":[1036.69824,856.46875,180.522736],"rotationMatrix":[0.966781139,0.255604893,0,-0.255604893,0.966781139,0,0,0,1],"scale":1,"type":"italy_rock_wall"}
{"ctxid":0,"pos":[1014.78491,851.503357,180.642181],"rotationMatrix":[0.937945843,0.34678179,0,-0.34678179,0.937945843,0,0,0,1],"scale":1,"type":"italy_rock_wall"}
{"ctxid":0,"pos":[1009.09039,849.531311,180.648132],"rotationMatrix":[-0.947216451,-0.320594698,0,0.320594698,-0.947216451,0,0,0,1],"scale":1,"type":"italy_rock_wall"}
{"ctxid":0,"pos":[-589.05957,-857.553528,437.631653],"rotationMatrix":[0.987220228,0.159362361,0,-0.159362361,0.987220228,0,0,0,1],"scale":1,"type":"italy_rock_wall"}
{"ctxid":0,"pos":[982.536743,837.997925,180.665588],"rotationMatrix":[0.872015238,0.489478379,0,-0.489478379,0.872015238,0,0,0,1],"scale":1,"type":"italy_rock_wall"}
{"ctxid":0,"pos":[966.595276,829.085022,180.661804],"rotationMatrix":[0.850170732,0.526507378,0,-0.526507378,0.850170732,0,0,0,1],"scale":1,"type":"italy_rock_wall"}
{"ctxid":0,"pos":[1087.83337,-88.8515015,260.52478],"rotationMatrix":[0.52009511,0.854108334,0,-0.854108334,0.52009511,0,0,0,1],"scale":1,"type":"italy_rock_wall"}
{"ctxid":0,"pos":[1080.27783,-105.305321,260.645966],"rotationMatrix":[0.263205051,0.964740098,0,-0.964740098,0.263205051,0,0,0,1],"scale":1,"type":"italy_rock_wall"}
{"ctxid":0,"pos":[1078.86023,-111.255928,260.677582],"rotationMatrix":[0.20504114,0.978753388,0,-0.978753388,0.20504114,0,0,0,1],"scale":1,"type":"italy_rock_wall"}
{"ctxid":0,"pos":[1091.40576,-83.924324,260.515991],"rotationMatrix":[0.654052854,0.756448686,0,-0.756448686,0.654052854,0,0,0,1],"scale":1,"type":"italy_rock_wall"}
{"ctxid":0,"pos":[1105.30005,-72.5684433,260.406464],"rotationMatrix":[0.85016185,0.526521981,0,-0.526521981,0.85016185,0,0,0,1],"scale":1,"type":"italy_rock_wall"}
{"ctxid":0,"pos":[1062.93665,-79.9201889,266.23407],"rotationMatrix":[0.959651947,-0.281190932,0,0.281190932,0.959651947,0,0,0,1],"scale":1,"type":"italy_rock_wall"}
{"ctxid":0,"pos":[1077.36194,-132.651825,260.620789],"rotationMatrix":[-0.0937835127,0.995592535,0,-0.995592535,-0.0937835127,0,0,0,1],"scale":1,"type":"italy_rock_wall"}
{"ctxid":0,"pos":[1080.17493,-151.668625,260.698883],"rotationMatrix":[-0.242328972,0.970194221,0,-0.970194221,-0.242328972,0,0,0,1],"scale":1,"type":"italy_rock_wall"}
{"ctxid":0,"pos":[-1627.88,-423.847015,216.706146],"rotationMatrix":[0.209258974,0.977860212,0,-0.977860212,0.209258974,0,0,0,1],"scale":1,"type":"italy_rock_wall"}
{"ctxid":0,"pos":[-1626.44055,-484.237549,215.898926],"rotationMatrix":[0.494358033,0.869258463,0,-0.869258463,0.494358033,0,0,0,1],"scale":1,"type":"italy_rock_wall"}
{"ctxid":0,"pos":[-1663.61084,-518.869507,212.92337],"rotationMatrix":[0.797332048,0.603541136,0,-0.603541136,0.797332048,0,0,0,1],"scale":1,"type":"italy_rock_wall"}
{"ctxid":0,"pos":[-1680.12537,-535.544739,210.78949],"rotationMatrix":[0.54630816,0.837584674,0,-0.837584674,0.54630816,0,0,0,1],"scale":1,"type":"italy_rock_wall"}
{"ctxid":0,"pos":[-1812.73877,-246.160919,148.64386],"rotationMatrix":[0.991328478,0.131406754,0,-0.131406754,0.991328478,0,0,0,1],"scale":1,"type":"italy_rock_wall"}
{"ctxid":0,"pos":[-1806.61865,-245.229599,148.660889],"rotationMatrix":[0.987306356,0.158825666,0,-0.158825666,0.987306356,0,0,0,1],"scale":1,"type":"italy_rock_wall"}
{"ctxid":0,"pos":[-1800.64783,-243.849091,148.849487],"rotationMatrix":[0.97252363,0.232805014,0,-0.232805014,0.97252363,0,0,0,1],"scale":1,"type":"italy_rock_wall"}
{"ctxid":0,"pos":[-1771.28503,-239.291016,150.286682],"rotationMatrix":[0.999875188,-0.0157936886,0,0.0157936886,0.999875188,0,0,0,1],"scale":1,"type":"italy_rock_wall"}
{"ctxid":0,"pos":[-1814.34875,-261.261658,149.66153],"rotationMatrix":[0.142715201,-0.989763856,0,0.989763856,0.142715201,0,0,0,1],"scale":1,"type":"italy_rock_wall"}
{"ctxid":0,"pos":[-1814.39258,-285.370789,151.093735],"rotationMatrix":[0.157325134,0.9875471,0,-0.9875471,0.157325134,0,0,0,1],"scale":1,"type":"italy_rock_wall"}
{"ctxid":0,"pos":[-1865.19714,-138.293427,149.065201],"rotationMatrix":[0.291832864,-0.956469417,0,0.956469417,0.291832864,0,0,0,1],"scale":1,"type":"italy_rock_wall"}
{"ctxid":0,"pos":[-1863.46228,-133.814453,149.474731],"rotationMatrix":[0.865614295,0.500711024,0,-0.500711024,0.865614295,0,0,0,1],"scale":1,"type":"italy_rock_wall"}
{"ctxid":0,"pos":[-1863.38708,-144.089798,148.814117],"rotationMatrix":[0.308997393,-0.951062977,0,0.951062977,0.308997393,0,0,0,1],"scale":1,"type":"italy_rock_wall"}
{"ctxid":0,"pos":[-1861.13367,-149.904343,149.058655],"rotationMatrix":[-0.412822127,0.910811245,0,-0.910811245,-0.412822127,0,0,0,1],"scale":1,"type":"italy_rock_wall"}
{"ctxid":0,"pos":[-1859.1217,-155.628189,148.906494],"rotationMatrix":[0.256863207,-0.966447651,0,0.966447651,0.256863207,0,0,0,1],"scale":1,"type":"italy_rock_wall"}
{"ctxid":0,"pos":[-1781.08765,-106.514473,152.146606],"rotationMatrix":[0.999647975,0.0265317224,0,-0.0265317224,0.999647975,0,0,0,1],"scale":1,"type":"italy_rock_wall"}
{"ctxid":0,"pos":[-1787.14258,-106.997917,152.00563],"rotationMatrix":[0.994151771,0.107992522,0,-0.107992522,0.994151771,0,0,0,1],"scale":1,"type":"italy_rock_wall"}
{"ctxid":0,"pos":[-1762.91272,-107.037788,152.918869],"rotationMatrix":[0.998162806,-0.0156975184,0.0585204475,0.0157244653,0.99987638,0,-0.0585132129,0.000920202758,0.998286307],"scale":1,"type":"italy_rock_wall"}
{"ctxid":0,"pos":[-1728.85706,-108.766029,155.06488],"rotationMatrix":[0.999994874,0.00319460966,0,-0.00319460966,0.999994874,0,0,0,1],"scale":1,"type":"italy_rock_wall"}
{"ctxid":0,"pos":[-1751.51794,-86.534729,155.18605],"rotationMatrix":[-0.158901334,0.987294197,0,-0.987294197,-0.158901334,0,0,0,1],"scale":1,"type":"italy_rock_wall"}
{"ctxid":0,"pos":[-1808.50671,-400.896484,159.514328],"rotationMatrix":[-0.331917882,0.943308353,0,-0.943308353,-0.331917882,0,0,0,1],"scale":1,"type":"italy_rock_wall"}
{"ctxid":0,"pos":[-1811.02759,-395.527069,158.742935],"rotationMatrix":[-0.519872427,0.849111378,-0.0934999213,-0.852847457,-0.522159874,0,-0.0488219112,0.0797411725,0.995619297],"scale":1,"type":"italy_rock_wall"}
{"ctxid":0,"pos":[-1817.70459,-378.538696,157.407196],"rotationMatrix":[-0.325257957,0.945625067,0,-0.945625067,-0.325257957,0,0,0,1],"scale":1,"type":"italy_rock_wall"}
{"ctxid":0,"pos":[653.207642,517.501648,178.915466],"rotationMatrix":[0.735054791,-0.67800802,0,0.67800802,0.735054791,0,0,0,1],"scale":1,"type":"italy_rock_wall"}
{"ctxid":0,"pos":[690.500244,485.679626,178.936218],"rotationMatrix":[0.764755368,-0.644320786,0,0.644320786,0.764755368,0,0,0,1],"scale":1,"type":"italy_rock_wall"}
{"ctxid":0,"pos":[685.598511,489.453308,179.258606],"rotationMatrix":[0.84133637,-0.540511966,0,0.540511966,0.84133637,0,0,0,1],"scale":1,"type":"italy_rock_wall"}
{"ctxid":0,"pos":[810.503906,389.484314,179.205994],"rotationMatrix":[0.444789439,0.895635247,0,-0.895635247,0.444789439,0,0,0,1],"scale":1,"type":"italy_rock_wall"}
{"ctxid":0,"pos":[813.427246,394.887665,179.299957],"rotationMatrix":[0.514966309,0.857210755,0,-0.857210755,0.514966309,0,0,0,1],"scale":1,"type":"italy_rock_wall"}
{"ctxid":0,"pos":[817.773865,396.3367,179.778137],"rotationMatrix":[0.917207301,-0.398410499,0,0.398410499,0.917207301,0,0,0,1],"scale":1,"type":"italy_rock_wall"}
{"ctxid":0,"pos":[816.339722,400.364685,179.443909],"rotationMatrix":[0.464695394,0.885470629,0,-0.885470629,0.464695394,0,0,0,1],"scale":1,"type":"italy_rock_wall"}
{"ctxid":0,"pos":[803.296326,370.993713,178.672302],"rotationMatrix":[0.365351558,0.93086952,0,-0.93086952,0.365351558,0,0,0,1],"scale":1,"type":"italy_rock_wall"}
{"ctxid":0,"pos":[785.613098,319.304596,174.726074],"rotationMatrix":[0.268851101,0.963181734,0,-0.963181734,0.268851101,0,0,0,1],"scale":1,"type":"italy_rock_wall"}
{"ctxid":0,"pos":[784.632446,313.386536,174.725433],"rotationMatrix":[0.0653735548,0.997860491,0,-0.997860491,0.0653735548,0,0,0,1],"scale":1,"type":"italy_rock_wall"}
{"ctxid":0,"pos":[783.789062,269.303284,176.907028],"rotationMatrix":[-0.0364277028,0.999336123,0,-0.999336123,-0.0364277028,0,0,0,1],"scale":1,"type":"italy_rock_wall"}
{"ctxid":0,"pos":[784.324463,251.109756,179.020996],"rotationMatrix":[-0.118323244,0.992975235,0,-0.992975235,-0.118323244,0,0,0,1],"scale":1,"type":"italy_rock_wall"}
{"ctxid":0,"pos":[791.641357,326.823029,175.372879],"rotationMatrix":[0.949983239,-0.31230104,0,0.31230104,0.949983239,0,0,0,1],"scale":1,"type":"italy_rock_wall"}
{"ctxid":0,"pos":[-794.163086,488.561829,262.177795],"rotationMatrix":[0.405815661,0.913955033,0,-0.913955033,0.405815631,0,0,0,1],"scale":1,"type":"italy_rock_wall"}
{"ctxid":0,"pos":[-786.485474,504.839813,262.603333],"rotationMatrix":[0.472102821,0.881543756,0,-0.881543756,0.472102821,0,0,0,1],"scale":1,"type":"italy_rock_wall"}
{"ctxid":0,"pos":[-806.932617,467.899933,261.08551],"rotationMatrix":[0.534062922,0.84544456,0,-0.84544456,0.534062922,0,0,0,1],"scale":1,"type":"italy_rock_wall"}
{"ctxid":0,"pos":[-855.250183,400.722504,257.239349],"rotationMatrix":[0.336213768,0.941785574,0,-0.941785574,0.336213768,0,0,0,1],"scale":1,"type":"italy_rock_wall"}
{"ctxid":0,"pos":[-857.563721,395.006622,257.063629],"rotationMatrix":[0.426293403,0.904584646,0,-0.904584646,0.426293403,0,0,0,1],"scale":1,"type":"italy_rock_wall"}
{"ctxid":0,"pos":[-899.064392,344.009644,256.551697],"rotationMatrix":[0.441006154,0.89750427,0,-0.89750427,0.441006154,0,0,0,1],"scale":1,"type":"italy_rock_wall"}
{"ctxid":0,"pos":[-901.576355,338.427826,256.463867],"rotationMatrix":[0.379166484,0.925328195,0,-0.925328195,0.379166484,0,0,0,1],"scale":1,"type":"italy_rock_wall"}
{"ctxid":0,"pos":[-631.144104,157.524597,191.522552],"rotationMatrix":[0.767005205,0.641640604,0,-0.641640604,0.767005205,0,0,0,1],"scale":1,"type":"italy_rock_wall"}
{"ctxid":0,"pos":[-626.191284,161.186676,191.054001],"rotationMatrix":[0.833108187,0.553110123,0,-0.553110123,0.833108187,0,0,0,1],"scale":1,"type":"italy_rock_wall"}
{"ctxid":0,"pos":[-610.939209,170.952942,190.541016],"rotationMatrix":[0.888648629,0.458588272,0,-0.458588272,0.888648629,0,0,0,1],"scale":1,"type":"italy_rock_wall"}
{"ctxid":0,"pos":[-605.417114,173.717209,190.473846],"rotationMatrix":[0.901327312,0.433138639,0,-0.433138639,0.901327312,0,0,0,1],"scale":1,"type":"italy_rock_wall"}
{"ctxid":0,"pos":[-652.996033,149.073669,192.952255],"rotationMatrix":[0.724338531,0.689444542,0,-0.689444542,0.724338531,0,0,0,1],"scale":1,"type":"italy_rock_wall"}
{"ctxid":0,"pos":[-648.43396,153.291718,192.838882],"rotationMatrix":[-0.75059849,-0.660758317,0,0.660758317,-0.75059849,0,0,0,1],"scale":1,"type":"italy_rock_wall"}
{"ctxid":0,"pos":[-635.245239,165.077316,191.62883],"rotationMatrix":[0.787202835,0.616694629,0,-0.616694629,0.787202835,0,0,0,1],"scale":1,"type":"italy_rock_wall"}
{"ctxid":0,"pos":[-630.626038,168.659927,191.3535],"rotationMatrix":[0.807454348,0.589930117,0,-0.589930117,0.807454348,0,0,0,1],"scale":1,"type":"italy_rock_wall"}
{"ctxid":0,"pos":[-625.480835,172.095978,191.334167],"rotationMatrix":[0.865310848,0.501235843,0,-0.501235843,0.865310848,0,0,0,1],"scale":1,"type":"italy_rock_wall"}
{"ctxid":0,"pos":[-620.020508,174.982864,191.629166],"rotationMatrix":[0.901346564,0.433099031,0,-0.433099031,0.901346564,0,0,0,1],"scale":1,"type":"italy_rock_wall"}
{"ctxid":0,"pos":[355.332153,-166.626511,184.308075],"rotationMatrix":[0.663861275,0.747855723,0,-0.747855723,0.663861275,0,0,0,1],"scale":1,"type":"italy_rock_wall"}
{"ctxid":0,"pos":[359.370789,-162.082336,184.452133],"rotationMatrix":[0.667548239,0.743070185,0.0471828207,-0.74389869,0.668292522,0,-0.03153193,-0.0350992419,0.998886287],"scale":1,"type":"italy_rock_wall"}
{"ctxid":0,"pos":[327.276978,-167.527802,184.214371],"rotationMatrix":[0.802452445,-0.596715808,0,0.596715808,0.802452445,0,0,0,1],"scale":1,"type":"italy_rock_wall"}
{"ctxid":0,"pos":[376.378754,-142.846542,184.383759],"rotationMatrix":[0.604118824,0.796894431,0,-0.796894431,0.604118824,0,0,0,1],"scale":1,"type":"italy_rock_wall"}
{"ctxid":0,"pos":[380.000031,-138.074081,184.400009],"rotationMatrix":[0.612245083,0.790667772,0,-0.790667772,0.612245083,0,0,0,1],"scale":1,"type":"italy_rock_wall"}
{"ctxid":0,"pos":[383.651642,-133.12117,184.508881],"rotationMatrix":[0.569483936,0.82200259,0,-0.82200259,0.569483936,0,0,0,1],"scale":1,"type":"italy_rock_wall"}
{"ctxid":0,"pos":[387.262939,-128.112289,184.52951],"rotationMatrix":[0.602219045,0.798330963,0,-0.798330963,0.602219045,0,0,0,1],"scale":1,"type":"italy_rock_wall"}
{"ctxid":0,"pos":[390.941254,-123.121536,184.620117],"rotationMatrix":[0.589273751,0.807933629,0,-0.807933629,0.589273751,0,0,0,1],"scale":1,"type":"italy_rock_wall"}
{"ctxid":0,"pos":[394.313599,-118.11544,184.579376],"rotationMatrix":[-0.530064642,-0.847957134,0,0.847957134,-0.530064642,0,0,0,1],"scale":1,"type":"italy_rock_wall"}
{"ctxid":0,"pos":[397.591248,-113.001045,184.562546],"rotationMatrix":[0.583037734,0.812445104,0,-0.812445104,0.583037734,0,0,0,1],"scale":1,"type":"italy_rock_wall"}
{"ctxid":0,"pos":[408.649017,-96.9292984,184.774628],"rotationMatrix":[0.549873054,0.835248649,0,-0.835248649,0.549873054,0,0,0,1],"scale":1,"type":"italy_rock_wall"}
