{"ctxid":0,"pos":[1864,-1331.19995,158.5],"rotationMatrix":[-0.93087244,-0.341158658,0.130718246,0.344099969,-0.938933015,-9.15531491e-05,0.122766912,0.0448949188,0.991419554],"scale":1,"type":"italy_rock_wall_a_damaged"}
{"ctxid":0,"pos":[36.3745461,-11.8601151,214.287994],"rotationMatrix":[0.283116579,-0.959085524,0,0.959085524,0.283116579,0,0,0,1],"scale":1,"type":"italy_rock_wall_a_damaged"}
{"ctxid":0,"pos":[34.2820435,-28.7503147,215.266006],"rotationMatrix":[0.599308491,0.800518155,0,-0.800518155,0.599308491,0,0,0,1],"scale":1,"type":"italy_rock_wall_a_damaged"}
{"ctxid":0,"pos":[179.063995,-735.609009,285.597992],"rotationMatrix":[-0.858977675,0.512013018,0,-0.512013018,-0.858977675,0,0,0,1],"scale":1,"type":"italy_rock_wall_a_damaged"}
{"ctxid":0,"pos":[161.757996,-735.968018,286.303009],"rotationMatrix":[0.894291997,0.447483867,0,-0.447483867,0.894291997,0,0,0,1],"scale":1,"type":"italy_rock_wall_a_damaged"}
{"ctxid":0,"pos":[155.772995,-741.934021,286.588989],"rotationMatrix":[-0.578509212,-0.815675855,0,0.815675855,-0.578509212,0,0,0,1],"scale":1,"type":"italy_rock_wall_a_damaged"}
{"ctxid":0,"pos":[162.871994,-748.562988,286.462006],"rotationMatrix":[-0.64454782,-0.762069464,0.0617106445,0.763525367,-0.645777822,1.69367122e-05,0.0398384593,0.0471285582,0.998094082],"scale":1,"type":"italy_rock_wall_a_damaged"}
{"ctxid":0,"pos":[150.401993,-752.919006,287.404999],"rotationMatrix":[0.337732077,0.940721989,-0.0312919095,-0.941182792,0.337897778,7.75572244e-06,0.0105807632,0.0294487886,0.999510288],"scale":1,"type":"italy_rock_wall_a_damaged"}
{"ctxid":0,"pos":[153.580994,-770.122009,289.622986],"rotationMatrix":[0.308147669,0.948113382,-0.0782690868,-0.951029718,0.309099436,4.7469839e-05,0.0242379382,0.074421607,0.996932268],"scale":1,"type":"italy_rock_wall_a_damaged"}
{"ctxid":0,"pos":[163.602997,-797.184021,282.566986],"rotationMatrix":[0.0519355536,-0.998650432,0,0.998650432,0.0519355536,0,0,0,1],"scale":1,"type":"italy_rock_wall_a_damaged"}
{"ctxid":0,"pos":[96.2796021,-930.312012,307.686005],"rotationMatrix":[-0.238108516,-0.971238554,0,0.971238554,-0.238108516,0,0,0,1],"scale":1,"type":"italy_rock_wall_a_damaged"}
{"ctxid":0,"pos":[97.7945023,-924.768982,306.897003],"rotationMatrix":[0.269642949,0.962960362,0,-0.962960362,0.269642949,0,0,0,1],"scale":1,"type":"italy_rock_wall_a_damaged"}
{"ctxid":0,"pos":[99.5128021,-919.026001,306.037994],"rotationMatrix":[-0.281920671,-0.959437728,0,0.959437728,-0.281920671,0,0,0,1],"scale":1,"type":"italy_rock_wall_a_damaged"}
{"ctxid":0,"pos":[93.0644989,-948.138,309.292999],"rotationMatrix":[0.0610020161,0.998137653,0,-0.998137653,0.0610020161,0,0,0,1],"scale":1,"type":"italy_rock_wall_a_damaged"}
{"ctxid":0,"pos":[252.837997,-1108.06995,324.803009],"rotationMatrix":[-0.281600475,0.959531724,0,-0.959531724,-0.281600475,0,0,0,1],"scale":1,"type":"italy_rock_wall_a_damaged"}
{"ctxid":0,"pos":[254.048996,-1114.14001,324.904999],"rotationMatrix":[0.172330141,-0.985039234,0,0.985039234,0.172330141,0,0,0,1],"scale":1,"type":"italy_rock_wall_a_damaged"}
{"ctxid":0,"pos":[254.869995,-1120.23999,324.989014],"rotationMatrix":[-0.161288023,0.986907363,0,-0.986907363,-0.161288023,0,0,0,1],"scale":1,"type":"italy_rock_wall_a_damaged"}
{"ctxid":0,"pos":[272.107086,-1172.5929,327.481995],"rotationMatrix":[-0.327865243,0.94472456,0,-0.94472456,-0.327865243,0,0,0,1],"scale":1,"type":"italy_rock_wall_a_damaged"}
{"ctxid":0,"pos":[265.90799,-1155.57996,326.70401],"rotationMatrix":[0.356972933,-0.929747403,0.0902227238,0.933556616,0.358429909,-5.74535661e-05,-0.0322851054,0.0842485353,0.995921612],"scale":1,"type":"italy_rock_wall_a_damaged"}
{"ctxid":0,"pos":[263.532013,-1149.08997,326.218994],"rotationMatrix":[-0.348081946,0.937464118,0,-0.937464118,-0.348081946,0,0,0,1],"scale":1,"type":"italy_rock_wall_a_damaged"}
{"ctxid":0,"pos":[261.428009,-1143.45996,325.752991],"rotationMatrix":[0.377334833,-0.918155193,0.120869629,0.924935699,0.380123615,1.66751888e-05,-0.0459607095,0.111790337,0.99266839],"scale":1,"type":"italy_rock_wall_a_damaged"}
{"ctxid":0,"pos":[197.045044,-1054.73657,321.825989],"rotationMatrix":[0.95263958,-0.304101616,0,0.304101586,0.95263958,0,0,0,1],"scale":1,"type":"italy_rock_wall_a_damaged"}
{"ctxid":0,"pos":[218.81218,-1065.43372,322.868011],"rotationMatrix":[-0.832240582,0.55441469,0,-0.55441469,-0.832240582,0,0,0,1],"scale":1,"type":"italy_rock_wall_a_damaged"}
{"ctxid":0,"pos":[244.546997,-1091.70996,324.330994],"rotationMatrix":[0.552731156,-0.833359599,0,0.833359599,0.552731156,0,0,0,1],"scale":1,"type":"italy_rock_wall_a_damaged"}
{"ctxid":0,"pos":[1117.79004,603.325012,186.192001],"rotationMatrix":[-0.994803429,-0.101814233,0,0.101814233,-0.994803429,0,0,0,1],"scale":1,"type":"italy_rock_wall_a_damaged"}
{"ctxid":0,"pos":[1073.43005,575.942017,181.875],"rotationMatrix":[-0.864511728,-0.498711079,-0.0625037402,0.499689668,-0.8662045,-2.8551096e-05,-0.0541267842,-0.0312571563,0.998044729],"scale":1,"type":"italy_rock_wall_a_damaged"}
{"ctxid":0,"pos":[1047.56006,578.062012,181.742996],"rotationMatrix":[0.697358012,-0.716722965,0,0.716722965,0.697358012,0,0,0,1],"scale":1,"type":"italy_rock_wall_a_damaged"}
{"ctxid":0,"pos":[354.235992,1789.89001,186.667999],"rotationMatrix":[0.226232052,0.97407341,0,-0.97407341,0.226232052,0,0,0,1],"scale":1,"type":"italy_rock_wall_a_damaged"}
{"ctxid":0,"pos":[362.196991,1785.82996,184.932007],"rotationMatrix":[0.0364103317,0.996038973,0.0811214596,-0.999332726,0.0365250111,7.02978141e-05,-0.00289294287,-0.0810698941,0.996704221],"scale":1,"type":"italy_rock_wall_a_damaged"}
{"ctxid":0,"pos":[959.638,657.315979,188.483002],"rotationMatrix":[0.700461984,-0.713689744,0,0.713689744,0.700461984,0,0,0,1],"scale":1,"type":"italy_rock_wall_a_damaged"}
{"ctxid":0,"pos":[955.666016,661.429993,188.544998],"rotationMatrix":[-0.683612585,0.729845047,0,-0.729845047,-0.683612585,0,0,0,1],"scale":1,"type":"italy_rock_wall_a_damaged"}
{"ctxid":0,"pos":[934.935974,683.190979,188.065994],"rotationMatrix":[0.741231799,-0.671249151,0,0.671249151,0.741231799,0,0,0,1],"scale":1,"type":"italy_rock_wall_a_damaged"}
{"ctxid":0,"pos":[932.369995,681.315979,188.110001],"rotationMatrix":[0.685416937,0.728150845,0,-0.728150845,0.685416937,0,0,0,1],"scale":1,"type":"italy_rock_wall_a_damaged"}
{"ctxid":0,"pos":[924.893982,671.53302,187.873993],"rotationMatrix":[-0.564326763,-0.82555151,0,0.82555151,-0.564326763,0,0,0,1],"scale":1,"type":"italy_rock_wall_a_damaged"}
{"ctxid":0,"pos":[914.604004,650.174011,189.401993],"rotationMatrix":[-0.438547254,-0.898708105,0,0.898708105,-0.438547254,0,0,0,1],"scale":1,"type":"italy_rock_wall_a_damaged"}
{"ctxid":0,"pos":[911.969971,644.403992,190.177002],"rotationMatrix":[-0.379460573,-0.925207913,0,0.925207913,-0.379460573,0,0,0,1],"scale":1,"type":"italy_rock_wall_a_damaged"}
{"ctxid":0,"pos":[660.594971,390.161987,170.667999],"rotationMatrix":[-0.752941012,0.658088028,0,-0.658088028,-0.752941012,0,0,0,1],"scale":1,"type":"italy_rock_wall_a_damaged"}
{"ctxid":0,"pos":[646.231018,405.671997,171.106995],"rotationMatrix":[-0.152465701,-0.988308787,0,0.988308787,-0.152465701,0,0,0,1],"scale":1,"type":"italy_rock_wall_a_damaged"}
{"ctxid":0,"pos":[638.01001,392.796997,171.212006],"rotationMatrix":[0.976325035,-0.216308638,0,0.216308638,0.976325035,0,0,0,1],"scale":1,"type":"italy_rock_wall_a_damaged"}
{"ctxid":0,"pos":[648.611023,387.257996,170.757004],"rotationMatrix":[-0.789075255,0.614296556,0,-0.614296556,-0.789075255,0,0,0,1],"scale":1,"type":"italy_rock_wall_a_damaged"}
{"ctxid":0,"pos":[630.078003,393.70401,171.574005],"rotationMatrix":[-0.994803429,-0.101814233,0,0.101814233,-0.994803429,0,0,0,1],"scale":1,"type":"italy_rock_wall_a_damaged"}
{"ctxid":0,"pos":[615.726013,412.734009,171.927002],"rotationMatrix":[0.779020548,-0.626998365,0,0.626998365,0.779020548,0,0,0,1],"scale":1,"type":"italy_rock_wall_a_damaged"}
{"ctxid":0,"pos":[615.755005,396.278992,172.042999],"rotationMatrix":[0.965782642,0.259352833,0,-0.259352833,0.965782642,0,0,0,1],"scale":1,"type":"italy_rock_wall_a_damaged"}
{"ctxid":0,"pos":[612.080017,390.441986,172.529007],"rotationMatrix":[0.971343756,0.237679005,0,-0.237679005,0.971343756,0,0,0,1],"scale":1,"type":"italy_rock_wall_a_damaged"}
{"ctxid":0,"pos":[608.830994,418.381989,172.268997],"rotationMatrix":[-0.761188984,0.648530126,0,-0.648530126,-0.761188984,0,0,0,1],"scale":1,"type":"italy_rock_wall_a_damaged"}
{"ctxid":0,"pos":[606.43103,389.19101,173.100998],"rotationMatrix":[-0.972892523,-0.231257737,0,0.231257737,-0.972892523,0,0,0,1],"scale":1,"type":"italy_rock_wall_a_damaged"}
{"ctxid":0,"pos":[588.583984,384.950012,173.794998],"rotationMatrix":[0.969889402,0.243545786,0,-0.243545786,0.969889402,0,0,0,1],"scale":1,"type":"italy_rock_wall_a_damaged"}
{"ctxid":0,"pos":[609.130005,394.768005,172.701996],"rotationMatrix":[-0.968176007,-0.236346006,0.0823151395,0.237147823,-0.971473575,-3.72607537e-05,0.0799757838,0.0194847807,0.99660635],"scale":1,"type":"italy_rock_wall_a_damaged"}
{"ctxid":0,"pos":[579.544006,387.582001,174.084],"rotationMatrix":[0.971487284,0.23709166,0,-0.23709166,0.971487284,0,0,0,1],"scale":1,"type":"italy_rock_wall_a_damaged"}
{"ctxid":0,"pos":[581.314026,383.377991,173.990005],"rotationMatrix":[-0.972501636,-0.230876163,0.0306066126,0.230985239,-0.972957253,2.89215059e-05,0.0297722481,0.00709780166,0.999531507],"scale":1,"type":"italy_rock_wall_a_damaged"}
{"ctxid":0,"pos":[563.562012,379.074005,174.389008],"rotationMatrix":[0.971007705,0.239048198,0,-0.239048198,0.971007705,0,0,0,1],"scale":1,"type":"italy_rock_wall_a_damaged"}
{"ctxid":0,"pos":[161.584,712.101013,171.444],"rotationMatrix":[-0.923152685,-0.384433508,0,0.384433508,-0.923152685,0,0,0,1],"scale":1,"type":"italy_rock_wall_a_damaged"}
{"ctxid":0,"pos":[156.054993,709.692017,171.509995],"rotationMatrix":[0.910535574,0.413430721,0,-0.413430721,0.910535574,0,0,0,1],"scale":1,"type":"italy_rock_wall_a_damaged"}
{"ctxid":0,"pos":[158.514008,722.43103,171.423996],"rotationMatrix":[0.908322334,0.418270886,0,-0.418270886,0.908322334,0,0,0,1],"scale":1,"type":"italy_rock_wall_a_damaged"}
{"ctxid":0,"pos":[169.796005,727.142029,171.255005],"rotationMatrix":[-0.929040909,-0.369977027,0,0.369977027,-0.929040909,0,0,0,1],"scale":1,"type":"italy_rock_wall_a_damaged"}
{"ctxid":0,"pos":[279.748993,309.359985,181.029999],"rotationMatrix":[0.684305429,0.729195476,0,-0.729195476,0.684305429,0,0,0,1],"scale":1,"type":"italy_rock_wall_a_damaged"}
{"ctxid":0,"pos":[273.580994,299.390015,181.436996],"rotationMatrix":[-0.467184544,0.884159803,0,-0.884159803,-0.467184544,0,0,0,1],"scale":1,"type":"italy_rock_wall_a_damaged"}
{"ctxid":0,"pos":[259.181,306.877991,182.768005],"rotationMatrix":[0.951308489,0.292776316,-0.0964063555,-0.293548316,0.955922842,0.00639540656,0.0940294638,0.0222159214,0.995321512],"scale":1,"type":"italy_rock_wall_a_damaged"}
{"ctxid":0,"pos":[282.01001,293.850006,181.593002],"rotationMatrix":[0.340358973,-0.940295577,0,0.940295577,0.340358973,0,0,0,1],"scale":1,"type":"italy_rock_wall_a_damaged"}
{"ctxid":0,"pos":[284.493988,288.36499,181.807007],"rotationMatrix":[-0.465129614,0.885242581,0,-0.885242581,-0.465129614,0,0,0,1],"scale":1,"type":"italy_rock_wall_a_damaged"}
{"ctxid":0,"pos":[289.281006,279.181,182.035995],"rotationMatrix":[0.453987598,-0.891008019,0,0.891008019,0.453987598,0,0,0,1],"scale":1,"type":"italy_rock_wall_a_damaged"}
{"ctxid":0,"pos":[298.23999,263.266998,182.511993],"rotationMatrix":[-0.569654465,0.821787536,-0.0126101356,-0.821852505,-0.56970036,-5.78101681e-05,-0.00723150652,0.0103307394,0.999920487],"scale":1,"type":"italy_rock_wall_a_damaged"}
{"ctxid":0,"pos":[216.641998,303.640015,185.207001],"rotationMatrix":[0.972762227,0.23180519,0,-0.23180519,0.972762227,0,0,0,1],"scale":1,"type":"italy_rock_wall_a_damaged"}
{"ctxid":0,"pos":[1079.0675,1044.52258,159.211395],"rotationMatrix":[-0.907676339,0.419671059,0,-0.419671059,-0.907676339,0,0,0,1],"scale":1,"type":"italy_rock_wall_a_damaged"}
{"ctxid":0,"pos":[1083.86536,1042.00659,158.047653],"rotationMatrix":[0.720246673,-0.653780162,0.231984198,0.672115862,0.74044621,0,-0.171771839,0.155920252,0.972719669],"scale":1,"type":"italy_rock_wall_a_damaged"}
{"ctxid":0,"pos":[1008.0097,1095.34851,156.045792],"rotationMatrix":[0.0817369521,-0.95762074,0.276191503,0.996377289,0.0850450099,0,-0.0234887097,0.275190949,0.961102366],"scale":1,"type":"italy_rock_wall_a_damaged"}
{"ctxid":0,"pos":[1013.22443,1095.0498,155.950424],"rotationMatrix":[-0.0529123768,-0.920809507,0.386407673,0.998353362,-0.0573682711,0,0.0221675411,0.385771394,0.922328055],"scale":1,"type":"italy_rock_wall_a_damaged"}
{"ctxid":0,"pos":[1165.12488,1032.8811,164.155457],"rotationMatrix":[0.649889112,-0.752550304,0.106357783,0.756843328,0.653596342,0,-0.0695150644,0.0804961771,0.994327784],"scale":1,"type":"italy_rock_wall_a_damaged"}
{"ctxid":0,"pos":[1181.13269,1013.22504,166.484344],"rotationMatrix":[-0.6550982,0.751546919,-0.0776161253,-0.753820956,-0.657080352,0,-0.0510000363,0.0585086569,0.996983349],"scale":1,"type":"italy_rock_wall_a_damaged"}
{"ctxid":0,"pos":[246.1064,574.211853,178.284103],"rotationMatrix":[0.765705943,0.64319104,0,-0.64319104,0.765705943,0,0,0,1],"scale":1,"type":"italy_rock_wall_a_damaged"}
{"ctxid":0,"pos":[382.143433,-1271.72485,359.810699],"rotationMatrix":[-0.32919541,-0.944261909,0,0.944261909,-0.32919541,0,0,0,1],"scale":1,"type":"italy_rock_wall_a_damaged"}
{"ctxid":0,"pos":[384.827728,-1266.3844,359.271057],"rotationMatrix":[0.525225997,0.850962877,0,-0.850962877,0.525225997,0,0,0,1],"scale":1,"type":"italy_rock_wall_a_damaged"}
{"ctxid":0,"pos":[388.291077,-1261.33899,359.022888],"rotationMatrix":[-0.574217975,-0.818702579,0,0.818702579,-0.574217975,0,0,0,1],"scale":1,"type":"italy_rock_wall_a_damaged"}
{"ctxid":0,"pos":[382.186401,-1283.40479,360.396118],"rotationMatrix":[0.322193414,-0.946673751,0,0.946673751,0.322193414,0,0,0,1],"scale":1,"type":"italy_rock_wall_a_damaged"}
{"ctxid":0,"pos":[390.954987,-1304.36353,361.723389],"rotationMatrix":[0.215576634,0.976486683,0,-0.976486683,0.215576634,0,0,0,1],"scale":1,"type":"italy_rock_wall_a_damaged"}
{"ctxid":0,"pos":[400.011658,-1277.79028,362.641266],"rotationMatrix":[-0.701677024,0.712495208,0,-0.712495208,-0.701677024,0,0,0,1],"scale":1,"type":"italy_rock_wall_a_damaged"}
{"ctxid":0,"pos":[405.046082,-1277.69775,362.810303],"rotationMatrix":[0.609235764,0.790447831,0.0634324104,-0.792042911,0.610465169,0,-0.0387232788,-0.0502411947,0.997986138],"scale":1,"type":"italy_rock_wall_a_damaged"}
{"ctxid":0,"pos":[400.047729,-1273.35217,363.333282],"rotationMatrix":[0.661681533,0.749783993,0,-0.749783993,0.661681533,0,0,0,1],"scale":1,"type":"italy_rock_wall_a_damaged"}
{"ctxid":0,"pos":[404.441284,-1273.04944,363.370087],"rotationMatrix":[-0.78802222,0.615646422,0,-0.615646422,-0.78802222,0,0,0,1],"scale":1,"type":"italy_rock_wall_a_damaged"}
{"ctxid":0,"pos":[403.69928,-1131.0282,350.445557],"rotationMatrix":[-0.852157176,-0.523286223,0,0.523286223,-0.852157176,0,0,0,1],"scale":1,"type":"italy_rock_wall_a_damaged"}
{"ctxid":0,"pos":[390.71756,-1143.2135,350.963898],"rotationMatrix":[0.418183118,0.908362806,0,-0.908362806,0.418183118,0,0,0,1],"scale":1,"type":"italy_rock_wall_a_damaged"}
{"ctxid":0,"pos":[388.044189,-1151.09985,351.003479],"rotationMatrix":[-0.111471549,-0.993767679,0,0.993767679,-0.111471549,0,0,0,1],"scale":1,"type":"italy_rock_wall_a_damaged"}
{"ctxid":0,"pos":[391.68512,-1174.80994,351.077637],"rotationMatrix":[-0.249907404,0.968269765,0,-0.968269765,-0.249907404,0,0,0,1],"scale":1,"type":"italy_rock_wall_a_damaged"}
{"ctxid":0,"pos":[430.027863,-1082.69775,345.362701],"rotationMatrix":[-0.462294698,-0.886726618,0,0.886726618,-0.462294698,0,0,0,1],"scale":1,"type":"italy_rock_wall_a_damaged"}
{"ctxid":0,"pos":[427.206421,-1088.16138,345.056976],"rotationMatrix":[0.470837682,0.88222003,0,-0.88222003,0.470837682,0,0,0,1],"scale":1,"type":"italy_rock_wall_a_damaged"}
{"ctxid":0,"pos":[446.756012,-1085.474,346.215088],"rotationMatrix":[0.46917364,-0.883105457,0,0.883105457,0.46917364,0,0,0,1],"scale":1,"type":"italy_rock_wall_a_damaged"}
{"ctxid":0,"pos":[447.085693,-1090.71545,347.21225],"rotationMatrix":[-0.340662032,-0.939376473,0.0390084982,0.940092027,-0.340921551,0,0.0132988356,0.0366715752,0.999238789],"scale":1,"type":"italy_rock_wall_a_damaged"}
{"ctxid":0,"pos":[444.874268,-1096.26782,347.435425],"rotationMatrix":[0.395350873,0.918530405,0,-0.918530405,0.395350873,0,0,0,1],"scale":1,"type":"italy_rock_wall_a_damaged"}
{"ctxid":0,"pos":[438.937805,-1088.34949,345.079895],"rotationMatrix":[0.422965586,0.90165031,0.0901484713,-0.905336618,0.424694836,-1.11758691e-08,-0.0382855982,-0.0816147029,0.995928347],"scale":1,"type":"italy_rock_wall_a_damaged"}
{"ctxid":0,"pos":[456.452667,-1096.65503,347.760742],"rotationMatrix":[0.423651755,0.905825198,0,-0.905825198,0.423651755,0,0,0,1],"scale":1,"type":"italy_rock_wall_a_damaged"}
{"ctxid":0,"pos":[458.428314,-1079.34143,347.373535],"rotationMatrix":[0.392397135,-0.919795871,0,0.919795871,0.392397135,0,0,0,1],"scale":1,"type":"italy_rock_wall_a_damaged"}
{"ctxid":0,"pos":[357.302551,-1137.36108,339.977203],"rotationMatrix":[-0.775674284,-0.629628837,-0.0435474589,0.630165219,-0.7764588,0.00178828766,-0.0349387601,-0.0260549597,0.999049664],"scale":1,"type":"italy_rock_wall_a_damaged"}
{"ctxid":0,"pos":[351.145233,-1147.36487,339.695557],"rotationMatrix":[0.210418999,0.977611363,0,-0.977611363,0.210418999,0,0,0,1],"scale":1,"type":"italy_rock_wall_a_damaged"}
{"ctxid":0,"pos":[350.271851,-1153.27417,339.207703],"rotationMatrix":[-0.0585278869,-0.996338248,-0.0623285323,0.998279095,-0.0586419068,0,-0.00365506369,-0.0622212663,0.998055756],"scale":1,"type":"italy_rock_wall_a_damaged"}
{"ctxid":0,"pos":[349.734802,-1165.24902,338.615356],"rotationMatrix":[0.0624160953,0.998049974,0,-0.998049974,0.0624160953,0,0,0,1],"scale":1,"type":"italy_rock_wall_a_damaged"}
{"ctxid":0,"pos":[376.619141,-1327.80676,362.156189],"rotationMatrix":[-0.73585546,-0.677138865,0,0.677138865,-0.73585546,0,0,0,1],"scale":1,"type":"italy_rock_wall_a_damaged"}
{"ctxid":0,"pos":[367.064789,-1334.99707,362.199982],"rotationMatrix":[0.839081883,0.544005275,0,-0.544005275,0.839081883,0,0,0,1],"scale":1,"type":"italy_rock_wall_a_damaged"}
{"ctxid":0,"pos":[231.341141,-1276.40613,377.089722],"rotationMatrix":[0.157756209,-0.987478137,0,0.987478137,0.157756209,0,0,0,1],"scale":1,"type":"italy_rock_wall_a_damaged"}
{"ctxid":0,"pos":[228.462326,-1287.58752,376.61084],"rotationMatrix":[0.693506181,0.720449865,0,-0.720449865,0.693506181,0,0,0,1],"scale":1,"type":"italy_rock_wall_a_damaged"}
{"ctxid":0,"pos":[217.914795,-1293.92847,375.882324],"rotationMatrix":[-0.845347464,-0.534217119,0,0.534217119,-0.845347464,0,0,0,1],"scale":1,"type":"italy_rock_wall_a_damaged"}
{"ctxid":0,"pos":[214.176346,-1298.22986,375.853363],"rotationMatrix":[0.410413414,0.911899567,0,-0.911899567,0.410413414,0,0,0,1],"scale":1,"type":"italy_rock_wall_a_damaged"}
{"ctxid":0,"pos":[212.697998,-1303.97302,375.07309],"rotationMatrix":[0.0626732931,0.99803412,0,-0.99803412,0.0626732931,0,0,0,1],"scale":1,"type":"italy_rock_wall_a_damaged"}
{"ctxid":0,"pos":[316.14621,-1364.35132,366.907257],"rotationMatrix":[1,0,0,0,1,0,0,0,1],"scale":1,"type":"italy_rock_wall_a_damaged"}
{"ctxid":0,"pos":[327.682159,-1362.34473,365.938721],"rotationMatrix":[-0.950471163,-0.282511204,0.129584402,0.28491351,-0.958553255,0,0.124213554,0.0369203426,0.991568506],"scale":1,"type":"italy_rock_wall_a_damaged"}
{"ctxid":0,"pos":[1048.50574,857.696533,180.594315],"rotationMatrix":[-0.973193288,-0.229988217,0,0.229988217,-0.973193288,0,0,0,1],"scale":1,"type":"italy_rock_wall_a_damaged"}
{"ctxid":0,"pos":[1049.32837,865.632141,179.392166],"rotationMatrix":[0.905423224,-0.4149656,0.0895097479,0.416638017,0.90907234,0,-0.0813708305,0.0372931696,0.995985925],"scale":1,"type":"italy_rock_wall_a_damaged"}
{"ctxid":0,"pos":[1043.99414,868.189514,178.011475],"rotationMatrix":[0.894408286,-0.441052973,0.0742011592,0.442272186,0.896880865,0,-0.0665495992,0.0328171104,0.997243166],"scale":1,"type":"italy_rock_wall_a_damaged"}
{"ctxid":0,"pos":[1030.88928,855.097778,180.598053],"rotationMatrix":[0.97857672,0.205882803,0,-0.205882803,0.97857672,0,0,0,1],"scale":1,"type":"italy_rock_wall_a_damaged"}
{"ctxid":0,"pos":[1020.62567,853.203064,180.61969],"rotationMatrix":[-0.972226501,-0.234041706,0,0.234041706,-0.972226501,0,0,0,1],"scale":1,"type":"italy_rock_wall_a_damaged"}
{"ctxid":0,"pos":[1003.39752,847.443665,180.642975],"rotationMatrix":[0.927224457,0.374505967,0,-0.374505967,0.927224457,0,0,0,1],"scale":1,"type":"italy_rock_wall_a_damaged"}
{"ctxid":0,"pos":[-468.925354,-1117.34338,285.918152],"rotationMatrix":[0.778406322,0.627760649,0,-0.627760649,0.778406322,0,0,0,1],"scale":1,"type":"italy_rock_wall_a_damaged"}
{"ctxid":0,"pos":[-474.78949,-1127.32727,285.15448],"rotationMatrix":[0.0359406546,0.999354184,0,-0.999354184,0.0359406546,0,0,0,1],"scale":1,"type":"italy_rock_wall_a_damaged"}
{"ctxid":0,"pos":[-474.06839,-1133.15771,284.269684],"rotationMatrix":[-0.280327141,0.959904313,0,-0.959904313,-0.280327141,0,0,0,1],"scale":1,"type":"italy_rock_wall_a_damaged"}
{"ctxid":0,"pos":[-463.512329,-1115.04712,286.037292],"rotationMatrix":[-0.989498556,-0.144541502,0,0.144541502,-0.989498556,0,0,0,1],"scale":1,"type":"italy_rock_wall_a_damaged"}
{"ctxid":0,"pos":[-463.364471,-1142.16907,284.229553],"rotationMatrix":[0.936795115,-0.349878132,0,0.349878132,0.936795115,0,0,0,1],"scale":1,"type":"italy_rock_wall_a_damaged"}
{"ctxid":0,"pos":[-457.465637,-1143.70374,283.688354],"rotationMatrix":[-0.990217388,0.139538333,0,-0.139538333,-0.990217388,0,0,0,1],"scale":1,"type":"italy_rock_wall_a_damaged"}
{"ctxid":0,"pos":[-866.56781,-1043.16333,470.423981],"rotationMatrix":[-0.563210845,0.826071143,0.0200024284,-0.826313317,-0.563045859,-0.0136335464,4.65661332e-09,-0.0242068321,0.999707043],"scale":1,"type":"italy_rock_wall_a_damaged"}
{"ctxid":0,"pos":[-839.200012,-932.801819,471.910156],"rotationMatrix":[-0.655655205,-0.755060554,0,0.755060554,-0.655655205,0,0,0,1],"scale":1,"type":"italy_rock_wall_a_damaged"}
{"ctxid":0,"pos":[-595.048706,-858.242981,437.570892],"rotationMatrix":[0.995956898,0.0898331702,0,-0.0898331702,0.995956898,0,0,0,1],"scale":1,"type":"italy_rock_wall_a_damaged"}
{"ctxid":0,"pos":[-583.88678,-856.70575,437.406708],"rotationMatrix":[0.984675348,0.174397916,0,-0.174397901,0.984675288,0,0,0,1],"scale":1,"type":"italy_rock_wall_a_damaged"}
{"ctxid":0,"pos":[-578.008179,-855.706238,436.773956],"rotationMatrix":[-0.987477243,-0.157761961,0,0.157761961,-0.987477243,0,0,0,1],"scale":1,"type":"italy_rock_wall_a_damaged"}
{"ctxid":0,"pos":[-572.117065,-854.862793,435.368347],"rotationMatrix":[-0.971578419,-0.121265277,0.203298435,0.123851694,-0.992300808,7.45058326e-09,0.201733202,0.0251788627,0.979116917],"scale":1,"type":"italy_rock_wall_a_damaged"}
{"ctxid":0,"pos":[-606.377197,-858.843445,437.404419],"rotationMatrix":[-0.999912679,0.0132175926,0,-0.0132175935,-0.999912739,0,0,0,1],"scale":1,"type":"italy_rock_wall_a_damaged"}
{"ctxid":0,"pos":[-612.516296,-858.628052,437.171783],"rotationMatrix":[0.999872386,-0.0159763694,0,0.0159763694,0.999872386,0,0,0,1],"scale":1,"type":"italy_rock_wall_a_damaged"}
{"ctxid":0,"pos":[-790.149231,-932.766357,455.762756],"rotationMatrix":[-0.796055973,-0.602416337,0.0582189225,0.603439927,-0.797408462,0,0.046424266,0.0351316221,0.99830389],"scale":1,"type":"italy_rock_wall_a_damaged"}
{"ctxid":0,"pos":[-801.311951,-937.134644,456.692902],"rotationMatrix":[0.992070019,0.125686169,0,-0.125686169,0.992070019,0,0,0,1],"scale":1,"type":"italy_rock_wall_a_damaged"}
{"ctxid":0,"pos":[988.05835,840.580383,180.528564],"rotationMatrix":[-0.938528001,-0.345202237,0,0.345202237,-0.938528001,0,0,0,1],"scale":1,"type":"italy_rock_wall_a_damaged"}
{"ctxid":0,"pos":[977.22522,835.057312,180.671875],"rotationMatrix":[0.878224909,0.478247851,0,-0.478247851,0.878224909,0,0,0,1],"scale":1,"type":"italy_rock_wall_a_damaged"}
{"ctxid":0,"pos":[971.918945,832.212463,180.670135],"rotationMatrix":[-0.876386225,-0.481609106,0,0.481609106,-0.876386225,0,0,0,1],"scale":1,"type":"italy_rock_wall_a_damaged"}
{"ctxid":0,"pos":[961.392456,825.853699,180.6427],"rotationMatrix":[0.84214288,0.539254069,0,-0.539254069,0.84214288,0,0,0,1],"scale":1,"type":"italy_rock_wall_a_damaged"}
{"ctxid":0,"pos":[971.696228,127.353676,219.463226],"rotationMatrix":[-0.97072351,0.240200132,0,-0.240200132,-0.97072351,0,0,0,1],"scale":1,"type":"italy_rock_wall_a_damaged"}
{"ctxid":0,"pos":[975.247437,126.33744,220.992676],"rotationMatrix":[0.956067383,-0.263463467,0.128536731,0.26566726,0.964064717,0,-0.123917729,0.0341480002,0.991704583],"scale":1,"type":"italy_rock_wall_a_damaged"}
{"ctxid":0,"pos":[981.028992,124.944534,221.926788],"rotationMatrix":[0.980858684,-0.194720834,0,0.194720834,0.980858684,0,0,0,1],"scale":1,"type":"italy_rock_wall_a_damaged"}
{"ctxid":0,"pos":[986.827698,123.603828,222.116821],"rotationMatrix":[-0.966779232,0.235979244,-0.098241806,-0.237126336,-0.971478701,0,-0.0954398289,0.0232957229,0.995162547],"scale":1,"type":"italy_rock_wall_a_damaged"}
{"ctxid":0,"pos":[961.442383,129.386627,218.821381],"rotationMatrix":[0.982169688,-0.18324922,0.04198144,0.183410943,0.983036339,0,-0.04126928,0.0076998556,0.999118328],"scale":1,"type":"italy_rock_wall_a_damaged"}
{"ctxid":0,"pos":[964.163208,127.971634,219.286469],"rotationMatrix":[0.240135327,0.970739722,0,-0.970739722,0.240135327,0,0,0,1],"scale":1,"type":"italy_rock_wall_a_damaged"}
{"ctxid":0,"pos":[1095.62366,-79.5187454,260.514496],"rotationMatrix":[-0.732596099,-0.680663526,0,0.680663526,-0.732596099,0,0,0,1],"scale":1,"type":"italy_rock_wall_a_damaged"}
{"ctxid":0,"pos":[1100.20435,-75.8642883,260.338928],"rotationMatrix":[0.821183085,0.570665002,0,-0.570665002,0.821183085,0,0,0,1],"scale":1,"type":"italy_rock_wall_a_damaged"}
{"ctxid":0,"pos":[1110.41553,-69.3614655,260.37265],"rotationMatrix":[-0.846033394,-0.53312999,0,0.53312999,-0.846033394,0,0,0,1],"scale":1,"type":"italy_rock_wall_a_damaged"}
{"ctxid":0,"pos":[1084.74512,-94.1123428,260.611145],"rotationMatrix":[0.48092097,0.876764297,0,-0.876764297,0.48092097,0,0,0,1],"scale":1,"type":"italy_rock_wall_a_damaged"}
{"ctxid":0,"pos":[1082.14917,-99.5439224,260.636902],"rotationMatrix":[-0.351129502,-0.936326981,0,0.936326981,-0.351129502,0,0,0,1],"scale":1,"type":"italy_rock_wall_a_damaged"}
{"ctxid":0,"pos":[1077.72449,-117.265373,260.70871],"rotationMatrix":[0.144749522,0.989467859,0,-0.989467859,0.144749522,0,0,0,1],"scale":1,"type":"italy_rock_wall_a_damaged"}
{"ctxid":0,"pos":[1084.26294,-88.9137268,261.502472],"rotationMatrix":[-0.834518135,0.550981164,0,-0.550981164,-0.834518135,0,0,0,1],"scale":1,"type":"italy_rock_wall_a_damaged"}
{"ctxid":0,"pos":[1079.56506,-86.1286621,263.463806],"rotationMatrix":[-0.865615726,0.493084311,0.0870439857,-0.49496296,-0.86891371,0,0.0756337121,-0.0430835523,0.996204436],"scale":1,"type":"italy_rock_wall_a_damaged"}
{"ctxid":0,"pos":[1074.2218,-83.6516418,264.614075],"rotationMatrix":[-0.935940623,0.352158546,0,-0.352158546,-0.935940623,0,0,0,1],"scale":1,"type":"italy_rock_wall_a_damaged"}
{"ctxid":0,"pos":[1068.5542,-81.6766586,265.7995],"rotationMatrix":[-0.946601093,0.322407931,0,-0.322407931,-0.946601093,0,0,0,1],"scale":1,"type":"italy_rock_wall_a_damaged"}
{"ctxid":0,"pos":[1057.25659,-78.1610184,267.287659],"rotationMatrix":[-0.94941932,0.314011097,0,-0.314011097,-0.94941932,0,0,0,1],"scale":1,"type":"italy_rock_wall_a_damaged"}
{"ctxid":0,"pos":[1051.41223,-76.6516953,268.179199],"rotationMatrix":[-0.980899692,0.194514036,0,-0.194514036,-0.980899692,0,0,0,1],"scale":1,"type":"italy_rock_wall_a_damaged"}
{"ctxid":0,"pos":[1048.21655,-76.7432251,268.262634],"rotationMatrix":[-0.352308571,-0.935883641,0,0.935883641,-0.352308571,0,0,0,1],"scale":1,"type":"italy_rock_wall_a_damaged"}
{"ctxid":0,"pos":[1050.90564,-71.3834534,267.171692],"rotationMatrix":[-0.540125132,-0.841584921,0,0.841584921,-0.540125132,0,0,0,1],"scale":1,"type":"italy_rock_wall_a_damaged"}
{"ctxid":0,"pos":[1046.17175,-82.382019,268.210022],"rotationMatrix":[0.322755069,0.946482301,0,-0.946482301,0.322755069,0,0,0,1],"scale":1,"type":"italy_rock_wall_a_damaged"}
{"ctxid":0,"pos":[1054.18872,-66.1745377,266.229156],"rotationMatrix":[-0.535370529,-0.844617426,0,0.844617426,-0.535370529,0,0,0,1],"scale":1,"type":"italy_rock_wall_a_damaged"}
{"ctxid":0,"pos":[1077.04236,-126.631256,260.701782],"rotationMatrix":[-0.0130127333,-0.999915481,0,0.999915481,-0.0130127333,0,0,0,1],"scale":1,"type":"italy_rock_wall_a_damaged"}
{"ctxid":0,"pos":[1077.97241,-138.725281,260.68924],"rotationMatrix":[-0.083614409,0.996498048,0,-0.996498048,-0.083614409,0,0,0,1],"scale":1,"type":"italy_rock_wall_a_damaged"}
{"ctxid":0,"pos":[1078.74963,-145.612549,260.718292],"rotationMatrix":[0.178378925,-0.983961463,0,0.983961463,0.178378925,0,0,0,1],"scale":1,"type":"italy_rock_wall_a_damaged"}
{"ctxid":0,"pos":[1081.71265,-157.620209,260.669464],"rotationMatrix":[-0.27186802,0.962334573,0,-0.962334573,-0.27186802,0,0,0,1],"scale":1,"type":"italy_rock_wall_a_damaged"}
{"ctxid":0,"pos":[-1659.86011,-429.835876,207.279297],"rotationMatrix":[0.990403831,-0.138201907,0,0.138201907,0.990403831,0,0,0,1],"scale":1,"type":"italy_rock_wall_a_damaged"}
{"ctxid":0,"pos":[-1665.49939,-428.573517,205.971466],"rotationMatrix":[0.952184498,-0.269970059,0.143039614,0.272775024,0.962077677,0,-0.137615189,0.0390176326,0.989716887],"scale":1,"type":"italy_rock_wall_a_damaged"}
{"ctxid":0,"pos":[-1671.07898,-427.669189,203.82663],"rotationMatrix":[0.981231213,-0.0366902091,0.18931219,0.0373658985,0.999301493,0,-0.189180017,0.00707382057,0.981917024],"scale":1,"type":"italy_rock_wall_a_damaged"}
{"ctxid":0,"pos":[-1654.15198,-430.99234,208.732361],"rotationMatrix":[0.980142832,-0.198293149,0,0.198293149,0.980142832,0,0,0,1],"scale":1,"type":"italy_rock_wall_a_damaged"}
{"ctxid":0,"pos":[-1629.11145,-429.701172,216.369781],"rotationMatrix":[0.176824719,0.98424232,0,-0.98424232,0.176824719,0,0,0,1],"scale":1,"type":"italy_rock_wall_a_damaged"}
{"ctxid":0,"pos":[-1626.83459,-417.816498,217.28775],"rotationMatrix":[0.128442347,0.991717041,0,-0.991717041,0.128442347,0,0,0,1],"scale":1,"type":"italy_rock_wall_a_damaged"}
{"ctxid":0,"pos":[-1626.07031,-411.84082,217.870544],"rotationMatrix":[0.111742981,0.993737221,0,-0.993737221,0.111742981,0,0,0,1],"scale":1,"type":"italy_rock_wall_a_damaged"}
{"ctxid":0,"pos":[-1625.14697,-405.876617,217.868332],"rotationMatrix":[-0.196204588,-0.980563045,0,0.980563045,-0.196204588,0,0,0,1],"scale":1,"type":"italy_rock_wall_a_damaged"}
{"ctxid":0,"pos":[-1595.51245,-342.339874,223.209595],"rotationMatrix":[0.528661788,0.848832488,0,-0.848832488,0.528661788,0,0,0,1],"scale":1,"type":"italy_rock_wall_a_damaged"}
{"ctxid":0,"pos":[-1592.2511,-337.339966,223.821426],"rotationMatrix":[0.555331528,0.831629097,0,-0.831629097,0.555331528,0,0,0,1],"scale":1,"type":"italy_rock_wall_a_damaged"}
{"ctxid":0,"pos":[-1601.27393,-351.061676,222.516968],"rotationMatrix":[-0.533876956,-0.8455621,0,0.8455621,-0.533876956,0,0,0,1],"scale":1,"type":"italy_rock_wall_a_damaged"}
{"ctxid":0,"pos":[-1604.41418,-356.304962,221.947479],"rotationMatrix":[0.486974746,0.873416007,0,-0.873416007,0.486974746,0,0,0,1],"scale":1,"type":"italy_rock_wall_a_damaged"}
{"ctxid":0,"pos":[-1623.29041,-479.199982,216.16481],"rotationMatrix":[0.56921339,0.822189629,0,-0.822189629,0.56921339,0,0,0,1],"scale":1,"type":"italy_rock_wall_a_damaged"}
{"ctxid":0,"pos":[-1634.73474,-492.573639,214.772675],"rotationMatrix":[0.855279028,0.51816833,0,-0.51816833,0.855279028,0,0,0,1],"scale":1,"type":"italy_rock_wall_a_damaged"}
{"ctxid":0,"pos":[-1618.84668,-477.430573,217.978989],"rotationMatrix":[0.96039623,-0.209013343,0.184261918,0.212654591,0.977127433,0,-0.180047393,0.0391841382,0.982877195],"scale":1,"type":"italy_rock_wall_a_damaged"}
{"ctxid":0,"pos":[-1613.40808,-478.08609,220.600922],"rotationMatrix":[0.975349307,-0.00531020574,0.220603317,0.0101742512,0.999729276,-0.0209184829,-0.220432594,0.0226473026,0.975139081],"scale":1,"type":"italy_rock_wall_a_damaged"}
{"ctxid":0,"pos":[-1651.42676,-506.607666,213.814163],"rotationMatrix":[-0.656202197,-0.754584551,0,0.754584551,-0.656202197,0,0,0,1],"scale":1,"type":"italy_rock_wall_a_damaged"}
{"ctxid":0,"pos":[-1654.93921,-511.353119,213.864258],"rotationMatrix":[0.535146952,0.844759285,0,-0.844759285,0.535146952,0,0,0,1],"scale":1,"type":"italy_rock_wall_a_damaged"}
{"ctxid":0,"pos":[-1658.66064,-515.154907,213.988342],"rotationMatrix":[0.802396774,0.59679091,0,-0.59679091,0.802396774,0,0,0,1],"scale":1,"type":"italy_rock_wall_a_damaged"}
{"ctxid":0,"pos":[-1668.2406,-522.583618,212.231583],"rotationMatrix":[0.762983382,0.646418452,0,-0.646418452,0.762983382,0,0,0,1],"scale":1,"type":"italy_rock_wall_a_damaged"}
{"ctxid":0,"pos":[-1671.93665,-527.199097,212.24147],"rotationMatrix":[-0.452354074,-0.891838133,0,0.891838133,-0.452354074,0,0,0,1],"scale":1,"type":"italy_rock_wall_a_damaged"}
{"ctxid":0,"pos":[-1675.8772,-531.334778,211.910156],"rotationMatrix":[0.841303051,0.54056412,0,-0.54056412,0.841303051,0,0,0,1],"scale":1,"type":"italy_rock_wall_a_damaged"}
{"ctxid":0,"pos":[-1683.14587,-540.824158,210.701569],"rotationMatrix":[0.445195079,0.895433605,0,-0.895433605,0.445195079,0,0,0,1],"scale":1,"type":"italy_rock_wall_a_damaged"}
{"ctxid":0,"pos":[-1694.77441,-558.471436,208.917099],"rotationMatrix":[-0.443145603,-0.896449625,0,0.896449625,-0.443145603,0,0,0,1],"scale":1,"type":"italy_rock_wall_a_damaged"}
{"ctxid":0,"pos":[-1696.23218,-564.196228,208.42067],"rotationMatrix":[0.0160735846,0.999870837,0,-0.999870837,0.0160735846,0,0,0,1],"scale":1,"type":"italy_rock_wall_a_damaged"}
{"ctxid":0,"pos":[-1701.0874,-632.639099,202.21167],"rotationMatrix":[0.0302535482,0.999542236,0,-0.999542236,0.0302535482,0,0,0,1],"scale":1,"type":"italy_rock_wall_a_damaged"}
{"ctxid":0,"pos":[-1701.50122,-638.677673,201.245667],"rotationMatrix":[0.0934024826,0.995628536,0,-0.995628536,0.0934024826,0,0,0,1],"scale":1,"type":"italy_rock_wall_a_damaged"}
{"ctxid":0,"pos":[-1690.3905,-588.745483,207.228989],"rotationMatrix":[0.47861734,-0.878023505,0,0.878023505,0.47861734,0,0,0,1],"scale":1,"type":"italy_rock_wall_a_damaged"}
{"ctxid":0,"pos":[-1687.35315,-593.993103,207.462433],"rotationMatrix":[-0.526768506,0.850009203,0,-0.850009203,-0.526768506,0,0,0,1],"scale":1,"type":"italy_rock_wall_a_damaged"}
{"ctxid":0,"pos":[-1684.95911,-599.337769,207.507263],"rotationMatrix":[0.334239542,-0.942487717,0,0.942487717,0.334239542,0,0,0,1],"scale":1,"type":"italy_rock_wall_a_damaged"}
{"ctxid":0,"pos":[-1683.80994,-605.177002,207.075928],"rotationMatrix":[-0.0665068179,0.997785866,0,-0.997785866,-0.0665068179,0,0,0,1],"scale":1,"type":"italy_rock_wall_a_damaged"}
{"ctxid":0,"pos":[-1851.48438,-238.130356,148.819305],"rotationMatrix":[-0.156217217,-0.987722874,0,0.987722874,-0.156217217,0,0,0,1],"scale":1,"type":"italy_rock_wall_a_damaged"}
{"ctxid":0,"pos":[-1845.03284,-246.837296,149.202469],"rotationMatrix":[-0.906601727,0.421987176,0,-0.421987176,-0.906601727,0,0,0,1],"scale":1,"type":"italy_rock_wall_a_damaged"}
{"ctxid":0,"pos":[-1849.63831,-226.385345,148.445526],"rotationMatrix":[0.010261694,0.999947429,0,-0.999947429,0.010261694,0,0,0,1],"scale":1,"type":"italy_rock_wall_a_damaged"}
{"ctxid":0,"pos":[-1849.45544,-220.36792,148.400604],"rotationMatrix":[-0.0284247361,-0.999596,0,0.999596,-0.0284247361,0,0,0,1],"scale":1,"type":"italy_rock_wall_a_damaged"}
{"ctxid":0,"pos":[-1837.18359,-248.882248,149.454376],"rotationMatrix":[0.994246244,-0.107118621,0,0.107118621,0.994246244,0,0,0,1],"scale":1,"type":"italy_rock_wall_a_damaged"}
{"ctxid":0,"pos":[-1831.20435,-249.297226,149.266479],"rotationMatrix":[-0.999719262,0.0236866754,0,-0.0236866754,-0.999719262,0,0,0,1],"scale":1,"type":"italy_rock_wall_a_damaged"}
{"ctxid":0,"pos":[-1818.69519,-246.984268,148.73703],"rotationMatrix":[0.989649832,0.143502951,0,-0.143502951,0.989649832,0,0,0,1],"scale":1,"type":"italy_rock_wall_a_damaged"}
{"ctxid":0,"pos":[-1794.72974,-242.231949,149.030731],"rotationMatrix":[-0.953619421,-0.301015019,0,0.301015019,-0.953619421,0,0,0,1],"scale":1,"type":"italy_rock_wall_a_damaged"}
{"ctxid":0,"pos":[-1783.35767,-240.023682,149.493286],"rotationMatrix":[0.994017839,0.109218001,0,-0.109218001,0.994017839,0,0,0,1],"scale":1,"type":"italy_rock_wall_a_damaged"}
{"ctxid":0,"pos":[-1777.30017,-239.471588,149.884186],"rotationMatrix":[0.997057259,0.0766598731,0,-0.0766598731,0.997057259,0,0,0,1],"scale":1,"type":"italy_rock_wall_a_damaged"}
{"ctxid":0,"pos":[-1765.22278,-239.773743,150.834579],"rotationMatrix":[0.994096756,-0.108497389,0,0.108497389,0.994096756,0,0,0,1],"scale":1,"type":"italy_rock_wall_a_damaged"}
{"ctxid":0,"pos":[-1759.20435,-240.515564,151.471619],"rotationMatrix":[-0.988679349,0.12408711,-0.0843526497,-0.124530941,-0.992215633,0,-0.0836960226,0.0105045158,0.996436],"scale":1,"type":"italy_rock_wall_a_damaged"}
{"ctxid":0,"pos":[-1816.26172,-249.779602,148.754517],"rotationMatrix":[-0.0955791324,0.995422363,0,-0.995422363,-0.0955791324,0,0,0,1],"scale":1,"type":"italy_rock_wall_a_damaged"}
{"ctxid":0,"pos":[-1815.39246,-255.293091,149.218506],"rotationMatrix":[0.225242436,-0.974302649,0,0.974302649,0.225242436,0,0,0,1],"scale":1,"type":"italy_rock_wall_a_damaged"}
{"ctxid":0,"pos":[-1813.76062,-267.436371,150.028824],"rotationMatrix":[0.0908207819,-0.995867312,0,0.995867312,0.0908207819,0,0,0,1],"scale":1,"type":"italy_rock_wall_a_damaged"}
{"ctxid":0,"pos":[-1813.48914,-273.56189,150.316559],"rotationMatrix":[-0.0206772238,0.999786019,0,-0.999786019,-0.0206772238,0,0,0,1],"scale":1,"type":"italy_rock_wall_a_damaged"}
{"ctxid":0,"pos":[-1813.75598,-279.389343,150.607025],"rotationMatrix":[-0.0577441156,-0.998331368,0,0.998331368,-0.0577441156,0,0,0,1],"scale":1,"type":"italy_rock_wall_a_damaged"}
{"ctxid":0,"pos":[-1815.68677,-291.331543,151.094482],"rotationMatrix":[0.233633608,0.972324789,0,-0.972324789,0.233633608,0,0,0,1],"scale":1,"type":"italy_rock_wall_a_damaged"}
{"ctxid":0,"pos":[-1858.39355,-130.640488,149.75972],"rotationMatrix":[0.821668029,0.569966376,0,-0.569966376,0.821668029,0,0,0,1],"scale":1,"type":"italy_rock_wall_a_damaged"}
{"ctxid":0,"pos":[-1852.8418,-128.322281,150.233597],"rotationMatrix":[-0.980236232,-0.19782944,0,0.19782944,-0.980236232,0,0,0,1],"scale":1,"type":"italy_rock_wall_a_damaged"}
{"ctxid":0,"pos":[-1857.51892,-161.499893,148.88739],"rotationMatrix":[-0.273626953,0.9618361,0,-0.9618361,-0.273626953,0,0,0,1],"scale":1,"type":"italy_rock_wall_a_damaged"}
{"ctxid":0,"pos":[-1856.04773,-167.34494,148.577179],"rotationMatrix":[0.247532696,-0.96887958,0,0.96887958,0.247532696,0,0,0,1],"scale":1,"type":"italy_rock_wall_a_damaged"}
{"ctxid":0,"pos":[-1854.74622,-173.269333,148.363617],"rotationMatrix":[-0.183910862,0.98294282,0,-0.98294282,-0.183910862,0,0,0,1],"scale":1,"type":"italy_rock_wall_a_damaged"}
{"ctxid":0,"pos":[-1768.87732,-106.928261,152.445618],"rotationMatrix":[0.999491334,-0.0318909995,0,0.0318909995,0.999491334,0,0,0,1],"scale":1,"type":"italy_rock_wall_a_damaged"}
{"ctxid":0,"pos":[-1774.91089,-106.611237,152.244263],"rotationMatrix":[-0.998396575,0.0566073544,0,-0.0566073544,-0.998396575,0,0,0,1],"scale":1,"type":"italy_rock_wall_a_damaged"}
{"ctxid":0,"pos":[-1793.10168,-107.735725,152.13382],"rotationMatrix":[0.990808606,0.135271758,0,-0.135271758,0.990808606,0,0,0,1],"scale":1,"type":"italy_rock_wall_a_damaged"}
{"ctxid":0,"pos":[-1799.08044,-108.71685,152.099152],"rotationMatrix":[-0.971566856,-0.236766443,0,0.236766443,-0.971566856,0,0,0,1],"scale":1,"type":"italy_rock_wall_a_damaged"}
{"ctxid":0,"pos":[-1804.84729,-110.641449,152.209503],"rotationMatrix":[0.913898349,0.405942261,0,-0.405942261,0.913898349,0,0,0,1],"scale":1,"type":"italy_rock_wall_a_damaged"}
