{"ctxid":0,"pos":[6177.3999,-2.65924191,-2.30652469e-18],"rotationMatrix":[1,0,0,0,1,0,0,0,1],"scale":1,"type":"italy_guardrails_basic"}
{"ctxid":0,"pos":[-1297.34998,-0.393099993,337.010986],"rotationMatrix":[0.984088659,-0.15548417,0.0859894231,0.156066954,0.987746477,-5.5477034e-05,-0.0849271268,0.0134747019,0.996296048],"scale":1,"type":"italy_guardrails_basic"}
{"ctxid":0,"pos":[-1294.51001,-0.783800006,337.246002],"rotationMatrix":[0.988066196,-0.131188124,0.080714725,0.131622821,0.991299868,-6.55496042e-05,-0.0800038949,0.0106886672,0.996737242],"scale":1,"type":"italy_guardrails_basic"}
{"ctxid":0,"pos":[-1291.68994,-1.22119999,337.488007],"rotationMatrix":[0.978220701,-0.186983645,0.0901186839,0.187755659,0.982215762,-9.09046576e-05,-0.0884989873,0.0170092173,0.995931029],"scale":1,"type":"italy_guardrails_basic"}
{"ctxid":0,"pos":[-1288.93005,-1.87769997,337.766998],"rotationMatrix":[0.954957366,-0.27743274,0.105297215,0.278977692,0.960297585,5.88840558e-05,-0.101132996,0.0293193422,0.994440794],"scale":1,"type":"italy_guardrails_basic"}
{"ctxid":0,"pos":[-1286.23999,-2.79029989,338.088989],"rotationMatrix":[0.924338818,-0.362389684,0.119463265,0.365000635,0.931007266,2.64502432e-05,-0.111230753,0.04357972,0.992838621],"scale":1,"type":"italy_guardrails_basic"}
{"ctxid":0,"pos":[-1283.64001,-3.92210007,338.446991],"rotationMatrix":[0.893608332,-0.429553121,0.130185544,0.433241695,0.901277781,-1.31452716e-05,-0.11732769,0.0564135537,0.991489649],"scale":1,"type":"italy_guardrails_basic"}
{"ctxid":0,"pos":[-1281.10999,-5.23880005,338.821014],"rotationMatrix":[0.86004281,-0.494620144,0.125208914,0.498547018,0.866862655,-3.23326458e-05,-0.108522937,0.0624503382,0.992130399],"scale":1,"type":"italy_guardrails_basic"}
{"ctxid":0,"pos":[-1278.68994,-6.7512002,339.164001],"rotationMatrix":[0.821283221,-0.559001625,0.114066012,0.562670708,0.826681137,3.60144986e-05,-0.0943163484,0.0641520247,0.993473172],"scale":1,"type":"italy_guardrails_basic"}
{"ctxid":0,"pos":[-1276.39001,-8.43799973,339.480011],"rotationMatrix":[0.779862642,-0.616782725,0.106739506,0.620317698,0.784350634,0.000105960593,-0.0837865546,0.0661297739,0.994287014],"scale":1,"type":"italy_guardrails_basic"}
{"ctxid":0,"pos":[-1274.20996,-10.2832003,339.779999],"rotationMatrix":[0.735202193,-0.670043945,0.102561526,0.673588514,0.739106536,9.82584534e-05,-0.0758697316,0.069012031,0.994726658],"scale":1,"type":"italy_guardrails_basic"}
{"ctxid":0,"pos":[-1272.17004,-12.2749004,340.071014],"rotationMatrix":[0.685991049,-0.720561981,0.101028427,0.72426337,0.689523458,6.1379229e-05,-0.0697057024,0.0731290802,0.994883537],"scale":1,"type":"italy_guardrails_basic"}
{"ctxid":0,"pos":[-1270.28003,-14.4067001,340.362],"rotationMatrix":[0.63105464,-0.768963099,0.102302253,0.773019016,0.634382844,-2.19737331e-06,-0.0648971051,0.0790829733,0.994753361],"scale":1,"type":"italy_guardrails_basic"}
{"ctxid":0,"pos":[-1268.55005,-16.6758003,340.658997],"rotationMatrix":[0.568712711,-0.815719128,0.105679303,0.820315361,0.571911454,-4.394793e-05,-0.0604033545,0.0867153481,0.994400263],"scale":1,"type":"italy_guardrails_basic"}
{"ctxid":0,"pos":[-1267.02002,-19.0732002,340.970001],"rotationMatrix":[0.49713254,-0.860495627,0.111384422,0.865885913,0.500241518,-3.96767318e-05,-0.0556849688,0.0964659229,0.993777394],"scale":1,"type":"italy_guardrails_basic"}
{"ctxid":0,"pos":[-1265.69995,-21.5937996,341.299011],"rotationMatrix":[0.414524317,-0.902157009,0.119508833,0.908668578,0.417518139,1.40624097e-05,-0.0499097928,0.108588092,0.992833138],"scale":1,"type":"italy_guardrails_basic"}
{"ctxid":0,"pos":[-1264.64001,-24.2266006,341.654999],"rotationMatrix":[0.318837404,-0.938907444,0.129597679,0.946890771,0.321555376,5.04108502e-05,-0.0417201631,0.122698776,0.991566658],"scale":1,"type":"italy_guardrails_basic"}
{"ctxid":0,"pos":[-1263.87,-26.9521999,342.042999],"rotationMatrix":[0.209652901,-0.967490375,0.141449928,0.977315962,0.211786509,3.02507451e-05,-0.0299864523,0.138234928,0.989945412],"scale":1,"type":"italy_guardrails_basic"}
{"ctxid":0,"pos":[-1263.43994,-29.7441006,342.466003],"rotationMatrix":[0.0878674984,-0.984070659,0.154545128,0.996036947,0.0889406204,2.96590042e-05,-0.0137745263,0.153930053,0.98798573],"scale":1,"type":"italy_guardrails_basic"}
{"ctxid":0,"pos":[-1263.35999,-32.5629997,342.927002],"rotationMatrix":[-0.0412718058,-0.984992266,0.167591453,0.999123216,-0.0418663025,-1.41065811e-05,0.00703032967,0.167443931,0.985856533],"scale":1,"type":"italy_guardrails_basic"}
{"ctxid":0,"pos":[-1263.54004,-35.3773994,343.419006],"rotationMatrix":[-0.0663425922,-0.982219279,0.175624356,0.997726738,-0.0673892498,4.31674243e-06,0.0118309539,0.175225407,0.984457254],"scale":1,"type":"italy_guardrails_basic"}
{"ctxid":0,"pos":[-1263.72998,-38.1870003,343.934998],"rotationMatrix":[-0.0631133318,-0.980687559,0.185117885,0.997935951,-0.0642170906,3.32834134e-05,0.011855091,0.184737891,0.982716322],"scale":1,"type":"italy_guardrails_basic"}
{"ctxid":0,"pos":[-1263.90002,-40.9873009,344.483002],"rotationMatrix":[-0.0580534935,-0.978267312,0.199054912,0.99824369,-0.0592412949,-1.14969971e-05,0.011803518,0.198704645,0.979988337],"scale":1,"type":"italy_guardrails_basic"}
{"ctxid":0,"pos":[-1264.06006,-43.7798004,345.075012],"rotationMatrix":[-0.0513519049,-0.97583276,0.212399185,0.998617768,-0.0525598526,-4.09646782e-05,0.0112036448,0.212103501,0.977182984],"scale":1,"type":"italy_guardrails_basic"}
{"ctxid":0,"pos":[-1264.20996,-46.6078987,345.654999],"rotationMatrix":[-0.0568101406,-0.982241154,0.178815261,0.99833113,-0.0577492714,-4.68672406e-05,0.010372486,0.178514183,0.983882666],"scale":1,"type":"italy_guardrails_basic"}
{"ctxid":0,"pos":[-1265.69995,-720.799011,484.776001],"rotationMatrix":[0.346540689,-0.936942458,-0.0452591293,0.937902212,0.346899748,-8.44475289e-05,0.0157795027,-0.042419374,0.998975277],"scale":1,"type":"italy_guardrails_basic"}
{"ctxid":0,"pos":[-1264.81006,-723.653015,484.640015],"rotationMatrix":[0.253679991,-0.966211319,-0.0456312001,0.967217624,0.253948927,-9.99788608e-05,0.0116845956,-0.0441099405,0.998958349],"scale":1,"type":"italy_guardrails_basic"}
{"ctxid":0,"pos":[-1264.17004,-726.575012,484.502991],"rotationMatrix":[0.177362084,-0.983077049,-0.0458500013,0.984111905,0.177549362,-1.23108803e-05,0.00815274101,-0.0451193489,0.998948336],"scale":1,"type":"italy_guardrails_basic"}
{"ctxid":0,"pos":[-334.177002,1062.93994,209.740005],"rotationMatrix":[0.656545281,-0.754286587,0,0.754286587,0.656545281,0,0,0,1],"scale":1,"type":"italy_guardrails_basic"}
{"ctxid":0,"pos":[-336.178009,1065.07996,209.740005],"rotationMatrix":[0.708304763,-0.705906749,0,0.705906749,0.708304763,0,0,0,1],"scale":1,"type":"italy_guardrails_basic"}
{"ctxid":0,"pos":[-338.313995,1067.07996,209.740005],"rotationMatrix":[0.749367952,-0.66215384,0,0.66215384,0.749367952,0,0,0,1],"scale":1,"type":"italy_guardrails_basic"}
{"ctxid":0,"pos":[-340.558014,1068.95996,209.740005],"rotationMatrix":[0.783123016,-0.621866822,0,0.621866822,0.783123016,0,0,0,1],"scale":1,"type":"italy_guardrails_basic"}
{"ctxid":0,"pos":[-342.891998,1070.71997,209.740005],"rotationMatrix":[0.81211555,-0.58349663,0,0.58349663,0.81211555,0,0,0,1],"scale":1,"type":"italy_guardrails_basic"}
{"ctxid":0,"pos":[-345.308014,1072.37,209.740005],"rotationMatrix":[0.838346958,-0.545137048,0,0.545137048,0.838346958,0,0,0,1],"scale":1,"type":"italy_guardrails_basic"}
{"ctxid":0,"pos":[-347.799011,1073.90002,209.740005],"rotationMatrix":[0.866252065,-0.499607205,0,0.499607205,0.866252065,0,0,0,1],"scale":1,"type":"italy_guardrails_basic"}
{"ctxid":0,"pos":[-350.385986,1075.28003,209.740005],"rotationMatrix":[0.899647951,-0.436616033,0,0.436616033,0.899647951,0,0,0,1],"scale":1,"type":"italy_guardrails_basic"}
{"ctxid":0,"pos":[-353.061005,1076.45996,209.740005],"rotationMatrix":[0.928179502,-0.372132778,0,0.372132778,0.928179502,0,0,0,1],"scale":1,"type":"italy_guardrails_basic"}
{"ctxid":0,"pos":[-355.813995,1077.44995,209.740005],"rotationMatrix":[0.952691078,-0.303940296,0,0.303940296,0.952691078,0,0,0,1],"scale":1,"type":"italy_guardrails_basic"}
{"ctxid":0,"pos":[-358.632996,1078.22998,209.740005],"rotationMatrix":[0.973041534,-0.230629951,0,0.230629951,0.973041534,0,0,0,1],"scale":1,"type":"italy_guardrails_basic"}
{"ctxid":0,"pos":[-361.505005,1078.79004,209.740005],"rotationMatrix":[0.988508701,-0.15116398,0,0.15116398,0.988508701,0,0,0,1],"scale":1,"type":"italy_guardrails_basic"}
{"ctxid":0,"pos":[-364.414001,1079.10999,209.740005],"rotationMatrix":[0.997848272,-0.0655654296,0,0.0655654296,0.997848272,0,0,0,1],"scale":1,"type":"italy_guardrails_basic"}
{"ctxid":0,"pos":[-367.338013,1079.17004,209.740005],"rotationMatrix":[0.999672294,0.0255989321,0,-0.0255989321,0.999672294,0,0,0,1],"scale":1,"type":"italy_guardrails_basic"}
{"ctxid":0,"pos":[-370.256012,1078.95996,209.740005],"rotationMatrix":[0.992703676,0.120579481,0,-0.120579481,0.992703676,0,0,0,1],"scale":1,"type":"italy_guardrails_basic"}
{"ctxid":0,"pos":[-373.139008,1078.45996,209.740005],"rotationMatrix":[0.976150751,0.217093781,0,-0.217093781,0.976150751,0,0,0,1],"scale":1,"type":"italy_guardrails_basic"}
{"ctxid":0,"pos":[-331.041992,1000.63,209.429001],"rotationMatrix":[0.0876691341,-0.996148825,-0.00128528883,0.9961496,0.0876693726,-0.000130237735,0.00024241663,-0.00126892223,0.999999166],"scale":1,"type":"italy_guardrails_basic"}
{"ctxid":0,"pos":[-331.294006,1003.54999,209.432007],"rotationMatrix":[0.0830709934,-0.996543288,-0.000844996772,0.996543646,0.0830709934,3.51581257e-05,3.51581257e-05,-0.000844996772,0.999999642],"scale":1,"type":"italy_guardrails_basic"}
{"ctxid":0,"pos":[-331.520996,1006.46002,209.434006],"rotationMatrix":[0.0711154938,-0.997468114,0,0.997468114,0.0711154938,0,0,0,1],"scale":1,"type":"italy_guardrails_basic"}
{"ctxid":0,"pos":[-331.705994,1009.38,209.436005],"rotationMatrix":[0.0582580566,-0.998299658,-0.00195229461,0.998301566,0.0582580566,5.69168333e-05,5.69168333e-05,-0.00195229461,0.999998093],"scale":1,"type":"italy_guardrails_basic"}
{"ctxid":0,"pos":[-331.867004,1012.29999,209.449997],"rotationMatrix":[0.0505423546,-0.998691618,-0.00778151024,0.998721838,0.0505433083,7.41750919e-05,0.000319225219,-0.00777531322,0.999969721],"scale":1,"type":"italy_guardrails_basic"}
{"ctxid":0,"pos":[-331.993011,1015.21997,209.481003],"rotationMatrix":[0.0339076519,-0.999342203,-0.0128627671,0.999424875,0.0339095592,6.98436634e-05,0.000366373046,-0.012857738,0.999917269],"scale":1,"type":"italy_guardrails_basic"}
{"ctxid":0,"pos":[-332.054993,1018.15002,209.524002],"rotationMatrix":[0.0061622858,-0.999844134,-0.0165432282,0.999980986,0.00616455078,-8.59213324e-05,0.000187889513,-0.0165423844,0.999863148],"scale":1,"type":"italy_guardrails_basic"}
{"ctxid":0,"pos":[-332.015991,1021.07001,209.574997],"rotationMatrix":[-0.0348643064,-0.999228179,-0.0180985983,0.999391854,-0.0348694324,-3.23621098e-05,-0.000598750717,-0.0180887207,0.999836206],"scale":1,"type":"italy_guardrails_basic"}
{"ctxid":0,"pos":[-331.837006,1023.98999,209.626999],"rotationMatrix":[-0.0896503925,-0.995826066,-0.01712396,0.995972216,-0.0896625519,-5.78916406e-05,-0.0014777279,-0.0170601774,0.999853373],"scale":1,"type":"italy_guardrails_basic"}
{"ctxid":0,"pos":[-331.480011,1026.90002,209.671997],"rotationMatrix":[-0.156147361,-0.987649381,-0.0129091917,0.987731755,-0.156160116,-2.01510538e-05,-0.00199599867,-0.0127539653,0.999916673],"scale":1,"type":"italy_guardrails_basic"}
{"ctxid":0,"pos":[-330.915985,1029.77002,209.701004],"rotationMatrix":[-0.229005814,-0.973405838,-0.00611811783,0.973424017,-0.229010105,9.09055302e-07,-0.00140199566,-0.00595531473,0.999981284],"scale":1,"type":"italy_guardrails_basic"}
{"ctxid":0,"pos":[-330.149994,1032.59998,209.707993],"rotationMatrix":[-0.276162863,-0.96111083,0,0.96111083,-0.276162863,0,0,0,1],"scale":1,"type":"italy_guardrails_basic"}
{"ctxid":0,"pos":[-329.377991,1035.42004,209.710007],"rotationMatrix":[-0.248832464,-0.968545675,-0.00128998293,0.96854651,-0.248832583,-6.98091608e-05,-0.000253376435,-0.00126677926,0.999999166],"scale":1,"type":"italy_guardrails_basic"}
{"ctxid":0,"pos":[-328.709991,1038.27002,209.714005],"rotationMatrix":[-0.204663038,-0.978830814,-0.00182608061,0.978832424,-0.204663277,-5.73323523e-05,-0.000317612954,-0.00179916073,0.999998331],"scale":1,"type":"italy_guardrails_basic"}
{"ctxid":0,"pos":[-328.197998,1041.15002,209.720001],"rotationMatrix":[-0.142165899,-0.989840567,-0.00212830002,0.989842772,-0.142166257,1.69296436e-05,-0.000319330109,-0.00210427563,0.999997735],"scale":1,"type":"italy_guardrails_basic"}
{"ctxid":0,"pos":[-327.894012,1044.06006,209.727005],"rotationMatrix":[-0.0628829002,-0.998018622,-0.0021259347,0.998020887,-0.0628832579,0.000101732956,-0.000235217085,-0.00211532996,0.999997735],"scale":1,"type":"italy_guardrails_basic"}
{"ctxid":0,"pos":[-327.843994,1046.98999,209.731995],"rotationMatrix":[0.0303318501,-0.999538481,-0.00169126072,0.999539912,0.0303318501,2.5655454e-05,2.5655454e-05,-0.00169126072,0.999998569],"scale":1,"type":"italy_guardrails_basic"}
{"ctxid":0,"pos":[-328.080994,1049.90002,209.737],"rotationMatrix":[0.132228136,-0.991218448,-0.00128788524,0.991219282,0.132228374,-0.000101394646,0.000270799239,-0.00126316946,0.999999166],"scale":1,"type":"italy_guardrails_basic"}
{"ctxid":0,"pos":[-328.618011,1052.78003,209.738998],"rotationMatrix":[0.234668016,-0.972075462,-0.000484860502,0.972075582,0.234668016,5.76961975e-05,5.76961975e-05,-0.000484860502,0.999999881],"scale":1,"type":"italy_guardrails_basic"}
{"ctxid":0,"pos":[-329.477997,1055.56995,209.740005],"rotationMatrix":[0.367637396,-0.929969192,0,0.929969192,0.367637396,0,0,0,1],"scale":1,"type":"italy_guardrails_basic"}
{"ctxid":0,"pos":[-330.753998,1058.20996,209.740005],"rotationMatrix":[0.495992064,-0.868327081,0,0.868327081,0.495992064,0,0,0,1],"scale":1,"type":"italy_guardrails_basic"}
{"ctxid":0,"pos":[-332.348999,1060.66003,209.740005],"rotationMatrix":[0.588494062,-0.808501542,0,0.808501542,0.588494062,0,0,0,1],"scale":1,"type":"italy_guardrails_basic"}
{"ctxid":0,"pos":[-375.959991,1077.68994,209.740005],"rotationMatrix":[0.950008869,0.312222928,0,-0.312222928,0.950008869,0,0,0,1],"scale":1,"type":"italy_guardrails_basic"}
{"ctxid":0,"pos":[-378.703003,1076.67004,209.740005],"rotationMatrix":[0.9296875,0.368349224,0,-0.368349224,0.9296875,0,0,0,1],"scale":1,"type":"italy_guardrails_basic"}
{"ctxid":0,"pos":[-381.411987,1075.56006,209.740005],"rotationMatrix":[0.921908498,0.38740769,0,-0.38740769,0.921908498,0,0,0,1],"scale":1,"type":"italy_guardrails_basic"}
{"ctxid":0,"pos":[-384.097992,1074.40002,209.740005],"rotationMatrix":[0.91405344,0.405593783,0,-0.405593783,0.91405344,0,0,0,1],"scale":1,"type":"italy_guardrails_basic"}
{"ctxid":0,"pos":[-386.763,1073.18994,209.740005],"rotationMatrix":[0.907205701,0.420687318,0,-0.420687318,0.907205701,0,0,0,1],"scale":1,"type":"italy_guardrails_basic"}
{"ctxid":0,"pos":[-389.410004,1071.93994,209.740005],"rotationMatrix":[0.902583003,0.430515885,0,-0.430515885,0.902583003,0,0,0,1],"scale":1,"type":"italy_guardrails_basic"}
{"ctxid":0,"pos":[-392.049011,1070.68005,209.740005],"rotationMatrix":[0.901254296,0.433290541,0,-0.433290541,0.901254296,0,0,0,1],"scale":1,"type":"italy_guardrails_basic"}
{"ctxid":0,"pos":[-394.688995,1069.41003,209.740005],"rotationMatrix":[0.90346384,0.428664297,0,-0.428664297,0.90346384,0,0,0,1],"scale":1,"type":"italy_guardrails_basic"}
{"ctxid":0,"pos":[-397.339996,1068.17004,209.740005],"rotationMatrix":[0.908664703,0.417526603,0,-0.417526603,0.908664703,0,0,0,1],"scale":1,"type":"italy_guardrails_basic"}
{"ctxid":0,"pos":[-400.007996,1066.96997,209.740005],"rotationMatrix":[0.915539503,0.402228057,0,-0.402228057,0.915539503,0,0,0,1],"scale":1,"type":"italy_guardrails_basic"}
{"ctxid":0,"pos":[-402.699005,1065.81995,209.740005],"rotationMatrix":[0.922932625,0.384961516,0,-0.384961516,0.922932625,0,0,0,1],"scale":1,"type":"italy_guardrails_basic"}
{"ctxid":0,"pos":[-405.411011,1064.71997,209.740005],"rotationMatrix":[0.9301368,0.36721319,0,-0.36721319,0.9301368,0,0,0,1],"scale":1,"type":"italy_guardrails_basic"}
{"ctxid":0,"pos":[-408.140991,1063.66003,209.738007],"rotationMatrix":[0.932726383,0.360578001,0.00223660935,-0.360578746,0.932728767,-6.60480946e-05,-0.00210996531,-0.000744869059,0.999997497],"scale":1,"type":"italy_guardrails_basic"}
{"ctxid":0,"pos":[-410.871002,1062.59998,209.725006],"rotationMatrix":[0.931308627,0.364176035,0.00632838998,-0.364183784,0.931327105,7.34882342e-05,-0.00586703839,-0.00237313705,0.999979973],"scale":1,"type":"italy_guardrails_basic"}
{"ctxid":0,"pos":[-413.596008,1061.53003,209.701004],"rotationMatrix":[0.929113507,0.369660556,0.0099585643,-0.36967811,0.92915988,-8.16468309e-05,-0.00928328,-0.00360560417,0.999950409],"scale":1,"type":"italy_guardrails_basic"}
{"ctxid":0,"pos":[-416.313995,1060.43994,209.667007],"rotationMatrix":[0.926343679,0.376452804,0.0130646303,-0.37648645,0.926422119,0.000125907987,-0.0120559642,-0.00503529003,0.999914646],"scale":1,"type":"italy_guardrails_basic"}
{"ctxid":0,"pos":[-419.020996,1059.31995,209.626007],"rotationMatrix":[0.922982931,0.384552091,0.0149060097,-0.384595782,0.923085093,6.81908205e-05,-0.013733292,-0.00579572702,0.999888897],"scale":1,"type":"italy_guardrails_basic"}
{"ctxid":0,"pos":[-421.714996,1058.18005,209.582001],"rotationMatrix":[0.91948998,0.392823458,0.0150968125,-0.392867684,0.919595003,-3.77496654e-05,-0.0138977822,-0.00589633966,0.999886036],"scale":1,"type":"italy_guardrails_basic"}
{"ctxid":0,"pos":[-424.402008,1057.02002,209.537994],"rotationMatrix":[0.916261435,0.400324821,0.0143187111,-0.400366694,0.916355014,6.3105108e-05,-0.0130957598,-0.00579055585,0.99989748],"scale":1,"type":"italy_guardrails_basic"}
{"ctxid":0,"pos":[-427.076996,1055.83997,209.498993],"rotationMatrix":[0.913483143,0.406691372,0.0122749265,-0.406722367,0.913551807,3.23949389e-05,-0.0112006068,-0.00502207968,0.99992466],"scale":1,"type":"italy_guardrails_basic"}
{"ctxid":0,"pos":[-429.747009,1054.64001,209.466003],"rotationMatrix":[0.911162972,0.411923766,0.0100420974,-0.411945164,0.91120863,6.9291571e-05,-0.00912190229,-0.00419992954,0.999949574],"scale":1,"type":"italy_guardrails_basic"}
{"ctxid":0,"pos":[-432.408997,1053.43005,209.440994],"rotationMatrix":[0.909319878,0.416029006,0.00756436074,-0.416040987,0.909345865,9.18060323e-06,-0.00687480113,-0.00315543218,0.99997139],"scale":1,"type":"italy_guardrails_basic"}
{"ctxid":0,"pos":[-435.06601,1052.20996,209.421997],"rotationMatrix":[0.907966971,0.419010758,0.00509639084,-0.419015646,0.907979012,-0.000119399294,-0.00467744563,-0.00202705688,0.999987006],"scale":1,"type":"italy_guardrails_basic"}
{"ctxid":0,"pos":[-437.720001,1050.97998,209.410995],"rotationMatrix":[0.90694356,0.421243668,0.00267289625,-0.421244949,0.906946898,-9.03912587e-05,-0.00246225158,-0.00104396429,0.999996424],"scale":1,"type":"italy_guardrails_basic"}
{"ctxid":0,"pos":[-440.372009,1049.75,209.406006],"rotationMatrix":[0.906082034,0.423101544,0.000658629287,-0.423101753,0.906082153,0.00020747188,-0.000508990546,-0.000466653728,0.999999762],"scale":1,"type":"italy_guardrails_basic"}
{"ctxid":0,"pos":[-443.018005,1048.48999,209.395996],"rotationMatrix":[0.896630764,0.442686945,0.00902972091,-0.442704678,0.89666748,-4.03163649e-05,-0.00811450463,-0.00396135077,0.99995923],"scale":1,"type":"italy_guardrails_basic"}
{"ctxid":0,"pos":[-445.631012,1047.15002,209.352005],"rotationMatrix":[0.885370731,0.464439064,0.0203724671,-0.464534014,0.885555267,-7.92945211e-05,-0.0180777721,-0.00939349923,0.999792457],"scale":1,"type":"italy_guardrails_basic"}
{"ctxid":0,"pos":[-448.213989,1045.77002,209.278],"rotationMatrix":[0.876874685,0.479798853,0.0297297854,-0.480011642,0.877262115,2.40885129e-05,-0.0260692574,-0.0142917661,0.999557972],"scale":1,"type":"italy_guardrails_basic"}
{"ctxid":0,"pos":[-450.774994,1044.33997,209.179993],"rotationMatrix":[0.871326804,0.48927629,0.0373939686,-0.489616752,0.871937752,-6.09983399e-05,-0.0326350592,-0.0182555635,0.999300599],"scale":1,"type":"italy_guardrails_basic"}
{"ctxid":0,"pos":[-453.324005,1042.90002,209.059998],"rotationMatrix":[0.868336201,0.494034499,0.0438424386,-0.49450931,0.869172335,-1.79155522e-05,-0.0381154865,-0.0216649361,0.999038458],"scale":1,"type":"italy_guardrails_basic"}
{"ctxid":0,"pos":[-455.865997,1041.44995,208.923996],"rotationMatrix":[0.867814064,0.494483173,0.0488378666,-0.495077938,0.868848562,9.42169136e-05,-0.042386122,-0.0242603123,0.998806715],"scale":1,"type":"italy_guardrails_basic"}
{"ctxid":0,"pos":[-458.410004,1040.01001,208.774994],"rotationMatrix":[0.869657278,0.490812838,0.0529053658,-0.491498858,0.87087822,-5.01586801e-05,-0.0460987501,-0.0259593055,0.998599529],"scale":1,"type":"italy_guardrails_basic"}
{"ctxid":0,"pos":[-460.962006,1038.57996,208.615005],"rotationMatrix":[0.873831034,0.482998967,0.0559581816,-0.483757973,0.875201821,2.04757653e-05,-0.0489648134,-0.0270881094,0.998433113],"scale":1,"type":"italy_guardrails_basic"}
{"ctxid":0,"pos":[-463.529999,1037.18005,208.447998],"rotationMatrix":[0.880128384,0.47119242,0.0578941144,-0.471979648,0.88160944,-8.64259346e-05,-0.0510807224,-0.0272487793,0.998322725],"scale":1,"type":"italy_guardrails_basic"}
{"ctxid":0,"pos":[-466.118011,1035.82996,208.276993],"rotationMatrix":[0.88855958,0.454950213,0.0590098687,-0.45574221,0.890111804,-4.1483112e-05,-0.0525442511,-0.026856428,0.998257399],"scale":1,"type":"italy_guardrails_basic"}
{"ctxid":0,"pos":[-468.733002,1034.53003,208.104004],"rotationMatrix":[0.899061441,0.43381989,0.0590663143,-0.434580028,0.900633216,2.6326652e-05,-0.0531856641,-0.0256927107,0.998254061],"scale":1,"type":"italy_guardrails_basic"}
{"ctxid":0,"pos":[-471.381989,1033.30005,207.932007],"rotationMatrix":[0.911347628,0.407492876,0.0582670867,-0.408188671,0.912897587,4.31156732e-05,-0.0531743132,-0.0238232575,0.998301029],"scale":1,"type":"italy_guardrails_basic"}
{"ctxid":0,"pos":[-474.067993,1032.15002,207.764008],"rotationMatrix":[0.925208569,0.375270307,0.0562255383,-0.375866622,0.92667377,3.35752011e-05,-0.0520901307,-0.021164367,0.998418093],"scale":1,"type":"italy_guardrails_basic"}
{"ctxid":0,"pos":[-476.79599,1031.10999,207.604004],"rotationMatrix":[0.940223932,0.336415261,0.0529503301,-0.336884528,0.941545963,-6.63055544e-05,-0.0498774759,-0.0177758057,0.998597145],"scale":1,"type":"italy_guardrails_basic"}
{"ctxid":0,"pos":[-479.567993,1030.18994,207.455002],"rotationMatrix":[0.955815792,0.289967328,0.0483231544,-0.290311128,0.956932306,0.000100739824,-0.0462127738,-0.0141250379,0.998831749],"scale":1,"type":"italy_guardrails_basic"}
{"ctxid":0,"pos":[-482.38501,1029.42004,207.322998],"rotationMatrix":[0.971080899,0.234975725,0.0422882102,-0.235186368,0.971950293,6.16908301e-06,-0.0411005877,-0.00995160174,0.999105453],"scale":1,"type":"italy_guardrails_basic"}
{"ctxid":0,"pos":[-485.242004,1028.82996,207.210007],"rotationMatrix":[0.984650612,0.171088278,0.0345249958,-0.171191141,0.985237837,2.35947609e-05,-0.0340112969,-0.0059336056,0.999403834],"scale":1,"type":"italy_guardrails_basic"}
{"ctxid":0,"pos":[-488.134003,1028.43994,207.121994],"rotationMatrix":[0.994860888,0.0980578437,0.0252284445,-0.0980879813,0.995177746,-4.29118591e-05,-0.0251109954,-0.00243191607,0.999681711],"scale":1,"type":"italy_guardrails_basic"}
{"ctxid":0,"pos":[-491.046997,1028.27002,207.063995],"rotationMatrix":[0.999760866,0.0168004129,0.0139984516,-0.0168004129,0.999858856,-0.000117603937,-0.0139984516,-0.000117603937,0.99990201],"scale":1,"type":"italy_guardrails_basic"}
{"ctxid":0,"pos":[-493.962006,1028.34998,207.042007],"rotationMatrix":[0.997477889,-0.0709555522,0.0017806713,0.0709549338,0.997479439,0.000408738357,-0.00180518522,-0.000281360059,0.999998331],"scale":1,"type":"italy_guardrails_basic"}
{"ctxid":0,"pos":[-496.863007,1028.68005,207.052002],"rotationMatrix":[0.987671614,-0.156312943,-0.00842891354,0.156318739,0.987706661,2.97873394e-05,0.00832063798,-0.00134701736,0.999964476],"scale":1,"type":"italy_guardrails_basic"}
{"ctxid":0,"pos":[-499.725006,1029.26001,207.089996],"rotationMatrix":[0.971478939,-0.236478552,-0.0175089985,0.236512542,0.971628428,-0.000133302019,0.0170437638,-0.00401159748,0.999846697],"scale":1,"type":"italy_guardrails_basic"}
{"ctxid":0,"pos":[-599.088013,1126.42004,209.492996],"rotationMatrix":[0.733363509,-0.679767609,0.009691732,0.679800034,0.733397484,-7.1063776e-05,-0.00705958484,0.00664055534,0.999953032],"scale":1,"type":"italy_guardrails_basic"}
{"ctxid":0,"pos":[-601.27301,1128.37,209.460007],"rotationMatrix":[0.757585526,-0.652617931,0.0124098212,0.652669072,0.757643104,-9.39218153e-05,-0.00934092049,0.00817065965,0.999922991],"scale":1,"type":"italy_guardrails_basic"}
{"ctxid":0,"pos":[-603.521973,1130.23999,209.421005],"rotationMatrix":[0.77772975,-0.628433406,0.0144183943,0.628498614,0.777810693,9.86239593e-06,-0.0112209795,0.00905427057,0.999896049],"scale":1,"type":"italy_guardrails_basic"}
{"ctxid":0,"pos":[-605.825012,1132.05005,209.376007],"rotationMatrix":[0.794312716,-0.607291639,0.0162527002,0.607371747,0.794417739,9.48881006e-06,-0.0129171954,0.0098638935,0.999867916],"scale":1,"type":"italy_guardrails_basic"}
{"ctxid":0,"pos":[-608.171021,1133.80005,209.326004],"rotationMatrix":[0.807903409,-0.589043021,0.0178998802,0.58913821,0.808032274,-5.62269124e-05,-0.0144305611,0.0105909295,0.999839783],"scale":1,"type":"italy_guardrails_basic"}
{"ctxid":0,"pos":[-610.552979,1135.5,209.272003],"rotationMatrix":[0.81874907,-0.573827326,0.0192908458,0.573934019,0.818901539,7.48399088e-06,-0.0158015974,0.0110655455,0.999813914],"scale":1,"type":"italy_guardrails_basic"}
{"ctxid":0,"pos":[-612.963013,1137.16003,209.212997],"rotationMatrix":[0.827519417,-0.56105566,0.0206917375,0.561174512,0.827697515,7.69602848e-05,-0.0171696786,0.0115479892,0.9997859],"scale":1,"type":"italy_guardrails_basic"}
{"ctxid":0,"pos":[-615.395996,1138.79004,209.151001],"rotationMatrix":[0.834352016,-0.550796986,0.0218950436,0.550927281,0.834553242,9.66396619e-05,-0.0183258094,0.0119819455,0.99976027],"scale":1,"type":"italy_guardrails_basic"}
{"ctxid":0,"pos":[-617.846985,1140.39001,209.085007],"rotationMatrix":[0.839806318,-0.542402446,0.0229111873,0.542543352,0.840027809,7.96316963e-05,-0.0192892253,0.0123634366,0.999737501],"scale":1,"type":"italy_guardrails_basic"}
{"ctxid":0,"pos":[-620.312012,1141.95996,209.016998],"rotationMatrix":[0.844053507,-0.535724819,0.0239289328,0.535876751,0.844296217,7.47446757e-05,-0.0202431511,0.0127598708,0.999713659],"scale":1,"type":"italy_guardrails_basic"}
{"ctxid":0,"pos":[-622.788025,1143.52002,208.945007],"rotationMatrix":[0.847143888,-0.530786753,0.0247515738,0.530948639,0.847404003,3.79343255e-05,-0.0209947191,0.0131096793,0.999693632],"scale":1,"type":"italy_guardrails_basic"}
{"ctxid":0,"pos":[-543.138977,1062.70996,209.255005],"rotationMatrix":[0.708509445,-0.705534577,-0.0153395794,0.70561707,0.708593369,-5.10348946e-05,0.0109055312,-0.0107877096,0.99988234],"scale":1,"type":"italy_guardrails_basic"}
{"ctxid":0,"pos":[-545.216003,1064.78003,209.296005],"rotationMatrix":[0.709910631,-0.704171777,-0.013001143,0.704231679,0.709970236,4.37150738e-05,0.00919964164,-0.00918685086,0.999915481],"scale":1,"type":"italy_guardrails_basic"}
{"ctxid":0,"pos":[-547.294983,1066.83997,209.332001],"rotationMatrix":[0.70947361,-0.704645753,-0.0110267755,0.704688549,0.709516764,-2.24721384e-06,0.00782526564,-0.00776884798,0.999939203],"scale":1,"type":"italy_guardrails_basic"}
{"ctxid":0,"pos":[-549.367981,1068.91003,209.360992],"rotationMatrix":[0.707352161,-0.706803322,-0.00905575138,0.706831753,0.707381725,-8.76489139e-05,0.0064678234,-0.00633889344,0.999958992],"scale":1,"type":"italy_guardrails_basic"}
{"ctxid":0,"pos":[-551.434021,1070.97998,209.384995],"rotationMatrix":[0.703372836,-0.710783064,-0.00735658593,0.710802138,0.703392029,-3.04454225e-05,0.00519620394,-0.00520766247,0.999972939],"scale":1,"type":"italy_guardrails_basic"}
{"ctxid":0,"pos":[-553.486023,1073.06995,209.404007],"rotationMatrix":[0.697655559,-0.716411054,-0.00565222325,0.716422558,0.697666645,1.43111847e-05,0.00393311493,-0.00405936455,0.999984026],"scale":1,"type":"italy_guardrails_basic"}
{"ctxid":0,"pos":[-555.518005,1075.18005,209.417999],"rotationMatrix":[0.690150142,-0.723653376,-0.00431154715,0.723659813,0.690156817,-8.43994712e-05,0.00303671975,-0.0030618452,0.999990702],"scale":1,"type":"italy_guardrails_basic"}
{"ctxid":0,"pos":[-557.525024,1077.31006,209.429001],"rotationMatrix":[0.68095541,-0.732318521,-0.0030491692,0.732321978,0.680958509,2.94911006e-05,0.00205476093,-0.00225305581,0.999995351],"scale":1,"type":"italy_guardrails_basic"}
{"ctxid":0,"pos":[-559.502991,1079.46997,209.436996],"rotationMatrix":[0.670001507,-0.742357194,-0.00195298542,0.742358565,0.670002818,-2.32691691e-05,0.00132577983,-0.00143422512,0.999998093],"scale":1,"type":"italy_guardrails_basic"}
{"ctxid":0,"pos":[-561.445007,1081.65002,209.440994],"rotationMatrix":[0.657372952,-0.753564119,-0.00137459359,0.753564954,0.657373428,0.00013356749,0.000802969618,-0.00112364918,0.999999046],"scale":1,"type":"italy_guardrails_basic"}
{"ctxid":0,"pos":[-502.53299,1030.06006,207.153],"rotationMatrix":[0.950384498,-0.310029894,-0.0255103167,0.310130239,0.950694084,-2.42567821e-05,0.0242600273,-0.00788846705,0.999674559],"scale":1,"type":"italy_guardrails_basic"}
{"ctxid":0,"pos":[-505.273987,1031.06006,207.238007],"rotationMatrix":[0.925843239,-0.376516998,-0.0323920175,0.376714021,0.926329613,-2.24786963e-05,0.030014148,-0.0121817151,0.999475241],"scale":1,"type":"italy_guardrails_basic"}
{"ctxid":0,"pos":[-507.942993,1032.25,207.341995],"rotationMatrix":[0.899485588,-0.435262561,-0.0383688472,0.435584366,0.900147915,3.00067404e-05,0.0345245786,-0.0167398602,0.999263644],"scale":1,"type":"italy_guardrails_basic"}
{"ctxid":0,"pos":[-510.53299,1033.59998,207.460999],"rotationMatrix":[0.872521281,-0.486665726,-0.0431634523,0.48711729,0.873336554,-6.39813952e-05,0.0377273597,-0.0209698398,0.999068022],"scale":1,"type":"italy_guardrails_basic"}
{"ctxid":0,"pos":[-513.046021,1035.07996,207.593002],"rotationMatrix":[0.8459723,-0.531166792,-0.0468265191,0.531751633,0.846900344,3.90953428e-05,0.0396366306,-0.0249331519,0.998903036],"scale":1,"type":"italy_guardrails_basic"}
{"ctxid":0,"pos":[-515.484009,1036.68994,207.733994],"rotationMatrix":[0.820552707,-0.569411159,-0.0496407486,0.570112586,0.821566582,-3.52434945e-05,0.0408032462,-0.0282718949,0.998767138],"scale":1,"type":"italy_guardrails_basic"}
{"ctxid":0,"pos":[-517.848999,1038.41003,207.882996],"rotationMatrix":[0.796678662,-0.602191925,-0.0516529568,0.602995276,0.797744751,-3.77524739e-05,0.0412286073,-0.031116413,0.998665094],"scale":1,"type":"italy_guardrails_basic"}
{"ctxid":0,"pos":[-520.148987,1040.20996,208.035004],"rotationMatrix":[0.77458787,-0.630274236,-0.0526120551,0.631147265,0.775663018,-2.63921538e-05,0.0408258587,-0.0331855118,0.998615026],"scale":1,"type":"italy_guardrails_basic"}
{"ctxid":0,"pos":[-522.38501,1042.08997,208.190002],"rotationMatrix":[0.75474894,-0.653878748,-0.052882798,0.654791236,0.755809784,-9.41940962e-05,0.0400309302,-0.034556102,0.998600721],"scale":1,"type":"italy_guardrails_basic"}
{"ctxid":0,"pos":[-524.567993,1044.04004,208.343994],"rotationMatrix":[0.737165213,-0.673701704,-0.0520912893,0.674615383,0.738169432,-5.76986604e-05,0.0384910703,-0.0350990519,0.998642325],"scale":1,"type":"italy_guardrails_basic"}
{"ctxid":0,"pos":[-526.703979,1046.03003,208.494995],"rotationMatrix":[0.722127438,-0.689906597,-0.0506051332,0.690790236,0.723055243,-3.95974021e-05,0.0366176255,-0.0349289365,0.998718739],"scale":1,"type":"italy_guardrails_basic"}
{"ctxid":0,"pos":[-528.799011,1048.06995,208.639999],"rotationMatrix":[0.709597111,-0.702954888,-0.0482319817,0.703775525,0.710422397,4.50988118e-05,0.0342333764,-0.0339764915,0.99883616],"scale":1,"type":"italy_guardrails_basic"}
{"ctxid":0,"pos":[-530.862976,1050.15002,208.776001],"rotationMatrix":[0.700077534,-0.712670505,-0.0446338542,0.713379145,0.700778246,-7.31007458e-05,0.0313305296,-0.0317896828,0.99900341],"scale":1,"type":"italy_guardrails_basic"}
{"ctxid":0,"pos":[-532.903992,1052.23999,208.899994],"rotationMatrix":[0.693888187,-0.718997717,-0.0395158902,0.719558179,0.694432139,-5.49140168e-05,0.0274805855,-0.0283958782,0.999218941],"scale":1,"type":"italy_guardrails_basic"}
{"ctxid":0,"pos":[-534.932983,1054.35999,209.005997],"rotationMatrix":[0.6917454,-0.721396446,-0.0327940471,0.721782923,0.692119479,-7.65052464e-05,0.0227525886,-0.023617262,0.999462128],"scale":1,"type":"italy_guardrails_basic"}
{"ctxid":0,"pos":[-536.965027,1056.46997,209.089996],"rotationMatrix":[0.695094228,-0.718529224,-0.0236585513,0.718729794,0.695289493,-3.83399674e-05,0.0164770894,-0.0169774555,0.999720097],"scale":1,"type":"italy_guardrails_basic"}
{"ctxid":0,"pos":[-539.01001,1058.56006,209.151993],"rotationMatrix":[0.700911641,-0.712968111,-0.0199826248,0.713111579,0.70105052,7.71698906e-05,0.0139538096,-0.014303931,0.999800324],"scale":1,"type":"italy_guardrails_basic"}
{"ctxid":0,"pos":[-541.06897,1060.64001,209.207001],"rotationMatrix":[0.705417395,-0.708574474,-0.0175637864,0.708684504,0.705525517,5.68017349e-05,0.0123514514,-0.0124872532,0.999845743],"scale":1,"type":"italy_guardrails_basic"}
{"ctxid":0,"pos":[-563.348999,1083.88,209.444],"rotationMatrix":[0.64332521,-0.765592694,-0.00068788504,0.765592933,0.643325329,6.04255074e-05,0.000396272546,-0.000565513212,0.999999762],"scale":1,"type":"italy_guardrails_basic"}
{"ctxid":0,"pos":[-565.210022,1086.14001,209.445007],"rotationMatrix":[0.627788067,-0.778384328,0,0.778384328,0.627788067,0,0,0,1],"scale":1,"type":"italy_guardrails_basic"}
{"ctxid":0,"pos":[-567.025024,1088.43005,209.445999],"rotationMatrix":[0.616311789,-0.787501991,-0.000620772713,0.787501991,0.616312027,-0.000302453875,0.000620772713,-0.000302453875,0.999999762],"scale":1,"type":"italy_guardrails_basic"}
{"ctxid":0,"pos":[-568.825012,1090.73999,209.449997],"rotationMatrix":[0.614029408,-0.789280713,-0.0019508329,0.789282143,0.614030719,-9.45757783e-05,0.00127251819,-0.00148168521,0.999998093],"scale":1,"type":"italy_guardrails_basic"}
{"ctxid":0,"pos":[-570.619995,1093.05005,209.457001],"rotationMatrix":[0.613324404,-0.789825976,-0.00284646964,0.789829075,0.613327026,-6.18557169e-05,0.00179467199,-0.00221028691,0.999995947],"scale":1,"type":"italy_guardrails_basic"}
{"ctxid":0,"pos":[-572.416016,1095.35999,209.466003],"rotationMatrix":[0.613850832,-0.789415121,-0.00331149437,0.789419353,0.613854289,-3.50691116e-05,0.002060459,-0.00259263045,0.999994516],"scale":1,"type":"italy_guardrails_basic"}
{"ctxid":0,"pos":[-574.213989,1097.67004,209.477005],"rotationMatrix":[0.615429759,-0.788182795,-0.00375044858,0.788188279,0.61543417,-2.79636515e-05,0.00233019469,-0.00293885008,0.999992967],"scale":1,"type":"italy_guardrails_basic"}
{"ctxid":0,"pos":[-576.018005,1099.96997,209.488007],"rotationMatrix":[0.617706537,-0.786399782,-0.00375001179,0.786405146,0.617711067,-6.37102421e-05,0.00236652535,-0.00290967431,0.999992967],"scale":1,"type":"italy_guardrails_basic"}
{"ctxid":0,"pos":[-577.830017,1102.27002,209.498993],"rotationMatrix":[0.62084794,-0.783922017,-0.00375052262,0.7839275,0.620852351,-1.50378719e-05,0.00234030932,-0.00293080183,0.999992967],"scale":1,"type":"italy_guardrails_basic"}
{"ctxid":0,"pos":[-579.651978,1104.56006,209.509995],"rotationMatrix":[0.62466979,-0.780880034,-0.00375054823,0.780885458,0.624674201,-5.87766363e-06,0.00234746048,-0.00292507699,0.999992967],"scale":1,"type":"italy_guardrails_basic"}
{"ctxid":0,"pos":[-581.487,1106.83997,209.520004],"rotationMatrix":[0.629162788,-0.777266502,-0.00331130833,0.777270675,0.629166365,-4.96211178e-05,0.00212193257,-0.00254256302,0.999994516],"scale":1,"type":"italy_guardrails_basic"}
{"ctxid":0,"pos":[-583.336975,1109.10999,209.529999],"rotationMatrix":[0.634655118,-0.772790253,-0.00284704869,0.772793353,0.634657741,-2.29975176e-05,0.00182467373,-0.00218558474,0.999995947],"scale":1,"type":"italy_guardrails_basic"}
{"ctxid":0,"pos":[-585.203003,1111.35999,209.537003],"rotationMatrix":[0.641124129,-0.767433941,-0.00223543262,0.767435968,0.64112556,9.81073681e-05,0.00135790207,-0.00177845045,0.999997497],"scale":1,"type":"italy_guardrails_basic"}
{"ctxid":0,"pos":[-587.090027,1113.59998,209.542999],"rotationMatrix":[0.648374081,-0.761320353,-0.00154333981,0.761321306,0.648374796,4.78177026e-05,0.000964258041,-0.00120598124,0.999998808],"scale":1,"type":"italy_guardrails_basic"}
{"ctxid":0,"pos":[-589.000977,1115.81995,209.546005],"rotationMatrix":[0.657042265,-0.753853619,-0.000444448902,0.753853619,0.657042384,-0.000202197261,0.000444448902,-0.000202197261,0.999999881],"scale":1,"type":"italy_guardrails_basic"}
{"ctxid":0,"pos":[-590.939026,1118.01001,209.546005],"rotationMatrix":[0.667235017,-0.74484694,0.000686842483,0.744847119,0.667235136,-7.13055852e-05,-0.000405173691,0.000559170265,0.999999762],"scale":1,"type":"italy_guardrails_basic"}
{"ctxid":0,"pos":[-592.909973,1120.18005,209.542007],"rotationMatrix":[0.67919755,-0.733952284,0.00218343362,0.733953953,0.679199219,3.13633573e-05,-0.00150600565,0.00158123777,0.999997616],"scale":1,"type":"italy_guardrails_basic"}
{"ctxid":0,"pos":[-594.919006,1122.31006,209.533005],"rotationMatrix":[0.693761349,-0.720193028,0.0041431943,0.720199227,0.693767309,1.94861877e-06,-0.00287581631,0.00298257358,0.999991417],"scale":1,"type":"italy_guardrails_basic"}
{"ctxid":0,"pos":[-596.974976,1124.39001,209.516998],"rotationMatrix":[0.71133399,-0.702824473,0.0064591961,0.702838957,0.71134901,4.0004652e-05,-0.00462285895,0.00451131817,0.999979138],"scale":1,"type":"italy_guardrails_basic"}
{"ctxid":0,"pos":[-625.270996,1145.06995,208.871994],"rotationMatrix":[0.849435806,-0.527071834,0.0255756434,0.52724421,0.849713802,3.40716906e-06,-0.0217337739,0.0134817157,0.99967289],"scale":1,"type":"italy_guardrails_basic"}
{"ctxid":0,"pos":[-627.76001,1146.60999,208.794998],"rotationMatrix":[0.851055861,-0.524411023,0.0264010299,0.524593949,0.851352572,-3.05433832e-06,-0.0224749837,0.0138524203,0.999651432],"scale":1,"type":"italy_guardrails_basic"}
{"ctxid":0,"pos":[-630.252991,1148.14001,208.716995],"rotationMatrix":[0.851911545,-0.522987664,0.027029926,0.523180008,0.852222204,-5.09368183e-05,-0.0230088625,0.0141849099,0.999634624],"scale":1,"type":"italy_guardrails_basic"}
{"ctxid":0,"pos":[-632.745972,1149.67004,208.636993],"rotationMatrix":[0.852330327,-0.522271812,0.0276616607,0.522474051,0.852655172,-9.85974475e-05,-0.0235343631,0.0145365382,0.999617338],"scale":1,"type":"italy_guardrails_basic"}
{"ctxid":0,"pos":[-635.241028,1151.19995,208.554993],"rotationMatrix":[0.852314234,-0.522267044,0.0282415692,0.522474051,0.852655172,5.68672513e-05,-0.0241100192,0.0147070186,0.999601126],"scale":1,"type":"italy_guardrails_basic"}
{"ctxid":0,"pos":[-637.736023,1152.72998,208.472],"rotationMatrix":[0.851868629,-0.522969842,0.0286770798,0.523185074,0.852219105,-1.23870325e-06,-0.0244385079,0.0150044747,0.999588728],"scale":1,"type":"italy_guardrails_basic"}
{"ctxid":0,"pos":[-640.228027,1154.26001,208.386993],"rotationMatrix":[0.851089835,-0.524201334,0.0293099955,0.524426937,0.85145545,-1.2752208e-05,-0.0249494705,0.0153818047,0.99957037],"scale":1,"type":"italy_guardrails_basic"}
{"ctxid":0,"pos":[-642.71698,1155.80005,208.300003],"rotationMatrix":[0.850095868,-0.525786996,0.029749753,0.52602154,0.850471258,-6.67916538e-05,-0.025266191,0.0157057904,0.999557376],"scale":1,"type":"italy_guardrails_basic"}
{"ctxid":0,"pos":[-645.203979,1157.33997,208.212997],"rotationMatrix":[0.848769188,-0.527904093,0.0301357266,0.528141856,0.849156141,8.06018288e-05,-0.0256324876,0.0158475265,0.999545813],"scale":1,"type":"italy_guardrails_basic"}
