{"ctxid":0,"pos":[-544.906616,1889.66943,148.689896],"rotationMatrix":[-0.204972506,0.978767693,5.67482843e-08,-0.978767693,-0.204972506,1.13968795e-07,1.23180826e-07,-3.21829141e-08,1],"scale":0.999999881,"type":"italy_wall_concrete_airport_10m"}
{"ctxid":0,"pos":[-542.800781,1879.88428,148.689896],"rotationMatrix":[-0.215519071,0.976499557,6.85513442e-08,-0.976499557,-0.215519071,-1.27390791e-07,-1.09622917e-07,-9.43955243e-08,1],"scale":0.99999994,"type":"italy_wall_concrete_airport_10m"}
{"ctxid":0,"pos":[-540.600464,1870.11914,148.689896],"rotationMatrix":[-0.223457098,0.974713743,2.01061425e-08,-0.974713743,-0.223457098,1.77679993e-07,1.77679993e-07,2.01061283e-08,1],"scale":0.99999994,"type":"italy_wall_concrete_airport_10m"}
{"ctxid":0,"pos":[-538.344849,1860.36768,148.689896],"rotationMatrix":[-0.226136208,0.974095643,5.45892572e-19,-0.974095643,-0.226136208,-1.3010424e-18,-1.1438938e-18,-8.2596445e-19,1],"scale":0.99999994,"type":"italy_wall_concrete_airport_10m"}
{"ctxid":0,"pos":[-536.095215,1850.61426,148.689896],"rotationMatrix":[-0.222362399,0.974964023,7.47730127e-08,-0.974964023,-0.222362399,-6.84000057e-08,-5.00608373e-08,-8.8110589e-08,1],"scale":0.99999994,"type":"italy_wall_concrete_airport_10m"}
{"ctxid":0,"pos":[-533.909546,1840.84717,148.689896],"rotationMatrix":[-0.21383059,0.976870775,3.06270529e-08,-0.976870775,-0.21383059,-6.32651478e-08,-5.52528725e-08,-4.34466898e-08,1],"scale":0.99999994,"type":"italy_wall_concrete_airport_10m"}
{"ctxid":0,"pos":[-1901.62256,1547.2832,152.433014],"rotationMatrix":[-0.999985933,0.00530532887,-4.18113082e-08,-0.00530532887,-0.999985933,-1.26551882e-07,-4.24821174e-08,-1.26328288e-07,1],"scale":0.99999994,"type":"italy_wall_concrete_airport_10m"}
{"ctxid":0,"pos":[-1891.62305,1547.55835,152.433014],"rotationMatrix":[-0.998177648,-0.0603444912,-3.83114127e-08,0.0603444912,-0.998177648,1.27655809e-07,-4.59449154e-08,1.25111299e-07,1],"scale":0.999999881,"type":"italy_wall_concrete_airport_10m"}
{"ctxid":0,"pos":[-1881.66602,1548.50916,152.433014],"rotationMatrix":[-0.99159646,-0.129369244,-6.6763902e-18,0.129369244,-0.99159646,-1.30103878e-18,-6.45197031e-18,-2.15382508e-18,1],"scale":1,"type":"italy_wall_concrete_airport_10m"}
{"ctxid":0,"pos":[-1871.79834,1550.13953,152.433014],"rotationMatrix":[-0.98085928,-0.194717661,-1.29958607e-07,0.194717661,-0.98085928,-2.95755402e-08,-1.21712219e-07,-5.43146825e-08,1],"scale":1,"type":"italy_wall_concrete_airport_10m"}
{"ctxid":0,"pos":[-1862.04395,1552.36108,152.433014],"rotationMatrix":[-0.969416857,-0.245420247,-3.48014529e-18,0.245420247,-0.969416857,-1.30104106e-18,-3.05440929e-18,-2.11534898e-18,1],"scale":0.99999994,"type":"italy_wall_concrete_airport_10m"}
{"ctxid":0,"pos":[-1852.3833,1554.9613,152.433014],"rotationMatrix":[-0.963232636,-0.268668622,1.67030549e-07,0.268668622,-0.963232636,-2.28582682e-08,1.67030578e-07,2.28580372e-08,1],"scale":1,"type":"italy_wall_concrete_airport_10m"}
{"ctxid":0,"pos":[-1842.73584,1557.61035,152.433014],"rotationMatrix":[-0.967242479,-0.253853679,-1.07879297e-08,0.253853679,-0.967242479,-8.36009519e-08,1.07878639e-08,-8.36009661e-08,1],"scale":1,"type":"italy_wall_concrete_airport_10m"}
{"ctxid":0,"pos":[-1833.00146,1559.9115,152.433014],"rotationMatrix":[-0.978786707,-0.204882026,-4.1885436e-18,0.204882026,-0.978786707,-1.30104281e-18,-3.83313056e-18,-2.1316006e-18,1],"scale":0.999999881,"type":"italy_wall_concrete_airport_10m"}
{"ctxid":0,"pos":[-1823.20166,1561.92676,152.433014],"rotationMatrix":[-0.979473114,-0.201575309,-4.25874393e-18,0.201575309,-0.979473114,-1.30104168e-18,-3.90906656e-18,-2.13279277e-18,1],"scale":0.99999994,"type":"italy_wall_concrete_airport_10m"}
{"ctxid":0,"pos":[-1813.40283,1563.94495,152.433014],"rotationMatrix":[-0.979431868,-0.201775208,-4.25444218e-18,0.201775208,-0.979431868,-1.30104116e-18,-3.90441822e-18,-2.13272205e-18,1],"scale":0.99999994,"type":"italy_wall_concrete_airport_10m"}
{"ctxid":0,"pos":[-1803.60449,1565.96387,152.433014],"rotationMatrix":[-0.97941792,-0.201842666,-4.25297104e-18,0.201842666,-0.97941792,-1.30104271e-18,-3.90283045e-18,-2.13269579e-18,1],"scale":0.99999994,"type":"italy_wall_concrete_airport_10m"}
{"ctxid":0,"pos":[-1793.80469,1567.98352,152.433014],"rotationMatrix":[-0.979406714,-0.201897338,-1.12957579e-07,0.201897338,-0.979406714,1.3861812e-07,-1.38618034e-07,1.12957686e-07,1],"scale":1,"type":"italy_wall_concrete_airport_10m"}
{"ctxid":0,"pos":[-1784.00684,1570.00354,152.433014],"rotationMatrix":[-0.979402184,-0.201919273,-4.25133322e-18,0.201919273,-0.979402184,-1.30104188e-18,-3.90105946e-18,-2.13266932e-18,1],"scale":0.99999994,"type":"italy_wall_concrete_airport_10m"}
{"ctxid":0,"pos":[-1774.20801,1572.02368,152.433014],"rotationMatrix":[-0.979398847,-0.201934919,-4.25101476e-18,0.201934919,-0.979398847,-1.30104054e-18,-3.90071369e-18,-2.13266601e-18,1],"scale":1.00000012,"type":"italy_wall_concrete_airport_10m"}
{"ctxid":0,"pos":[-1764.40967,1574.04382,152.433014],"rotationMatrix":[-0.979396224,-0.201947287,-4.62069991e-08,0.201947287,-0.979396224,-3.76513611e-08,-3.76513754e-08,-4.62069849e-08,1],"scale":0.99999994,"type":"italy_wall_concrete_airport_10m"}
{"ctxid":0,"pos":[-1754.61084,1576.0647,152.433014],"rotationMatrix":[-0.979393959,-0.201959923,-4.25046675e-18,0.201959923,-0.979393959,-1.30104137e-18,-3.90012267e-18,-2.13265567e-18,1],"scale":0.99999994,"type":"italy_wall_concrete_airport_10m"}
{"ctxid":0,"pos":[-1744.8125,1578.08508,152.433014],"rotationMatrix":[-0.979393482,-0.201962009,-4.25041216e-18,0.201962009,-0.979393482,-1.3010424e-18,-3.90006394e-18,-2.13265401e-18,1],"scale":0.99999994,"type":"italy_wall_concrete_airport_10m"}
{"ctxid":0,"pos":[-1735.01416,1580.10559,152.433014],"rotationMatrix":[-0.979393959,-0.201958954,-4.6207191e-08,0.201958954,-0.979393959,-3.76511267e-08,-3.76510627e-08,-4.62072407e-08,1],"scale":0.999999881,"type":"italy_wall_concrete_airport_10m"}
{"ctxid":0,"pos":[-1725.21533,1582.12622,152.433014],"rotationMatrix":[-0.979394197,-0.201957792,-4.25050935e-18,0.201957792,-0.979394197,-1.30104126e-18,-3.90016858e-18,-2.13265587e-18,1],"scale":0.999999821,"type":"italy_wall_concrete_airport_10m"}
{"ctxid":0,"pos":[-1715.41699,1584.14661,152.433014],"rotationMatrix":[-0.979394436,-0.201957554,-4.25052093e-18,0.201957554,-0.979394436,-1.30104095e-18,-3.90018099e-18,-2.13265691e-18,1],"scale":1,"type":"italy_wall_concrete_airport_10m"}
{"ctxid":0,"pos":[-1705.61768,1586.16724,152.433014],"rotationMatrix":[-0.979394197,-0.201958746,-4.25050066e-18,0.201958746,-0.979394197,-1.30104044e-18,-3.90015824e-18,-2.13265691e-18,1],"scale":0.999999821,"type":"italy_wall_concrete_airport_10m"}
{"ctxid":0,"pos":[-1695.81934,1588.18787,152.433014],"rotationMatrix":[-0.979395032,-0.201953605,-9.24141759e-08,0.201953605,-0.979395032,-7.53024949e-08,-7.53023741e-08,-9.24142682e-08,1],"scale":0.999999821,"type":"italy_wall_concrete_airport_10m"}
{"ctxid":0,"pos":[-1686.021,1590.20813,152.433014],"rotationMatrix":[-0.979395509,-0.201951489,4.62070879e-08,0.201951489,-0.979395509,3.76511906e-08,3.76513007e-08,4.62069991e-08,1],"scale":1.00000012,"type":"italy_wall_concrete_airport_10m"}
{"ctxid":0,"pos":[-1676.22217,1592.22864,152.433014],"rotationMatrix":[-0.979396462,-0.20194611,-1.12954332e-07,0.20194611,-0.979396462,1.38620933e-07,-1.38621061e-07,1.1295419e-07,1],"scale":0.999999881,"type":"italy_wall_concrete_airport_10m"}
{"ctxid":0,"pos":[-1666.42334,1594.24902,152.433014],"rotationMatrix":[-0.979398131,-0.201938659,2.56657806e-08,0.201938659,-0.979398131,2.51575187e-07,-2.5665738e-08,2.51575187e-07,1],"scale":0.99999994,"type":"italy_wall_concrete_airport_10m"}
{"ctxid":0,"pos":[-1656.62549,1596.26941,152.433014],"rotationMatrix":[-0.979399323,-0.201932818,-3.76517235e-08,0.201932818,-0.979399323,4.62066936e-08,-4.6206722e-08,3.7651688e-08,1],"scale":0.999999821,"type":"italy_wall_concrete_airport_10m"}
{"ctxid":0,"pos":[-1646.82715,1598.28955,152.433014],"rotationMatrix":[-0.979400992,-0.201924652,-4.25121287e-18,0.201924652,-0.979400992,-1.30104219e-18,-3.90093e-18,-2.13266683e-18,1],"scale":0.999999881,"type":"italy_wall_concrete_airport_10m"}
{"ctxid":0,"pos":[-1637.02734,1600.30981,152.433014],"rotationMatrix":[-0.979403138,-0.201914608,-4.25143538e-18,0.201914608,-0.979403138,-1.30104178e-18,-3.90116988e-18,-2.13267138e-18,1],"scale":1,"type":"italy_wall_concrete_airport_10m"}
{"ctxid":0,"pos":[-1627.22949,1602.32983,152.433014],"rotationMatrix":[-0.979405046,-0.201905265,-4.251643e-18,0.201905265,-0.979405046,-1.30104095e-18,-3.90139405e-18,-2.13267511e-18,1],"scale":0.99999994,"type":"italy_wall_concrete_airport_10m"}
{"ctxid":0,"pos":[-1617.43066,1604.34985,152.433014],"rotationMatrix":[-0.979407191,-0.201894507,-4.25187172e-18,0.201894507,-0.979407191,-1.30104085e-18,-3.90164096e-18,-2.13267841e-18,1],"scale":0.999999821,"type":"italy_wall_concrete_airport_10m"}
{"ctxid":0,"pos":[-1607.63281,1606.36963,152.433014],"rotationMatrix":[-0.979410052,-0.201881438,-4.25214634e-18,0.201881438,-0.979410052,-1.30104199e-18,-3.90193792e-18,-2.13268296e-18,1],"scale":0.999999881,"type":"italy_wall_concrete_airport_10m"}
{"ctxid":0,"pos":[-1597.83398,1608.38953,152.433014],"rotationMatrix":[-0.979412436,-0.201869771,-9.24110424e-08,0.201869771,-0.979412436,-7.53063389e-08,-7.53064455e-08,-9.241095e-08,1],"scale":1,"type":"italy_wall_concrete_airport_10m"}
{"ctxid":0,"pos":[-1588.03516,1610.40906,152.433014],"rotationMatrix":[-0.979415536,-0.201854602,4.62051801e-08,0.201854602,-0.979415536,3.76535709e-08,3.76535212e-08,4.62052228e-08,1],"scale":0.999999881,"type":"italy_wall_concrete_airport_10m"}
{"ctxid":0,"pos":[-1578.23584,1612.42834,152.433014],"rotationMatrix":[-0.979418993,-0.201837793,-4.25310173e-18,0.201837793,-0.979418993,-1.30104044e-18,-3.90296942e-18,-2.13270033e-18,1],"scale":0.99999994,"type":"italy_wall_concrete_airport_10m"}
{"ctxid":0,"pos":[-1568.43652,1614.44775,152.433014],"rotationMatrix":[-0.979422331,-0.201821432,-4.25344832e-18,0.201821432,-0.979422331,-1.30104085e-18,-3.90334413e-18,-2.1327055e-18,1],"scale":0.99999994,"type":"italy_wall_concrete_airport_10m"}
{"ctxid":0,"pos":[-1558.63818,1616.4668,152.433014],"rotationMatrix":[-0.97942543,-0.201806262,-4.25378002e-18,0.201806262,-0.97942543,-1.30104054e-18,-3.9037023e-18,-2.13271171e-18,1],"scale":1,"type":"italy_wall_concrete_airport_10m"}
{"ctxid":0,"pos":[-1548.83936,1618.4856,152.433014],"rotationMatrix":[-0.979429007,-0.2017885,-4.62039083e-08,0.2017885,-0.979429007,-3.76551412e-08,-3.76550773e-08,-4.6203958e-08,1],"scale":0.999999821,"type":"italy_wall_concrete_airport_10m"}
{"ctxid":0,"pos":[-1539.04053,1620.50452,152.433014],"rotationMatrix":[-0.97943306,-0.20176889,-4.2545857e-18,0.20176889,-0.97943306,-1.30104044e-18,-3.90457249e-18,-2.13272515e-18,1],"scale":1.00000012,"type":"italy_wall_concrete_airport_10m"}
{"ctxid":0,"pos":[-1529.24121,1622.52258,152.433014],"rotationMatrix":[-0.97943759,-0.201747656,-4.25502162e-18,0.201747656,-0.97943759,-1.30104199e-18,-3.90504564e-18,-2.13272991e-18,1],"scale":0.999999881,"type":"italy_wall_concrete_airport_10m"}
{"ctxid":0,"pos":[-1519.44238,1624.54126,152.433014],"rotationMatrix":[-0.979442239,-0.201724783,-4.25551586e-18,0.201724783,-0.979442239,-1.30104261e-18,-3.90557958e-18,-2.13273901e-18,1],"scale":1,"type":"italy_wall_concrete_airport_10m"}
{"ctxid":0,"pos":[-1509.64404,1626.55933,152.433014],"rotationMatrix":[-0.979447484,-0.20169884,1.12971492e-07,0.20169884,-0.979447484,-1.38606751e-07,1.38606481e-07,-1.12971826e-07,1],"scale":1.00000012,"type":"italy_wall_concrete_airport_10m"}
{"ctxid":0,"pos":[-1499.84473,1628.57703,152.433014],"rotationMatrix":[-0.979453206,-0.201671049,-4.25667557e-18,0.201671049,-0.979453206,-1.30104199e-18,-3.90683276e-18,-2.13275824e-18,1],"scale":0.99999994,"type":"italy_wall_concrete_airport_10m"}
{"ctxid":0,"pos":[-1490.04541,1630.59473,152.433014],"rotationMatrix":[-0.979459882,-0.201639771,-4.25734724e-18,0.201639771,-0.979459882,-1.30104219e-18,-3.9075582e-18,-2.13276899e-18,1],"scale":0.999999881,"type":"italy_wall_concrete_airport_10m"}
{"ctxid":0,"pos":[-1480.24609,1632.61194,152.433014],"rotationMatrix":[-0.979467154,-0.201603323,-4.25813844e-18,0.201603323,-0.979467154,-1.30104157e-18,-3.90841309e-18,-2.13278243e-18,1],"scale":0.99999994,"type":"italy_wall_concrete_airport_10m"}
{"ctxid":0,"pos":[-1470.44678,1634.62866,152.433014],"rotationMatrix":[-0.97947526,-0.201564804,-4.2589652e-18,0.201564804,-0.97947526,-1.30104199e-18,-3.90930686e-18,-2.13279587e-18,1],"scale":0.999999881,"type":"italy_wall_concrete_airport_10m"}
{"ctxid":0,"pos":[-1460.64648,1636.64502,152.433014],"rotationMatrix":[-0.979484081,-0.201521352,-8.5374543e-09,0.201521352,-0.979484081,-8.3860165e-08,8.53731219e-09,-8.38601792e-08,1],"scale":1.00000012,"type":"italy_wall_concrete_airport_10m"}
{"ctxid":0,"pos":[-1450.84766,1638.66077,152.433014],"rotationMatrix":[-0.979494214,-0.201471835,-4.26097732e-18,0.201471835,-0.979494214,-1.30104137e-18,-3.91147945e-18,-2.13282958e-18,1],"scale":0.99999994,"type":"italy_wall_concrete_airport_10m"}
{"ctxid":0,"pos":[-1441.04736,1640.67627,152.433014],"rotationMatrix":[-0.979505181,-0.201418832,-4.61968455e-08,0.201418832,-0.979505181,-3.76637495e-08,-3.76638596e-08,-4.61967566e-08,1],"scale":1.00000012,"type":"italy_wall_concrete_airport_10m"}
{"ctxid":0,"pos":[-1431.24805,1642.69116,152.433014],"rotationMatrix":[-0.97951746,-0.201358572,-4.26342826e-18,0.201358572,-0.97951746,-1.30104085e-18,-3.91412726e-18,-2.13287032e-18,1],"scale":0.99999994,"type":"italy_wall_concrete_airport_10m"}
{"ctxid":0,"pos":[-1421.44873,1644.7052,152.433014],"rotationMatrix":[-0.979532242,-0.201288044,8.52740722e-09,0.201288044,-0.979532242,8.3861238e-08,-8.52739479e-09,8.3861238e-08,1],"scale":0.99999994,"type":"italy_wall_concrete_airport_10m"}
{"ctxid":0,"pos":[-1411.64795,1646.71887,152.433014],"rotationMatrix":[-0.979550958,-0.201196045,-4.2669537e-18,0.201196045,-0.979550958,-1.30104054e-18,-3.91793477e-18,-2.13292988e-18,1],"scale":1.00000012,"type":"italy_wall_concrete_airport_10m"}
{"ctxid":0,"pos":[-1401.84863,1648.73096,152.433014],"rotationMatrix":[-0.979574442,-0.201082081,2.91533553e-08,0.201082081,-0.979574442,-1.30052541e-07,5.4709119e-08,-1.2153393e-07,1],"scale":0.999999881,"type":"italy_wall_concrete_airport_10m"}
{"ctxid":0,"pos":[-1392.04834,1650.74219,152.433014],"rotationMatrix":[-0.979602456,-0.200946167,-4.27234857e-18,0.200946167,-0.979602456,-1.3010424e-18,-3.92376308e-18,-2.13301611e-18,1],"scale":0.99999994,"type":"italy_wall_concrete_airport_10m"}
{"ctxid":0,"pos":[-1382.24756,1652.75183,152.433014],"rotationMatrix":[-0.979638219,-0.200771227,-4.27613913e-18,0.200771227,-0.979638219,-1.30104281e-18,-3.92785721e-18,-2.13307691e-18,1],"scale":0.999999881,"type":"italy_wall_concrete_airport_10m"}
{"ctxid":0,"pos":[-1372.4458,1654.75952,152.433014],"rotationMatrix":[-0.979691386,-0.20051147,-4.28181028e-18,0.20051147,-0.979691386,-1.30104157e-18,-3.93397835e-18,-2.13317121e-18,1],"scale":0.999999881,"type":"italy_wall_concrete_airport_10m"}
{"ctxid":0,"pos":[-1362.64404,1656.76367,152.433014],"rotationMatrix":[-0.979772925,-0.200112283,-4.29054117e-18,0.200112283,-0.979772925,-1.30104085e-18,-3.94340242e-18,-2.13331472e-18,1],"scale":1.00000012,"type":"italy_wall_concrete_airport_10m"}
{"ctxid":0,"pos":[-1352.84082,1658.76416,152.433014],"rotationMatrix":[-0.979805231,-0.199954376,6.69262548e-08,0.199954376,-0.979805231,-1.76204338e-07,1.00807519e-07,-1.5926372e-07,1],"scale":1,"type":"italy_wall_concrete_airport_10m"}
{"ctxid":0,"pos":[-1343.03906,1660.76562,152.433014],"rotationMatrix":[-0.979765177,-0.200150341,-6.31297823e-08,0.200150341,-0.979765177,-2.05426105e-07,-2.07362589e-08,-2.13904784e-07,1],"scale":0.99999994,"type":"italy_wall_concrete_airport_10m"}
{"ctxid":0,"pos":[-1333.23682,1662.76953,152.433014],"rotationMatrix":[-0.979705095,-0.200444683,-4.28327811e-18,0.200444683,-0.979705095,-1.30104126e-18,-3.93556199e-18,-2.13319685e-18,1],"scale":1.00000012,"type":"italy_wall_concrete_airport_10m"}
{"ctxid":0,"pos":[-1323.43506,1664.77649,152.433014],"rotationMatrix":[-0.979634643,-0.200787798,-2.55181085e-08,0.200787798,-0.979634643,-2.51590109e-07,2.5517803e-08,-2.51590166e-07,1],"scale":1,"type":"italy_wall_concrete_airport_10m"}
{"ctxid":0,"pos":[-1313.63525,1666.78735,152.433014],"rotationMatrix":[-0.979550481,-0.201198623,-4.26689414e-18,0.201198623,-0.979550481,-1.30104044e-18,-3.91787025e-18,-2.13292781e-18,1],"scale":0.99999994,"type":"italy_wall_concrete_airport_10m"}
{"ctxid":0,"pos":[-1303.83545,1668.80273,152.433014],"rotationMatrix":[-0.979439259,-0.201739237,-4.25521684e-18,0.201739237,-0.979439259,-1.30104106e-18,-3.90525574e-18,-2.13273508e-18,1],"scale":1,"type":"italy_wall_concrete_airport_10m"}
{"ctxid":0,"pos":[-1294.03711,1670.82458,152.433014],"rotationMatrix":[-0.979293585,-0.202445328,-4.24005337e-18,0.202445328,-0.979293585,-1.30104219e-18,-3.88886723e-18,-2.13248113e-18,1],"scale":0.99999994,"type":"italy_wall_concrete_airport_10m"}
{"ctxid":0,"pos":[-1284.24023,1672.85449,152.433014],"rotationMatrix":[-0.979084849,-0.203451991,-4.21862857e-18,0.203451991,-0.979084849,-1.30104199e-18,-3.86569624e-18,-2.13211903e-18,1],"scale":1,"type":"italy_wall_concrete_airport_10m"}
{"ctxid":0,"pos":[-1274.44678,1674.89709,152.433014],"rotationMatrix":[-0.978765607,-0.204982147,-3.75797065e-08,0.204982147,-0.978765607,4.62652956e-08,-4.62652885e-08,3.75797136e-08,1],"scale":0.99999994,"type":"italy_wall_concrete_airport_10m"}
{"ctxid":0,"pos":[-1264.65625,1676.95728,152.433014],"rotationMatrix":[-0.978403807,-0.206702352,-4.15087172e-18,0.206702352,-0.978403807,-1.30104095e-18,-3.79230051e-18,-2.13093844e-18,1],"scale":0.99999994,"type":"italy_wall_concrete_airport_10m"}
{"ctxid":0,"pos":[-1234.08643,1565.23901,152.433014],"rotationMatrix":[-0.993118286,-0.117116705,-4.94450125e-09,0.117116705,-0.993118286,-8.41486028e-08,4.94473307e-09,-8.41485885e-08,1],"scale":0.999999881,"type":"italy_wall_concrete_airport_10m"}
{"ctxid":0,"pos":[-1224.14502,1566.29614,152.433014],"rotationMatrix":[-0.995220423,-0.0976539254,-8.86073473e-18,0.0976539254,-0.995220423,-1.30104116e-18,-8.69133311e-18,-2.16010834e-18,1],"scale":1,"type":"italy_wall_concrete_airport_10m"}
{"ctxid":0,"pos":[-1214.19141,1567.22241,152.433014],"rotationMatrix":[-0.996059418,-0.0886875689,-9.76050293e-18,0.0886875689,-0.996059418,-1.30104674e-18,-9.6066556e-18,-2.16155529e-18,1],"scale":0.999999881,"type":"italy_wall_concrete_airport_10m"}
{"ctxid":0,"pos":[-1204.23047,1568.08179,152.433014],"rotationMatrix":[-0.996485829,-0.0837621391,-1.03368377e-17,0.0837621391,-0.996485829,-1.30103909e-18,-1.01915335e-17,-2.16230265e-18,1],"scale":0.99999994,"type":"italy_wall_concrete_airport_10m"}
{"ctxid":0,"pos":[-1194.26709,1568.90405,152.433014],"rotationMatrix":[-0.996711612,-0.0810294077,-6.83589407e-09,0.0810294077,-0.996711612,-1.68448608e-07,6.83587631e-09,-1.68448608e-07,1],"scale":0.99999994,"type":"italy_wall_concrete_airport_10m"}
{"ctxid":0,"pos":[-1184.30176,1569.70654,152.433014],"rotationMatrix":[-0.996815562,-0.0797416046,-1.08596051e-17,0.0797416046,-0.996815562,-1.30104705e-18,-1.07212757e-17,-2.16286637e-18,1],"scale":0.99999994,"type":"italy_wall_concrete_airport_10m"}
{"ctxid":0,"pos":[-1174.33496,1570.50195,152.433014],"rotationMatrix":[-0.996826053,-0.0796120837,-1.08775855e-17,0.0796120837,-0.996826053,-1.30103775e-18,-1.07394811e-17,-2.16289532e-18,1],"scale":1,"type":"italy_wall_concrete_airport_10m"}
{"ctxid":0,"pos":[-1154.40527,1572.11877,152.433014],"rotationMatrix":[-0.996550322,-0.082989037,-1.04332266e-17,0.082989037,-0.996550322,-1.30104974e-18,-1.02892641e-17,-2.16240522e-18,1],"scale":0.999999881,"type":"italy_wall_concrete_airport_10m"}
{"ctxid":0,"pos":[-1144.44385,1572.96741,152.433014],"rotationMatrix":[-0.996189713,-0.0872132033,-9.92631045e-18,0.0872132033,-0.996189713,-1.30104033e-18,-9.77502077e-18,-2.16178835e-18,1],"scale":0.99999994,"type":"italy_wall_concrete_airport_10m"}
{"ctxid":0,"pos":[-1134.48779,1573.87195,152.433014],"rotationMatrix":[-0.995511413,-0.0946409777,8.81922944e-08,0.0946409777,-0.995511413,8.02055311e-08,8.02057087e-08,8.81921309e-08,1],"scale":1,"type":"italy_wall_concrete_airport_10m"}
{"ctxid":0,"pos":[-1124.54102,1574.88159,152.433014],"rotationMatrix":[-0.994002819,-0.109353997,-4.43914985e-08,0.109353997,-0.994002819,-3.97755926e-08,-3.97756565e-08,-4.43914416e-08,1],"scale":1,"type":"italy_wall_concrete_airport_10m"}
{"ctxid":0,"pos":[-1114.62354,1576.13843,152.433014],"rotationMatrix":[-0.988301039,-0.152515814,-1.28938895e-08,0.152515814,-0.988301039,-1.68093464e-07,1.28938664e-08,-1.68093464e-07,1],"scale":0.99999994,"type":"italy_wall_concrete_airport_10m"}
{"ctxid":0,"pos":[-1104.81494,1578.06616,152.433014],"rotationMatrix":[-0.979101419,-0.203372404,-4.22033008e-18,0.203372404,-0.979101419,-1.30104023e-18,-3.86753589e-18,-2.13214902e-18,1],"scale":0.99999994,"type":"italy_wall_concrete_airport_10m"}
{"ctxid":0,"pos":[-1095.02637,1580.09937,152.433014],"rotationMatrix":[-0.979102373,-0.203368202,-4.22040163e-18,0.203368202,-0.979102373,-1.30104178e-18,-3.86761489e-18,-2.13214861e-18,1],"scale":0.99999994,"type":"italy_wall_concrete_airport_10m"}
{"ctxid":0,"pos":[-1085.2373,1582.1322,152.433014],"rotationMatrix":[-0.979112625,-0.203318954,-4.22145959e-18,0.203318954,-0.979112625,-1.30104085e-18,-3.86875805e-18,-2.13216825e-18,1],"scale":0.99999994,"type":"italy_wall_concrete_airport_10m"}
{"ctxid":0,"pos":[-1075.44922,1584.16492,152.433014],"rotationMatrix":[-0.97911191,-0.203322694,-4.22135785e-18,0.203322694,-0.97911191,-1.30104302e-18,-3.86864969e-18,-2.13216432e-18,1],"scale":0.99999994,"type":"italy_wall_concrete_airport_10m"}
{"ctxid":0,"pos":[-1065.66016,1586.19763,152.433014],"rotationMatrix":[-0.979110718,-0.203327343,-4.22128589e-18,0.203327343,-0.979110718,-1.30104054e-18,-3.86856946e-18,-2.13216577e-18,1],"scale":1,"type":"italy_wall_concrete_airport_10m"}
{"ctxid":0,"pos":[-1055.87158,1588.23047,152.433014],"rotationMatrix":[-0.979110241,-0.203330383,-4.22121888e-18,0.203330383,-0.979110241,-1.30104075e-18,-3.86849749e-18,-2.13216432e-18,1],"scale":1,"type":"italy_wall_concrete_airport_10m"}
{"ctxid":0,"pos":[-1046.08252,1590.26355,152.433014],"rotationMatrix":[-0.979103088,-0.203364238,-4.22049717e-18,0.203364238,-0.979103088,-1.30104126e-18,-3.86771705e-18,-2.13215171e-18,1],"scale":1,"type":"italy_wall_concrete_airport_10m"}
{"ctxid":0,"pos":[-1036.29395,1592.29639,152.433014],"rotationMatrix":[-0.979104996,-0.203355119,-4.22068039e-18,0.203355119,-0.979104996,-1.30104219e-18,-3.86791598e-18,-2.13215398e-18,1],"scale":0.99999994,"type":"italy_wall_concrete_airport_10m"}
{"ctxid":0,"pos":[-1026.50488,1594.32947,152.433014],"rotationMatrix":[-0.979108095,-0.203339949,-4.22101829e-18,0.203339949,-0.979108095,-1.30104044e-18,-3.86828036e-18,-2.13216101e-18,1],"scale":1,"type":"italy_wall_concrete_airport_10m"}
{"ctxid":0,"pos":[-1016.72949,1596.42493,152.433014],"rotationMatrix":[-0.968591094,-0.248659283,-1.0563534e-08,0.248659283,-0.968591094,-8.36291463e-08,1.05634186e-08,-8.36291605e-08,1],"scale":1.00000012,"type":"italy_wall_concrete_airport_10m"}
{"ctxid":0,"pos":[-1007.36523,1599.87488,152.433014],"rotationMatrix":[-0.900073528,-0.435738117,-1.89110569e-18,0.435738117,-0.900073528,-1.30104157e-18,-1.13522081e-18,-1.99505976e-18,1],"scale":1.00000012,"type":"italy_wall_concrete_airport_10m"}
{"ctxid":0,"pos":[-998.678223,1604.81299,152.433014],"rotationMatrix":[-0.849416971,-0.527722239,-1.51984522e-18,0.527722239,-0.849416971,-1.30104178e-18,-6.0439368e-19,-1.90718319e-18,1],"scale":0.999999881,"type":"italy_wall_concrete_airport_10m"}
{"ctxid":0,"pos":[-990.071777,1609.89392,152.433014],"rotationMatrix":[-0.886383772,-0.462951213,-1.76711318e-18,0.462951213,-0.886383772,-1.30104199e-18,-9.64021515e-19,-1.97130975e-18,1],"scale":0.999999881,"type":"italy_wall_concrete_airport_10m"}
{"ctxid":0,"pos":[-980.841309,1613.69409,152.433014],"rotationMatrix":[-0.957356334,-0.288909644,-4.7849376e-08,0.288909644,-0.957356334,-3.55407579e-08,-3.55408361e-08,-4.78493192e-08,1],"scale":1.00000012,"type":"italy_wall_concrete_airport_10m"}
{"ctxid":0,"pos":[-971.097168,1615.91052,152.433014],"rotationMatrix":[-0.979563951,-0.201132998,-4.26830242e-18,0.201132998,-0.979563951,-1.30104178e-18,-3.91939267e-18,-2.13294994e-18,1],"scale":0.99999994,"type":"italy_wall_concrete_airport_10m"}
{"ctxid":0,"pos":[-961.304199,1617.92383,152.433014],"rotationMatrix":[-0.979476213,-0.201559663,-4.2590715e-18,0.201559663,-0.979476213,-1.3010424e-18,-3.90942142e-18,-2.13279711e-18,1],"scale":0.99999994,"type":"italy_wall_concrete_airport_10m"}
{"ctxid":0,"pos":[-951.512207,1619.93982,152.433014],"rotationMatrix":[-0.979444861,-0.201711446,-4.25581199e-18,0.201711446,-0.979444861,-1.30104126e-18,-3.90589888e-18,-2.13274438e-18,1],"scale":0.99999994,"type":"italy_wall_concrete_airport_10m"}
{"ctxid":0,"pos":[-941.720215,1621.95691,152.433014],"rotationMatrix":[-0.97942996,-0.201784551,-4.25423373e-18,0.201784551,-0.97942996,-1.30104157e-18,-3.90419406e-18,-2.13271771e-18,1],"scale":0.999999821,"type":"italy_wall_concrete_airport_10m"}
{"ctxid":0,"pos":[-931.928223,1623.97461,152.433014],"rotationMatrix":[-0.979419231,-0.201835662,-4.25313193e-18,0.201835662,-0.979419231,-1.30104209e-18,-3.90300292e-18,-2.13269951e-18,1],"scale":1,"type":"italy_wall_concrete_airport_10m"}
{"ctxid":0,"pos":[-922.13623,1625.99243,152.433014],"rotationMatrix":[-0.979416251,-0.201851085,-4.25280643e-18,0.201851085,-0.979416251,-1.30104137e-18,-3.90265095e-18,-2.13269454e-18,1],"scale":1,"type":"italy_wall_concrete_airport_10m"}
{"ctxid":0,"pos":[-912.344727,1628.01086,152.433014],"rotationMatrix":[-0.979412913,-0.201867193,-1.00963149e-07,0.201867193,-0.979412913,-1.59165083e-07,-6.67543958e-08,-1.76269495e-07,1],"scale":1,"type":"italy_wall_concrete_airport_10m"}
{"ctxid":0,"pos":[-902.552246,1630.02905,152.433014],"rotationMatrix":[-0.97940886,-0.201887056,9.24116534e-08,0.201887056,-0.97940886,7.53055787e-08,7.53055645e-08,9.24116677e-08,1],"scale":0.99999994,"type":"italy_wall_concrete_airport_10m"}
{"ctxid":0,"pos":[-892.76123,1632.04712,152.433014],"rotationMatrix":[-0.979409099,-0.201885179,-4.25208141e-18,0.201885179,-0.979409099,-1.30104064e-18,-3.9018672e-18,-2.13268338e-18,1],"scale":1,"type":"italy_wall_concrete_airport_10m"}
{"ctxid":0,"pos":[-882.96875,1634.0658,152.433014],"rotationMatrix":[-0.979408383,-0.201888919,-4.25198297e-18,0.201888919,-0.979408383,-1.30104209e-18,-3.90176215e-18,-2.13267986e-18,1],"scale":0.999999881,"type":"italy_wall_concrete_airport_10m"}
{"ctxid":0,"pos":[-873.177246,1636.08411,152.433014],"rotationMatrix":[-0.979409814,-0.201882154,8.55284021e-09,0.201882154,-0.979409814,8.38586729e-08,-8.55283488e-09,8.38586729e-08,1],"scale":0.99999994,"type":"italy_wall_concrete_airport_10m"}
{"ctxid":0,"pos":[-863.38623,1638.10242,152.433014],"rotationMatrix":[-0.979411483,-0.201874211,-4.25229523e-18,0.201874211,-0.979411483,-1.3010424e-18,-3.90210005e-18,-2.13268462e-18,1],"scale":0.99999994,"type":"italy_wall_concrete_airport_10m"}
{"ctxid":0,"pos":[-853.594238,1640.12061,152.433014],"rotationMatrix":[-0.979415298,-0.201855987,-5.47569492e-08,0.201855987,-0.979415298,-1.21512244e-07,-2.91018161e-08,-1.30063967e-07,1],"scale":1,"type":"italy_wall_concrete_airport_10m"}
{"ctxid":0,"pos":[-843.802246,1642.13867,152.433014],"rotationMatrix":[-0.979417682,-0.201843858,-4.62049812e-08,0.201843858,-0.979417682,-3.7653848e-08,-3.7653777e-08,-4.6205038e-08,1],"scale":0.999999881,"type":"italy_wall_concrete_airport_10m"}
{"ctxid":0,"pos":[-834.010254,1644.15649,152.433014],"rotationMatrix":[-0.979421854,-0.201823071,-4.2534082e-18,0.201823071,-0.979421854,-1.30104116e-18,-3.90330153e-18,-2.13270426e-18,1],"scale":0.99999994,"type":"italy_wall_concrete_airport_10m"}
{"ctxid":0,"pos":[-824.218262,1646.17419,152.433014],"rotationMatrix":[-0.979427338,-0.201796681,-4.62041001e-08,0.201796681,-0.979427338,-3.7654889e-08,-3.76549352e-08,-4.62040681e-08,1],"scale":1,"type":"italy_wall_concrete_airport_10m"}
{"ctxid":0,"pos":[-814.42627,1648.19153,152.433014],"rotationMatrix":[-0.979432821,-0.201770306,-8.38590921e-08,0.201770306,-0.979432821,8.54808224e-09,-8.38591063e-08,-8.54800408e-09,1],"scale":1,"type":"italy_wall_concrete_airport_10m"}
{"ctxid":0,"pos":[-804.633301,1650.2085,152.433014],"rotationMatrix":[-0.979442,-0.20172593,-4.25548939e-18,0.20172593,-0.979442,-1.3010424e-18,-3.90555146e-18,-2.13273818e-18,1],"scale":0.99999994,"type":"italy_wall_concrete_airport_10m"}
{"ctxid":0,"pos":[-794.842285,1652.22498,152.433014],"rotationMatrix":[-0.979450345,-0.201685518,-4.25637696e-18,0.201685518,-0.979450345,-1.30104054e-18,-3.90650851e-18,-2.1327541e-18,1],"scale":0.99999994,"type":"italy_wall_concrete_airport_10m"}
{"ctxid":0,"pos":[-785.049805,1654.24133,152.433014],"rotationMatrix":[-0.979463458,-0.201621786,-8.54162341e-09,0.201621786,-0.979463458,-8.38598595e-08,8.54176729e-09,-8.38598453e-08,1],"scale":0.999999821,"type":"italy_wall_concrete_airport_10m"}
{"ctxid":0,"pos":[-775.256836,1656.25635,152.433014],"rotationMatrix":[-0.979482174,-0.201530457,-4.25971628e-18,0.201530457,-0.979482174,-1.30104085e-18,-3.9101175e-18,-2.13280911e-18,1],"scale":0.99999994,"type":"italy_wall_concrete_airport_10m"}
{"ctxid":0,"pos":[-765.464844,1658.27087,152.433014],"rotationMatrix":[-0.979506612,-0.201412767,-1.12992048e-07,0.201412767,-0.979506612,1.38590167e-07,-1.38590266e-07,1.12991927e-07,1],"scale":0.999999821,"type":"italy_wall_concrete_airport_10m"}
{"ctxid":0,"pos":[-755.670898,1660.28357,152.433014],"rotationMatrix":[-0.979545951,-0.201220796,-4.26639659e-18,0.201220796,-0.979545951,-1.3010423e-18,-3.91733465e-18,-2.1329183e-18,1],"scale":1,"type":"italy_wall_concrete_airport_10m"}
{"ctxid":0,"pos":[-745.878418,1662.29382,152.433014],"rotationMatrix":[-0.979619026,-0.200865105,-8.38630427e-08,0.200865105,-0.979619026,8.50933546e-09,-8.38630569e-08,-8.50925375e-09,1],"scale":1,"type":"italy_wall_concrete_airport_10m"}
{"ctxid":0,"pos":[-1930.16223,1652.98633,146.002594],"rotationMatrix":[0.28980583,0.951669276,-0.101677105,-0.956627071,0.291315556,-7.82310963e-08,0.0296200514,0.0972670913,0.994817436],"scale":0.99999994,"type":"italy_wall_concrete_airport_10m"}
{"ctxid":0,"pos":[-1932.99744,1643.51953,147.297546],"rotationMatrix":[0.270471871,0.949184179,-0.160916895,-0.961717367,0.274043083,-6.40749931e-07,0.0440975465,0.154756755,0.986967981],"scale":0.999999881,"type":"italy_wall_concrete_airport_10m"}
{"ctxid":0,"pos":[-1935.2832,1633.95215,149.071411],"rotationMatrix":[0.17253691,0.970000625,-0.171259224,-0.984546304,0.175124347,1.05053186e-06,0.0299926698,0.16861245,0.985225976],"scale":0.999999881,"type":"italy_wall_concrete_airport_10m"}
{"ctxid":0,"pos":[-1936.58594,1624.07373,150.393066],"rotationMatrix":[0.0999026895,0.990776002,-0.0915554017,-0.994954884,0.100324094,2.12341547e-07,0.00918541849,0.0910934657,0.995799959],"scale":0.999999881,"type":"italy_wall_concrete_airport_10m"}
{"ctxid":0,"pos":[-1937.16077,1614.07129,150.994949],"rotationMatrix":[-0.0186268091,0.999424994,-0.0283320695,-0.999826372,-0.0186340809,5.15393913e-06,-0.000522795133,0.0283272471,0.999598563],"scale":0.99999994,"type":"italy_wall_concrete_airport_10m"}
{"ctxid":0,"pos":[-1936.06409,1604.10938,150.999466],"rotationMatrix":[-0.196040273,0.980363905,0.0213264711,-0.980586946,-0.196084857,1.13714486e-06,0.00418291334,-0.0209122337,0.999772549],"scale":0.999999881,"type":"italy_wall_concrete_airport_10m"}
{"ctxid":0,"pos":[-1933.48499,1594.45068,150.747269],"rotationMatrix":[-0.301300526,0.953327775,0.0196033865,-0.953511,-0.301358461,-6.96629286e-07,0.00590697955,-0.018692255,0.999807835],"scale":0.99999994,"type":"italy_wall_concrete_airport_10m"}
{"ctxid":0,"pos":[-1930.3645,1584.97363,150.746796],"rotationMatrix":[-0.311373711,0.949996829,-0.023503907,-0.950259328,-0.31145978,3.32482159e-07,-0.00732020568,0.0223349109,0.999723732],"scale":0.999999881,"type":"italy_wall_concrete_airport_10m"}
{"ctxid":0,"pos":[-1926.69653,1575.69141,151.085831],"rotationMatrix":[-0.436587453,0.89887023,-0.0377311669,-0.899510741,-0.436898589,3.91155481e-08,-0.0164846554,0.0339396074,0.999287903],"scale":0.99999994,"type":"italy_wall_concrete_airport_10m"}
{"ctxid":0,"pos":[-1921.81226,1566.97363,151.475739],"rotationMatrix":[-0.533441067,0.844918191,-0.0394202694,-0.845575392,-0.533856034,6.89178705e-08,-0.0210446864,0.0333328471,0.999222696],"scale":0.999999881,"type":"italy_wall_concrete_airport_10m"}
{"ctxid":0,"pos":[-1916.11548,1558.75879,151.861435],"rotationMatrix":[-0.602220654,0.797469676,-0.0370461717,-0.798017442,-0.602634311,1.95577741e-08,-0.0223252811,0.0295635052,0.999313533],"scale":0.999999881,"type":"italy_wall_concrete_airport_10m"}
{"ctxid":0,"pos":[-1909.80078,1551.00244,152.204315],"rotationMatrix":[-0.658480763,0.751970172,-0.030725468,-0.752325416,-0.65879178,5.32716513e-07,-0.0202412829,0.0231159013,0.999527872],"scale":0.999999881,"type":"italy_wall_concrete_airport_10m"}
{"ctxid":0,"pos":[-1258.91443,1672.85791,152.433014],"rotationMatrix":[-0.204972506,0.978767693,5.67482843e-08,-0.978767693,-0.204972506,1.13968795e-07,1.23180826e-07,-3.21829141e-08,1],"scale":0.999999881,"type":"italy_wall_concrete_airport_10m"}
{"ctxid":0,"pos":[-1256.92468,1663.13721,152.433014],"rotationMatrix":[-0.19730413,0.980342329,3.70693805e-08,-0.980342329,-0.19730413,-3.6932768e-09,3.69326969e-09,-3.70693805e-08,1],"scale":0.99999994,"type":"italy_wall_concrete_airport_10m"}
{"ctxid":0,"pos":[-1254.98657,1653.40723,152.433014],"rotationMatrix":[-0.193829775,0.981035173,5.27749192e-19,-0.981035173,-0.193829775,-1.30104271e-18,-1.17407514e-18,-7.69921413e-19,1],"scale":0.999999881,"type":"italy_wall_concrete_airport_10m"}
{"ctxid":0,"pos":[-1253.07349,1643.67188,152.433014],"rotationMatrix":[-0.192021608,0.981390715,1.2031974e-07,-0.981390715,-0.192021608,-7.15444344e-08,-4.71090509e-08,-1.31818751e-07,1],"scale":0.999999881,"type":"italy_wall_concrete_airport_10m"}
{"ctxid":0,"pos":[-1251.17322,1633.93408,152.433014],"rotationMatrix":[-0.191205621,0.981549978,5.26313207e-19,-0.981549978,-0.191205621,-1.3010424e-18,-1.17640407e-18,-7.65369334e-19,1],"scale":0.999999881,"type":"italy_wall_concrete_airport_10m"}
{"ctxid":0,"pos":[-1249.2771,1624.19482,152.433014],"rotationMatrix":[-0.191122651,0.981566131,1.26074823e-07,-0.981566131,-0.191122651,-1.21599832e-08,1.21599335e-08,-1.26074823e-07,1],"scale":0.999999881,"type":"italy_wall_concrete_airport_10m"}
{"ctxid":0,"pos":[-1247.37842,1614.45703,152.433014],"rotationMatrix":[-0.191784382,0.981437087,-1.14586015e-07,-0.981437087,-0.191784382,1.30857288e-07,1.0645239e-07,1.37555347e-07,1],"scale":0.999999881,"type":"italy_wall_concrete_airport_10m"}
{"ctxid":0,"pos":[-1245.46899,1604.72021,152.433014],"rotationMatrix":[-0.193326235,0.981134534,8.15689418e-08,-0.981134534,-0.193326235,-7.95980526e-09,7.95977684e-09,-8.15689418e-08,1],"scale":0.99999994,"type":"italy_wall_concrete_airport_10m"}
{"ctxid":0,"pos":[-1243.53723,1594.98779,152.433014],"rotationMatrix":[-0.196483016,0.980507195,1.17688224e-08,-0.980507195,-0.196483016,1.18626964e-07,1.18626971e-07,1.17687691e-08,1],"scale":0.999999881,"type":"italy_wall_concrete_airport_10m"}
{"ctxid":0,"pos":[-550.739746,1893.88184,149.082764],"rotationMatrix":[0.98472029,0.153942689,-0.0814097971,-0.154455349,0.987999797,2.19326466e-07,0.0804328918,0.0125739612,0.996680737],"scale":0.999999881,"type":"italy_wall_concrete_airport_10m"}
{"ctxid":0,"pos":[-560.541504,1892.32666,149.98642],"rotationMatrix":[0.98233372,0.158483312,-0.0995162576,-0.159274027,0.987234414,-8.4284693e-07,0.0982457399,0.0158511847,0.995035946],"scale":0.99999994,"type":"italy_wall_concrete_airport_10m"}
{"ctxid":0,"pos":[-570.320801,1890.70959,151.053467],"rotationMatrix":[0.979535699,0.166966617,-0.112391755,-0.168031335,0.98578167,-5.45755029e-07,0.110793635,0.0188858714,0.993663967],"scale":0.999999881,"type":"italy_wall_concrete_airport_10m"}
{"ctxid":0,"pos":[-580.099121,1888.96326,152.124481],"rotationMatrix":[0.978518844,0.185483277,-0.0899822563,-0.186236769,0.982504904,2.26302072e-05,0.0884122103,0.0167358629,0.995943367],"scale":1,"type":"italy_wall_concrete_airport_10m"}
{"ctxid":0,"pos":[-589.914062,1886.94482,152.491394],"rotationMatrix":[0.97706145,0.212957308,0.000369537564,-0.212957308,0.97706151,1.69937266e-07,-0.000361024751,-7.88617763e-05,0.99999994],"scale":0.99999994,"type":"italy_wall_concrete_airport_10m"}
{"ctxid":0,"pos":[-599.659668,1884.80457,152.486343],"rotationMatrix":[0.976534545,0.215359971,0.00057837757,-0.215360001,0.976534724,6.65677362e-08,-0.000564791437,-0.000124624406,0.999999821],"scale":0.99999994,"type":"italy_wall_concrete_airport_10m"}
{"ctxid":0,"pos":[-609.402344,1882.6521,152.48027],"rotationMatrix":[0.976398468,0.215975985,0.000632851326,-0.215976015,0.976398647,2.06149707e-07,-0.000617870654,-0.000136881979,0.999999821],"scale":0.99999994,"type":"italy_wall_concrete_airport_10m"}
{"ctxid":0,"pos":[-619.143555,1880.49573,152.473831],"rotationMatrix":[0.976337314,0.216252282,0.000655685843,-0.216252342,0.976337492,-5.00440365e-08,-0.000640181534,-0.000141744735,0.999999762],"scale":0.999999881,"type":"italy_wall_concrete_airport_10m"}
{"ctxid":0,"pos":[-628.883789,1878.33765,152.467209],"rotationMatrix":[0.976311684,0.216367736,0.000666167471,-0.216367796,0.976311922,-6.76664058e-09,-0.000650388654,-0.000144130565,0.999999762],"scale":0.99999994,"type":"italy_wall_concrete_airport_10m"}
{"ctxid":0,"pos":[-638.624512,1876.17883,152.460571],"rotationMatrix":[0.976307631,0.216386124,0.000668206019,-0.216386184,0.976307869,1.81316864e-08,-0.000652370858,-0.000144608246,0.999999762],"scale":0.99999994,"type":"italy_wall_concrete_airport_10m"}
{"ctxid":0,"pos":[-648.365723,1874.02014,152.453918],"rotationMatrix":[0.976325154,0.216307223,0.000661252299,-0.216307282,0.976325333,4.30518412e-08,-0.000645588036,-0.000143075711,0.999999762],"scale":0.99999994,"type":"italy_wall_concrete_airport_10m"}
{"ctxid":0,"pos":[-658.106934,1871.86316,152.447388],"rotationMatrix":[0.976368248,0.216112614,0.000643826497,-0.216112673,0.976368427,1.06585503e-07,-0.000628588779,-0.000139243115,0.999999821],"scale":0.99999994,"type":"italy_wall_concrete_airport_10m"}
{"ctxid":0,"pos":[-667.849609,1869.70837,152.441132],"rotationMatrix":[0.976467311,0.215664506,0.000605865789,-0.215664536,0.97646749,1.14298018e-07,-0.000591583608,-0.000130775356,0.999999821],"scale":0.99999994,"type":"italy_wall_concrete_airport_10m"}
{"ctxid":0,"pos":[-677.592285,1867.56226,152.435547],"rotationMatrix":[0.976757407,0.214347094,0.000487525453,-0.214347124,0.976757526,-4.14329406e-08,-0.000476203073,-0.000104459206,0.999999881],"scale":1,"type":"italy_wall_concrete_airport_10m"}
{"ctxid":0,"pos":[-687.349609,1865.48132,152.433228],"rotationMatrix":[0.979813337,0.199914575,1.23724669e-06,-0.199914575,0.979813337,8.68729018e-08,-1.19490358e-06,-3.32462889e-07,1],"scale":1,"type":"italy_wall_concrete_airport_10m"}
{"ctxid":0,"pos":[-697.127441,1863.49866,152.433228],"rotationMatrix":[0.980124831,0.198381633,4.34488637e-20,-0.198381633,0.980124831,-1.3010424e-18,-3.00688218e-19,1.26656448e-18,1],"scale":0.999999881,"type":"italy_wall_concrete_airport_10m"}
{"ctxid":0,"pos":[-706.907715,1861.521,152.433228],"rotationMatrix":[0.980179012,0.198113829,9.22665393e-08,-0.198113829,0.980179012,7.54833991e-08,-7.54834204e-08,-9.2266518e-08,1],"scale":0.999999881,"type":"italy_wall_concrete_airport_10m"}
{"ctxid":0,"pos":[-716.686035,1859.5448,152.433228],"rotationMatrix":[0.980204165,0.197989285,-8.38624281e-09,-0.197989285,0.980204165,-8.38755057e-08,-8.3862215e-09,8.38755057e-08,1],"scale":1,"type":"italy_wall_concrete_airport_10m"}
