{"ctxid":0,"pos":[1303.74719,834.920288,186.636703],"rotationMatrix":[-0.970099866,-0.242706895,0,0.242706895,-0.970099866,0,0,0,1],"scale":1,"type":"italy_guardrails_basic_end_ccw"}
{"ctxid":0,"pos":[1423.58313,922.144592,200.65477],"rotationMatrix":[-0.325974315,-0.945378602,0,0.945378602,-0.325974315,0,0,0,1],"scale":1,"type":"italy_guardrails_basic_end_ccw"}
{"ctxid":0,"pos":[1413.42358,1055.68188,210.860794],"rotationMatrix":[0.491760612,0.870730698,0,-0.870730698,0.491760612,0,0,0,1],"scale":1,"type":"italy_guardrails_basic_end_ccw"}
{"ctxid":0,"pos":[1513.07507,1201.29578,215.634964],"rotationMatrix":[0.825649798,0.564183295,0,-0.564183295,0.825649798,0,0,0,1],"scale":1,"type":"italy_guardrails_basic_end_ccw"}
{"ctxid":0,"pos":[1733.35706,1265.31897,216.407135],"rotationMatrix":[0.0675886273,-0.997713447,0,0.997713447,0.0675886273,0,0,0,1],"scale":1,"type":"italy_guardrails_basic_end_ccw"}
{"ctxid":0,"pos":[1504.67932,942.335266,213.144028],"rotationMatrix":[0.46467489,0.885481298,0,-0.885481298,0.46467489,0,0,0,1],"scale":1,"type":"italy_guardrails_basic_end_ccw"}
{"ctxid":0,"pos":[1457.7616,897.618469,209.621613],"rotationMatrix":[-0.411906958,-0.911225557,0,0.911225557,-0.411906958,0,0,0,1],"scale":1,"type":"italy_guardrails_basic_end_ccw"}
{"ctxid":0,"pos":[739.421448,743.942688,177.942566],"rotationMatrix":[-0.999292731,-0.0375860818,0,0.0375860818,-0.999292731,0,0,0,1],"scale":1,"type":"italy_guardrails_basic_end_ccw"}
{"ctxid":0,"pos":[641.227844,861.921448,179.487411],"rotationMatrix":[-0.421795696,0.906690717,0,-0.906690717,-0.421795696,0,0,0,1],"scale":1,"type":"italy_guardrails_basic_end_ccw"}
{"ctxid":0,"pos":[552.207214,1160.36877,175.818909],"rotationMatrix":[0.19897598,0.98000443,0,-0.98000443,0.19897598,0,0,0,1],"scale":1,"type":"italy_guardrails_basic_end_ccw"}
{"ctxid":0,"pos":[573.796326,1218.06409,175.780685],"rotationMatrix":[-0.299513608,-0.954092264,0,0.954092264,-0.299513608,0,0,0,1],"scale":1,"type":"italy_guardrails_basic_end_ccw"}
{"ctxid":0,"pos":[342.807953,1302.521,167.515076],"rotationMatrix":[-0.896242976,0.443563432,0,-0.443563432,-0.896242976,0,0,0,1],"scale":1,"type":"italy_guardrails_basic_end_ccw"}
{"ctxid":0,"pos":[635.502441,168.242477,179.351532],"rotationMatrix":[0.549647987,0.835396171,0,-0.835396171,0.549647987,0,0,0,1],"scale":1,"type":"italy_guardrails_basic_end_ccw"}
{"ctxid":0,"pos":[703.363037,234.744278,176.617035],"rotationMatrix":[-0.011095617,-0.999938428,0,0.999938428,-0.011095617,0,0,0,1],"scale":1,"type":"italy_guardrails_basic_end_ccw"}
{"ctxid":0,"pos":[-130.434418,755.925903,205.718567],"rotationMatrix":[0.0207270458,-0.999785244,0,0.999785244,0.0207270458,0,0,0,1],"scale":1,"type":"italy_guardrails_basic_end_ccw"}
{"ctxid":0,"pos":[-157.541428,651.216003,196.957108],"rotationMatrix":[-0.786431551,-0.617677569,0,0.617677569,-0.786431551,0,0,0,1],"scale":1,"type":"italy_guardrails_basic_end_ccw"}
{"ctxid":0,"pos":[-320.381409,895.831787,206.942673],"rotationMatrix":[0.945429683,-0.32582587,0,0.32582587,0.945429683,0,0,0,1],"scale":1,"type":"italy_guardrails_basic_end_ccw"}
{"ctxid":0,"pos":[-1640.62134,1348.51245,160.39003],"rotationMatrix":[-0.454361647,-0.890817344,0,0.890817344,-0.454361647,0,0,0,1],"scale":1,"type":"italy_guardrails_basic_end_ccw"}
{"ctxid":0,"pos":[-1640.90234,1364.0011,159.604538],"rotationMatrix":[0.429831922,0.902908862,0,-0.902908862,0.429831922,0,0,0,1],"scale":1,"type":"italy_guardrails_basic_end_ccw"}
{"ctxid":0,"pos":[-1683.82568,1477.08191,148.91449],"rotationMatrix":[-0.103792846,0.994599044,0,-0.994599044,-0.103792846,0,0,0,1],"scale":1,"type":"italy_guardrails_basic_end_ccw"}
{"ctxid":0,"pos":[-1673.71753,1471.81238,149.465073],"rotationMatrix":[0.268195271,-0.963364542,0,0.963364542,0.268195271,0,0,0,1],"scale":1,"type":"italy_guardrails_basic_end_ccw"}
{"ctxid":0,"pos":[-1691.65991,1114.57349,171.299164],"rotationMatrix":[0.0780308396,0.996950746,0,-0.996950746,0.0780308396,0,0,0,1],"scale":1,"type":"italy_guardrails_basic_end_ccw"}
{"ctxid":0,"pos":[-1570.1366,518.348022,148.540375],"rotationMatrix":[0.303867549,0.952714384,0,-0.952714384,0.303867549,0,0,0,1],"scale":1,"type":"italy_guardrails_basic_end_ccw"}
{"ctxid":0,"pos":[-1728.18079,98.9648361,148.376587],"rotationMatrix":[-0.726606727,-0.6870538,0,0.6870538,-0.726606727,0,0,0,1],"scale":1,"type":"italy_guardrails_basic_end_ccw"}
{"ctxid":0,"pos":[-1872.87781,-568.778137,155.571701],"rotationMatrix":[-0.0768156797,0.997044981,0,-0.997044981,-0.0768156797,0,0,0,1],"scale":1,"type":"italy_guardrails_basic_end_ccw"}
{"ctxid":0,"pos":[-1780.1427,-1160.8678,142.705765],"rotationMatrix":[0.194299683,-0.980942488,0,0.980942488,0.194299683,0,0,0,1],"scale":1,"type":"italy_guardrails_basic_end_ccw"}
{"ctxid":0,"pos":[-1790.17236,-1180.15259,143.429031],"rotationMatrix":[-0.560768008,0.82797271,0,-0.82797271,-0.560768008,0,0,0,1],"scale":1,"type":"italy_guardrails_basic_end_ccw"}
{"ctxid":0,"pos":[-1756.02844,-1462.7998,160.081177],"rotationMatrix":[-0.448296815,-0.89388454,0,0.89388454,-0.448296815,0,0,0,1],"scale":1,"type":"italy_guardrails_basic_end_ccw"}
{"ctxid":0,"pos":[-1779.60339,-1467.62573,161.000641],"rotationMatrix":[0.707879186,0.706333339,0,-0.706333339,0.707879186,0,0,0,1],"scale":1,"type":"italy_guardrails_basic_end_ccw"}
{"ctxid":0,"pos":[-1676.30554,-1649.10815,173.530029],"rotationMatrix":[-0.620269179,0.784389079,0,-0.784389079,-0.620269179,0,0,0,1],"scale":1,"type":"italy_guardrails_basic_end_ccw"}
{"ctxid":0,"pos":[-1067.64014,-1577.93445,160.741119],"rotationMatrix":[0.777672768,-0.628669381,0,0.628669381,0.777672768,0,0,0,1],"scale":1,"type":"italy_guardrails_basic_end_ccw"}
{"ctxid":0,"pos":[-475.470673,-1598.75842,142.706238],"rotationMatrix":[0.189695865,-0.981842935,0,0.981842935,0.189695865,0,0,0,1],"scale":1,"type":"italy_guardrails_basic_end_ccw"}
{"ctxid":0,"pos":[-339.522491,-1722.66113,154.725464],"rotationMatrix":[0.767357707,-0.641219079,0,0.641219079,0.767357707,0,0,0,1],"scale":1,"type":"italy_guardrails_basic_end_ccw"}
{"ctxid":0,"pos":[-336.794403,-1891.50378,160.202377],"rotationMatrix":[-0.432155579,-0.901799083,0,0.901799083,-0.432155579,0,0,0,1],"scale":1,"type":"italy_guardrails_basic_end_ccw"}
{"ctxid":0,"pos":[44.9836655,-1930.64502,148.248093],"rotationMatrix":[0.994407535,-0.105610073,0,0.105610073,0.994407535,0,0,0,1],"scale":1,"type":"italy_guardrails_basic_end_ccw"}
{"ctxid":0,"pos":[1345.00513,-1763.56677,171.839661],"rotationMatrix":[1,0,0,0,1,0,0,0,1],"scale":1,"type":"italy_guardrails_basic_end_ccw"}
{"ctxid":0,"pos":[1542.41699,-1506.52734,163.480255],"rotationMatrix":[-0.932181239,-0.361992031,0,0.361992031,-0.932181239,0,0,0,1],"scale":1,"type":"italy_guardrails_basic_end_ccw"}
{"ctxid":0,"pos":[1709.1333,-1493.33496,165.56076],"rotationMatrix":[1,0,0,0,1,0,0,0,1],"scale":1,"type":"italy_guardrails_basic_end_ccw"}
{"ctxid":0,"pos":[1769.34436,-1447.4198,168.32489],"rotationMatrix":[-0.28644979,-0.958094895,0,0.958094895,-0.28644979,0,0,0,1],"scale":1,"type":"italy_guardrails_basic_end_ccw"}
{"ctxid":0,"pos":[1008.47406,-639.79071,155.92038],"rotationMatrix":[0.844766319,-0.479919314,-0.23674345,0.483348697,0.874147952,-0.0473251007,0.229660973,-0.074450992,0.970419168],"scale":1,"type":"italy_guardrails_basic_end_ccw"}
{"ctxid":0,"pos":[412.175049,1189.32092,167.775757],"rotationMatrix":[-0.98768878,-0.156431317,0,0.156431317,-0.98768878,0,0,0,1],"scale":1,"type":"italy_guardrails_basic_end_ccw"}
{"ctxid":0,"pos":[702.160278,1226.97583,158.851578],"rotationMatrix":[0.406993717,0.913430691,0,-0.913430691,0.406993717,0,0,0,1],"scale":1,"type":"italy_guardrails_basic_end_ccw"}
{"ctxid":0,"pos":[-395.937073,754.266785,248.042007],"rotationMatrix":[0.244926691,-0.96954143,0,0.96954143,0.244926691,0,0,0,1],"scale":1,"type":"italy_guardrails_basic_end_ccw"}
{"ctxid":0,"pos":[-667.80072,646.308472,266.704651],"rotationMatrix":[0.861355364,-0.508002937,0,0.508002937,0.861355364,0,0,0,1],"scale":1,"type":"italy_guardrails_basic_end_ccw"}
{"ctxid":0,"pos":[-704.506409,641.335388,267.612518],"rotationMatrix":[-0.616991639,-0.78696996,0,0.78696996,-0.616991639,0,0,0,1],"scale":1,"type":"italy_guardrails_basic_end_ccw"}
{"ctxid":0,"pos":[-926.19989,430.918915,284.601379],"rotationMatrix":[0.990874171,0.0926331878,-0.0979174599,-0.0930804908,0.995658696,0,0.0974923745,0.00911420397,0.995194614],"scale":1,"type":"italy_guardrails_basic_end_ccw"}
{"ctxid":0,"pos":[-997.235291,395.940338,290.055847],"rotationMatrix":[-0.940790892,-0.338986754,0,0.338986754,-0.940790892,0,0,0,1],"scale":1,"type":"italy_guardrails_basic_end_ccw"}
{"ctxid":0,"pos":[-978.349304,448.403809,292.148956],"rotationMatrix":[0.84012872,0.542387068,0,-0.542387068,0.84012872,0,0,0,1],"scale":1,"type":"italy_guardrails_basic_end_ccw"}
{"ctxid":0,"pos":[-1168.90955,626.414062,351.398132],"rotationMatrix":[0.812701821,0.582679451,0,-0.582679451,0.812701821,0,0,0,1],"scale":1,"type":"italy_guardrails_basic_end_ccw"}
{"ctxid":0,"pos":[-1133.43506,632.465637,354.370392],"rotationMatrix":[-0.822763681,-0.568383992,0,0.568383992,-0.822763681,0,0,0,1],"scale":1,"type":"italy_guardrails_basic_end_ccw"}
{"ctxid":0,"pos":[-1186.8418,730.250732,368.987061],"rotationMatrix":[1,0,0,0,1,0,0,0,1],"scale":1,"type":"italy_guardrails_basic_end_ccw"}
{"ctxid":0,"pos":[-1197.70435,938.795166,352.802368],"rotationMatrix":[0.986488402,-0.163829714,0,0.163829714,0.986488402,0,0,0,1],"scale":1,"type":"italy_guardrails_basic_end_ccw"}
{"ctxid":0,"pos":[-1375.56592,1049.70569,264.768555],"rotationMatrix":[0.203735009,0.979026437,0,-0.979026437,0.203735009,0,0,0,1],"scale":1,"type":"italy_guardrails_basic_end_ccw"}
{"ctxid":0,"pos":[-1359.86987,1049.71619,264.788239],"rotationMatrix":[0.136655807,-0.990618646,0,0.990618646,0.136655807,0,0,0,1],"scale":1,"type":"italy_guardrails_basic_end_ccw"}
{"ctxid":0,"pos":[-1536.55408,1005.04871,225.645432],"rotationMatrix":[0.458597153,0.888644576,0,-0.888644576,0.458597153,0,0,0,1],"scale":1,"type":"italy_guardrails_basic_end_ccw"}
{"ctxid":0,"pos":[-1217.31885,1272.08752,216.536774],"rotationMatrix":[0.984706879,-0.174218833,0,0.174218833,0.984706879,0,0,0,1],"scale":1,"type":"italy_guardrails_basic_end_ccw"}
{"ctxid":0,"pos":[-1095.0011,1199.27271,215.201202],"rotationMatrix":[-0.523060739,-0.852294326,0,0.852294326,-0.523060739,0,0,0,1],"scale":1,"type":"italy_guardrails_basic_end_ccw"}
{"ctxid":0,"pos":[-1429.68347,1282.6687,195.217834],"rotationMatrix":[0.867235839,0.494918704,0.0543762408,-0.49565202,0.868520796,0,-0.0472268984,-0.0269516911,0.998520494],"scale":1,"type":"italy_guardrails_basic_end_ccw"}
{"ctxid":0,"pos":[-1813.25867,1195.77429,149.648621],"rotationMatrix":[0.5239411,0.851754308,0,-0.851754308,0.5239411,0,0,0,1],"scale":1,"type":"italy_guardrails_basic_end_ccw"}
{"ctxid":0,"pos":[-1469.21826,19.9634876,302.282196],"rotationMatrix":[-0.56543529,-0.824792981,0,0.824792981,-0.56543529,0,0,0,1],"scale":1,"type":"italy_guardrails_basic_end_ccw"}
{"ctxid":0,"pos":[-1129.91565,504.457092,332.664398],"rotationMatrix":[0.912995338,-0.407970846,0,0.407970846,0.912995338,0,0,0,1],"scale":1,"type":"italy_guardrails_basic_end_ccw"}
{"ctxid":0,"pos":[-1241.5072,430.137756,326.098755],"rotationMatrix":[-0.651016533,-0.759063542,0,0.759063542,-0.651016533,0,0,0,1],"scale":1,"type":"italy_guardrails_basic_end_ccw"}
{"ctxid":0,"pos":[-1333.96362,303.748901,326.83078],"rotationMatrix":[0.185250252,0.982691467,0,-0.982691467,0.185250252,0,0,0,1],"scale":1,"type":"italy_guardrails_basic_end_ccw"}
{"ctxid":0,"pos":[-1264.28394,-47.8949547,345.895691],"rotationMatrix":[0.0670915395,-0.997746766,0,0.997746766,0.0670915395,0,0,0,1],"scale":1,"type":"italy_guardrails_basic_end_ccw"}
{"ctxid":0,"pos":[-1243.19177,-167.775436,359.569916],"rotationMatrix":[-0.988719523,0.149780259,0,-0.149780259,-0.988719523,0,0,0,1],"scale":1,"type":"italy_guardrails_basic_end_ccw"}
{"ctxid":0,"pos":[-1309.25024,-90.1051712,364.275604],"rotationMatrix":[0.487631351,-0.873049259,0,0.873049259,0.487631351,0,0,0,1],"scale":1,"type":"italy_guardrails_basic_end_ccw"}
{"ctxid":0,"pos":[-1179.90955,-313.877686,385.839355],"rotationMatrix":[0.44714123,-0.894463122,0,0.894463122,0.44714123,0,0,0,1],"scale":1,"type":"italy_guardrails_basic_end_ccw"}
{"ctxid":0,"pos":[-1113.33704,-612.588196,407.015961],"rotationMatrix":[-0.579559267,-0.814929724,0,0.814929724,-0.579559267,0,0,0,1],"scale":1,"type":"italy_guardrails_basic_end_ccw"}
{"ctxid":0,"pos":[-777.30365,-630.324707,407.321198],"rotationMatrix":[0.968760371,0.247998387,0,-0.247998387,0.968760371,0,0,0,1],"scale":1,"type":"italy_guardrails_basic_end_ccw"}
{"ctxid":0,"pos":[-1122.09802,-586.463379,410.496735],"rotationMatrix":[-0.776835203,-0.629703879,0,0.629703879,-0.776835203,0,0,0,1],"scale":1,"type":"italy_guardrails_basic_end_ccw"}
{"ctxid":0,"pos":[-1213.53088,-464.426636,422.576416],"rotationMatrix":[0.996404886,0.0847170353,0,-0.0847170353,0.996404886,0,0,0,1],"scale":1,"type":"italy_guardrails_basic_end_ccw"}
{"ctxid":0,"pos":[-1156.68164,-511.741516,430.901123],"rotationMatrix":[0.674169779,-0.738576174,0,0.738576174,0.674169779,0,0,0,1],"scale":1,"type":"italy_guardrails_basic_end_ccw"}
{"ctxid":0,"pos":[-1174.26306,-587.395996,437.540649],"rotationMatrix":[-0.817248821,0.576284766,0,-0.576284766,-0.817248821,0,0,0,1],"scale":1,"type":"italy_guardrails_basic_end_ccw"}
{"ctxid":0,"pos":[-1166.78748,-554.041199,438.092224],"rotationMatrix":[-0.0261964239,-0.999656558,0,0.999656558,-0.0261964239,0,0,0,1],"scale":1,"type":"italy_guardrails_basic_end_ccw"}
{"ctxid":0,"pos":[-1279.24695,-602.697144,446.746674],"rotationMatrix":[-0.199692145,0.979858696,0,-0.979858696,-0.199692145,0,0,0,1],"scale":1,"type":"italy_guardrails_basic_end_ccw"}
{"ctxid":0,"pos":[-1208.34192,-603.516418,459.929993],"rotationMatrix":[-0.517304122,-0.855801344,0,0.855801344,-0.517304122,0,0,0,1],"scale":1,"type":"italy_guardrails_basic_end_ccw"}
{"ctxid":0,"pos":[-1309.03125,-685.40332,468.539978],"rotationMatrix":[0.861730695,0.498362124,-0.0951562151,-0.500633955,0.8656587,0,0.0823727995,0.0476384312,0.995462418],"scale":1,"type":"italy_guardrails_basic_end_ccw"}
{"ctxid":0,"pos":[-1246.49939,-696.026794,476.401855],"rotationMatrix":[0.149666891,-0.986685216,0.0636498183,0.988690138,0.149971008,0,-0.00954562705,0.0629299581,0.99797225],"scale":1,"type":"italy_guardrails_basic_end_ccw"}
{"ctxid":0,"pos":[-1269.15698,-765.767395,482.727051],"rotationMatrix":[-0.268072486,0.963399529,0,-0.963399529,-0.268072486,0,0,0,1],"scale":1,"type":"italy_guardrails_basic_end_ccw"}
{"ctxid":0,"pos":[-1263.37634,-733.931641,484.15564],"rotationMatrix":[0.104114011,-0.99456507,0,0.99456507,0.104114011,0,0,0,1],"scale":1,"type":"italy_guardrails_basic_end_ccw"}
{"ctxid":0,"pos":[-1326.17932,-725.351257,489.565155],"rotationMatrix":[0.902727306,0.430213362,0,-0.430213362,0.902727306,0,0,0,1],"scale":1,"type":"italy_guardrails_basic_end_ccw"}
{"ctxid":0,"pos":[-1277.21863,-751.037659,495.599365],"rotationMatrix":[0.0201124158,-0.995890915,0.0882990882,0.999796271,0.020191282,0,-0.00178287155,0.088281095,0.996093869],"scale":1,"type":"italy_guardrails_basic_end_ccw"}
{"ctxid":0,"pos":[-1268.61804,-825.184204,502.658508],"rotationMatrix":[-0.716946602,-0.695939839,0.0406901948,0.696516693,-0.71754092,0,0.0291968808,0.0283414014,0.999171793],"scale":1,"type":"italy_guardrails_basic_end_ccw"}
{"ctxid":0,"pos":[-1158.12463,-886.888367,509.005859],"rotationMatrix":[0.938200891,-0.346090794,0,0.346090794,0.938200891,0,0,0,1],"scale":1,"type":"italy_guardrails_basic_end_ccw"}
{"ctxid":0,"pos":[-962.312378,-834.274292,510.622589],"rotationMatrix":[0.94936645,0.314171135,0,-0.314171135,0.94936645,0,0,0,1],"scale":1,"type":"italy_guardrails_basic_end_ccw"}
{"ctxid":0,"pos":[-864.570496,-781.570679,509.016846],"rotationMatrix":[0.703523397,-0.710672438,0,0.710672438,0.703523397,0,0,0,1],"scale":1,"type":"italy_guardrails_basic_end_ccw"}
{"ctxid":0,"pos":[-761.173218,-778.700317,496.592316],"rotationMatrix":[0.958425581,-0.25131017,-0.135142744,0.253636926,0.967299521,0,0.130723551,-0.0342771932,0.990826309],"scale":1,"type":"italy_guardrails_basic_end_ccw"}
{"ctxid":0,"pos":[-772.087036,-784.28479,497.614258],"rotationMatrix":[-0.978556454,0.177082211,0.105209783,-0.178070441,-0.98401767,0,0.103528291,-0.0187347569,0.994450212],"scale":1,"type":"italy_guardrails_basic_end_ccw"}
{"ctxid":0,"pos":[-491.418243,-773.844116,488.008759],"rotationMatrix":[-0.712989271,-0.701175034,0,0.701175034,-0.712989271,0,0,0,1],"scale":1,"type":"italy_guardrails_basic_end_ccw"}
{"ctxid":0,"pos":[-497.772919,-758.032959,489.914673],"rotationMatrix":[0.972632408,-0.216702074,-0.0838245079,0.217686832,0.976014972,0.00268145627,0.0812328756,-0.0208555609,0.996476948],"scale":1,"type":"italy_guardrails_basic_end_ccw"}
{"ctxid":0,"pos":[-393.615509,-738.994873,484.85202],"rotationMatrix":[-0.916154742,-0.400824696,0,0.400824696,-0.916154742,0,0,0,1],"scale":1,"type":"italy_guardrails_basic_end_ccw"}
{"ctxid":0,"pos":[-183.111191,-716.470337,471.218536],"rotationMatrix":[-0.241376072,0.970431447,0,-0.970431447,-0.241376072,0,0,0,1],"scale":1,"type":"italy_guardrails_basic_end_ccw"}
{"ctxid":0,"pos":[-136.002899,-894.583374,465.220673],"rotationMatrix":[0.054293707,0.998524964,0,-0.998524964,0.054293707,0,0,0,1],"scale":1,"type":"italy_guardrails_basic_end_ccw"}
{"ctxid":0,"pos":[-48.2332268,-993.355469,461.294556],"rotationMatrix":[-0.772183836,0.633587599,0.0479583777,-0.634288847,-0.773096502,0.000763968565,0.0375604853,-0.0298295394,0.998848915],"scale":1,"type":"italy_guardrails_basic_end_ccw"}
{"ctxid":0,"pos":[-48.9620552,-1349.62207,441.136536],"rotationMatrix":[0.459185332,0.88834089,0,-0.88834089,0.459185332,0,0,0,1],"scale":1,"type":"italy_guardrails_basic_end_ccw"}
{"ctxid":0,"pos":[13.8575573,-1473.96875,438.079956],"rotationMatrix":[0.172907054,0.984938204,0,-0.984938204,0.172907054,0,0,0,1],"scale":1,"type":"italy_guardrails_basic_end_ccw"}
{"ctxid":0,"pos":[271.355865,-1453.1853,432.181213],"rotationMatrix":[0.945375443,-0.325983882,0,0.325983882,0.945375443,0,0,0,1],"scale":1,"type":"italy_guardrails_basic_end_ccw"}
{"ctxid":0,"pos":[505.288696,-1404.27844,424.447205],"rotationMatrix":[-0.920131624,-0.391609699,0,0.391609699,-0.920131624,0,0,0,1],"scale":1,"type":"italy_guardrails_basic_end_ccw"}
{"ctxid":0,"pos":[275.442505,-1234.86475,329.726074],"rotationMatrix":[-0.431317329,0.902200043,0,-0.902200043,-0.431317329,0,0,0,1],"scale":1,"type":"italy_guardrails_basic_end_ccw"}
{"ctxid":0,"pos":[639.690613,-561.748352,198.379395],"rotationMatrix":[-0.999219418,-0.0394908264,0,0.0394908264,-0.999219418,0,0,0,1],"scale":1,"type":"italy_guardrails_basic_end_ccw"}
{"ctxid":0,"pos":[933.547302,-342.434326,258.976837],"rotationMatrix":[-0.910672188,-0.413129717,0,0.413129717,-0.910672188,0,0,0,1],"scale":1,"type":"italy_guardrails_basic_end_ccw"}
{"ctxid":0,"pos":[979.421204,-184.671295,277.575623],"rotationMatrix":[0.905644357,0.415829331,-0.0830357298,-0.417270362,0.908782721,0,0.0754614472,0.0346483514,0.996546447],"scale":1,"type":"italy_guardrails_basic_end_ccw"}
{"ctxid":0,"pos":[984.756226,-192.019745,277.353027],"rotationMatrix":[-0.741164982,-0.671322763,0,0.671322763,-0.741164982,0,0,0,1],"scale":1,"type":"italy_guardrails_basic_end_ccw"}
{"ctxid":0,"pos":[1090.13098,-2.01231003,263.732452],"rotationMatrix":[0.395978034,0.918260157,0,-0.918260157,0.395978034,0,0,0,1],"scale":1,"type":"italy_guardrails_basic_end_ccw"}
{"ctxid":0,"pos":[844.619507,6.71316385,206.54982],"rotationMatrix":[-0.554453015,0.832214952,0,-0.832214952,-0.554453015,0,0,0,1],"scale":1,"type":"italy_guardrails_basic_end_ccw"}
{"ctxid":0,"pos":[-390.592377,114.696533,190.773087],"rotationMatrix":[-0.971122921,0.238580331,0,-0.238580331,-0.971122921,0,0,0,1],"scale":1,"type":"italy_guardrails_basic_end_ccw"}
{"ctxid":0,"pos":[-293.803711,35.8667641,213.788818],"rotationMatrix":[0.922113717,0.386918902,0,-0.386918902,0.922113717,0,0,0,1],"scale":1,"type":"italy_guardrails_basic_end_ccw"}
{"ctxid":0,"pos":[-493.029694,-48.2049294,228.335342],"rotationMatrix":[0.39586401,0.918309212,0,-0.918309212,0.39586401,0,0,0,1],"scale":1,"type":"italy_guardrails_basic_end_ccw"}
{"ctxid":0,"pos":[-593.201355,-230.65152,230.966339],"rotationMatrix":[-0.990741611,-0.135761261,0,0.135761261,-0.990741611,0,0,0,1],"scale":1,"type":"italy_guardrails_basic_end_ccw"}
{"ctxid":0,"pos":[-586.343384,-245.764282,233.72821],"rotationMatrix":[-0.999673784,-0.0255388618,0,0.0255388618,-0.999673784,0,0,0,1],"scale":1,"type":"italy_guardrails_basic_end_ccw"}
{"ctxid":0,"pos":[-363.205566,-40.3843307,271.789337],"rotationMatrix":[0.847374618,0.530102789,0.0307819881,-0.5302881,0.847814023,-0.00246593892,-0.0274046063,-0.0142337484,0.999523044],"scale":1,"type":"italy_guardrails_basic_end_ccw"}
{"ctxid":0,"pos":[-253.903778,-187.783752,288.307159],"rotationMatrix":[0.0890264288,-0.996029139,0,0.996029139,0.0890264288,0,0,0,1],"scale":1,"type":"italy_guardrails_basic_end_ccw"}
{"ctxid":0,"pos":[309.794159,-574.754944,346.045898],"rotationMatrix":[0.94191438,0.3358531,0,-0.3358531,0.94191438,0,0,0,1],"scale":1,"type":"italy_guardrails_basic_end_ccw"}
{"ctxid":0,"pos":[-710.845764,138.748749,217.084808],"rotationMatrix":[-0.0843879953,-0.995445609,-0.0443447456,0.996425748,-0.0844710916,0,-0.00374584878,-0.0441862494,0.999016285],"scale":1,"type":"italy_guardrails_basic_end_ccw"}
{"ctxid":0,"pos":[-752.029907,54.2106247,210.049927],"rotationMatrix":[0.121611968,0.989536941,0.07762862,-0.99250865,0.122153096,-0.0022422378,-0.011701351,-0.0767743737,0.996979713],"scale":1,"type":"italy_guardrails_basic_end_ccw"}
{"ctxid":0,"pos":[-713.111816,67.3846283,200.223862],"rotationMatrix":[-0.469015658,-0.881480277,0.0549300127,0.882813036,-0.469724834,0,0.025801992,0.0484929308,0.998490214],"scale":1,"type":"italy_guardrails_basic_end_ccw"}
{"ctxid":0,"pos":[-691.847046,-1037.55652,303.982544],"rotationMatrix":[-0.880595028,-0.473870218,0,0.473870218,-0.880595028,0,0,0,1],"scale":1,"type":"italy_guardrails_basic_end_ccw"}
{"ctxid":0,"pos":[-164.316559,-1425.71985,384.903625],"rotationMatrix":[-0.446402133,0.894832253,0,-0.894832253,-0.446402133,0,0,0,1],"scale":1,"type":"italy_guardrails_basic_end_ccw"}
{"ctxid":0,"pos":[165.938232,-1646.08997,414.584259],"rotationMatrix":[-0.996295035,0.0859984234,0,-0.0859984234,-0.996295035,0,0,0,1],"scale":1,"type":"italy_guardrails_basic_end_ccw"}
{"ctxid":0,"pos":[57.3349915,-1540.71948,429.403259],"rotationMatrix":[-0.601351857,0.79898417,0,-0.79898417,-0.601351857,0,0,0,1],"scale":1,"type":"italy_guardrails_basic_end_ccw"}
{"ctxid":0,"pos":[1609.70557,-1044.34973,168.208221],"rotationMatrix":[-0.540897548,-0.841087997,0,0.841087997,-0.540897548,0,0,0,1],"scale":1,"type":"italy_guardrails_basic_end_ccw"}
{"ctxid":0,"pos":[1595.42078,-1039.90967,168.216431],"rotationMatrix":[0.438569427,0.898697197,0,-0.898697197,0.438569427,0,0,0,1],"scale":1,"type":"italy_guardrails_basic_end_ccw"}
{"ctxid":0,"pos":[640.729309,409.210693,171.366638],"rotationMatrix":[1,0,0,0,1,0,0,0,1],"scale":1,"type":"italy_guardrails_basic_end_ccw"}
{"ctxid":0,"pos":[864.609741,460.204346,179.562714],"rotationMatrix":[-0.999602139,-0.0282060243,0,0.0282060243,-0.999602139,0,0,0,1],"scale":1,"type":"italy_guardrails_basic_end_ccw"}
{"ctxid":0,"pos":[867.458984,1169.17615,151.32547],"rotationMatrix":[0.923707485,-0.383097768,0,0.383097768,0.923707485,0,0,0,1],"scale":1,"type":"italy_guardrails_basic_end_ccw"}
{"ctxid":0,"pos":[709.602051,1218.30957,159.283722],"rotationMatrix":[-0.409072429,-0.912501514,0,0.912501514,-0.409072429,0,0,0,1],"scale":1,"type":"italy_guardrails_basic_end_ccw"}
{"ctxid":0,"pos":[651.065308,609.052551,173.533051],"rotationMatrix":[-0.231352985,0.972870052,0,-0.972870052,-0.231352985,0,0,0,1],"scale":1,"type":"italy_guardrails_basic_end_ccw"}
{"ctxid":0,"pos":[-933.744385,294.842529,255.755096],"rotationMatrix":[0.219539106,0.9756037,0,-0.9756037,0.219539106,0,0,0,1],"scale":1,"type":"italy_guardrails_basic_end_ccw"}
{"ctxid":0,"pos":[-851.805176,163.702286,248.628174],"rotationMatrix":[-0.0338501744,-0.997064114,-0.0686854646,0.999356627,-0.0345826708,0.00950395875,-0.0118513852,-0.0683195814,0.997593224],"scale":1,"type":"italy_guardrails_basic_end_ccw"}
{"ctxid":0,"pos":[-863.865906,155.279495,247.853607],"rotationMatrix":[-0.0625424311,0.998041868,0,-0.998041868,-0.0625424311,0,0,0,1],"scale":1,"type":"italy_guardrails_basic_end_ccw"}
{"ctxid":0,"pos":[-1175.10693,1658.81238,152.41394],"rotationMatrix":[-0.202326477,0.979317725,0,-0.979317725,-0.202326477,0,0,0,1],"scale":1,"type":"italy_guardrails_basic_end_ccw"}
{"ctxid":0,"pos":[-1604.85181,1481.64246,164.506714],"rotationMatrix":[-0.650503814,0.759503007,0,-0.759503007,-0.650503814,0,0,0,1],"scale":1,"type":"italy_guardrails_basic_end_ccw"}
{"ctxid":0,"pos":[-1593.08069,1416.50391,164.182175],"rotationMatrix":[-0.351546824,-0.936170518,0,0.936170518,-0.351546824,0,0,0,1],"scale":1,"type":"italy_guardrails_basic_end_ccw"}
{"ctxid":0,"pos":[-1630.2251,1307.95996,163.246231],"rotationMatrix":[-0.241539851,0.969891191,-0.0311365332,-0.970381856,-0.241549656,0.00350157171,-0.00412487658,0.0310600884,0.999509156],"scale":1,"type":"italy_guardrails_basic_end_ccw"}
{"ctxid":0,"pos":[290.688873,1748.78601,207.331787],"rotationMatrix":[0.361207128,0.926835179,0.10249763,-0.93174237,0.363119572,0,-0.0372188948,-0.0955013633,0.994733334],"scale":1,"type":"italy_guardrails_basic_end_ccw"}
{"ctxid":0,"pos":[355.065308,1713.01221,183.847092],"rotationMatrix":[-0.26242274,-0.963997662,-0.0429263115,0.964887083,-0.262664855,0,-0.0112752328,-0.0414190441,0.999078214],"scale":1,"type":"italy_guardrails_basic_end_ccw"}
{"ctxid":0,"pos":[257.275604,1613.55615,177.016846],"rotationMatrix":[-0.69875586,-0.71419251,-0.0408498161,0.714789152,-0.699339628,0,-0.0285678953,-0.0291990042,0.999165356],"scale":1,"type":"italy_guardrails_basic_end_ccw"}
{"ctxid":0,"pos":[191.647781,1549.28845,175.539886],"rotationMatrix":[0.307114691,0.941205978,-0.140759051,-0.950670958,0.310203016,0,0.0436638817,0.133815527,0.990044117],"scale":1,"type":"italy_guardrails_basic_end_ccw"}
{"ctxid":0,"pos":[-1334.02429,923.71991,296.387634],"rotationMatrix":[-0.444347054,0.895351052,-0.0300333407,-0.895755053,-0.444547594,0,-0.0133512486,0.0269025154,0.999548972],"scale":1,"type":"italy_guardrails_basic_end_ccw"}
{"ctxid":0,"pos":[-1331.12561,939.85498,296.454407],"rotationMatrix":[0.76953721,-0.638602436,0,0.638602436,0.76953721,0,0,0,1],"scale":1,"type":"italy_guardrails_basic_end_ccw"}
{"ctxid":0,"pos":[-1246.45959,922.398071,329.818909],"rotationMatrix":[-0.0507870205,-0.998709559,0,0.998709559,-0.0507870205,0,0,0,1],"scale":1,"type":"italy_guardrails_basic_end_ccw"}
{"ctxid":0,"pos":[-1296.48901,763.769287,334.669312],"rotationMatrix":[0.33672893,0.941601038,0,-0.941601038,0.33672893,0,0,0,1],"scale":1,"type":"italy_guardrails_basic_end_ccw"}
{"ctxid":0,"pos":[-1243.16125,807.313232,341.738678],"rotationMatrix":[0.803780138,0.594735026,0.0150831034,-0.594802678,0.803871632,0,-0.012124883,-0.00897147227,0.999886215],"scale":1,"type":"italy_guardrails_basic_end_ccw"}
{"ctxid":0,"pos":[-709.007812,752.081116,307.624329],"rotationMatrix":[0.925334632,-0.379151225,0,0.379151225,0.925334632,0,0,0,1],"scale":1,"type":"italy_guardrails_basic_end_ccw"}
{"ctxid":0,"pos":[-780.802307,704.245117,302.720581],"rotationMatrix":[-0.834519804,-0.550977945,0,0.550977945,-0.834519804,0,0,0,1],"scale":1,"type":"italy_guardrails_basic_end_ccw"}
{"ctxid":0,"pos":[1327.27722,1169.47949,167.714752],"rotationMatrix":[0.639793575,0.768546581,0,-0.768546581,0.639793575,0,0,0,1],"scale":1,"type":"italy_guardrails_basic_end_ccw"}
{"ctxid":0,"pos":[652.041748,1082.90601,169.188873],"rotationMatrix":[-0.32776624,-0.944758594,0,0.944758594,-0.32776624,0,0,0,1],"scale":1,"type":"italy_guardrails_basic_end_ccw"}
{"ctxid":0,"pos":[337.801147,-251.135254,197.506439],"rotationMatrix":[0.674351394,-0.738410413,0,0.738410413,0.674351394,0,0,0,1],"scale":1,"type":"italy_guardrails_basic_end_ccw"}
{"ctxid":0,"pos":[529.018005,-1322.07886,420.50882],"rotationMatrix":[0.874611855,0.484824002,0,-0.484824002,0.874611855,0,0,0,1],"scale":1,"type":"italy_guardrails_basic_end_ccw"}
{"ctxid":0,"pos":[-1831.49609,-673.555725,160.263916],"rotationMatrix":[-0.811181366,0.584793627,0,-0.584793627,-0.811181366,0,0,0,1],"scale":1,"type":"italy_guardrails_basic_end_ccw"}
{"ctxid":0,"pos":[-1756.59058,-1041.91333,141.211487],"rotationMatrix":[0.241657272,0.970361888,0,-0.970361888,0.241657272,0,0,0,1],"scale":1,"type":"italy_guardrails_basic_end_ccw"}
{"ctxid":0,"pos":[1484.15454,1334.47754,147.868469],"rotationMatrix":[-0.990666807,0.136301637,0,-0.136301637,-0.990666807,0,0,0,1],"scale":1,"type":"italy_guardrails_basic_end_ccw"}
{"ctxid":0,"pos":[1467.54773,1262.36035,155.799957],"rotationMatrix":[0.96323657,0.268654257,0,-0.268654257,0.96323657,0,0,0,1],"scale":1,"type":"italy_guardrails_basic_end_ccw"}
{"ctxid":0,"pos":[-1361.30286,1506.5426,164.307587],"rotationMatrix":[-0.975173116,-0.221443877,0,0.221443877,-0.975173116,0,0,0,1],"scale":1,"type":"italy_guardrails_basic_end_ccw"}
{"ctxid":0,"pos":[1712.82922,1589.41431,177.53418],"rotationMatrix":[0.0322302878,-0.998309135,0.0483826511,0.999480784,0.0321925022,-0.00156019663,-2.61785316e-10,0.0484078042,0.998827636],"scale":1,"type":"italy_guardrails_basic_end_ccw"}
{"ctxid":0,"pos":[885.448608,-235.736908,291.43042],"rotationMatrix":[0.876766026,0.468695998,-0.107731901,-0.474140584,0.8799178,-0.0306000337,0.0804530829,0.0779091343,0.993709266],"scale":1,"type":"italy_guardrails_basic_end_ccw"}
{"ctxid":0,"pos":[877.074768,-246.678406,293.661041],"rotationMatrix":[-0.893203259,-0.4049972,0.195357665,0.409699887,-0.912050903,-0.017571358,0.185292527,0.0643432215,0.980574548],"scale":1,"type":"italy_guardrails_basic_end_ccw"}
{"ctxid":0,"pos":[934.380493,-204.261429,281.183563],"rotationMatrix":[-0.965299487,-0.236430466,0.110894479,0.235143125,-0.971645951,-0.0247369315,0.113598734,0.00219752803,0.993524313],"scale":1,"type":"italy_guardrails_basic_end_ccw"}
{"ctxid":0,"pos":[1334.01807,-292.023712,147.768387],"rotationMatrix":[-0.992333651,-0.123585507,0,0.123585507,-0.992333651,0,0,0,1],"scale":1,"type":"italy_guardrails_basic_end_ccw"}
{"ctxid":0,"pos":[-590.705994,1225.59204,162.004715],"rotationMatrix":[0.933778942,-0.357850015,0,0.357850015,0.933778942,0,0,0,1],"scale":1,"type":"italy_guardrails_basic_end_ccw"}
{"ctxid":0,"pos":[-598.286377,1213.04932,162.51799],"rotationMatrix":[0.908230782,-0.418469399,0,0.418469399,0.908230782,0,0,0,1],"scale":1,"type":"italy_guardrails_basic_end_ccw"}
{"ctxid":0,"pos":[-1759.11633,89.6229324,148.497131],"rotationMatrix":[0.487650484,0.873038888,0,-0.873038888,0.487650484,0,0,0,1],"scale":1,"type":"italy_guardrails_basic_end_ccw"}
{"ctxid":0,"pos":[1214.69788,-816.090088,145.171951],"rotationMatrix":[0.836581409,-0.547842026,0,0.547842026,0.836581409,0,0,0,1],"scale":1,"type":"italy_guardrails_basic_end_ccw"}
{"ctxid":0,"pos":[-1719.93665,120.93428,148.361603],"rotationMatrix":[0.883317292,0.468775839,0,-0.468775839,0.883317292,0,0,0,1],"scale":1,"type":"italy_guardrails_basic_end_ccw"}
