{"ctxid":0,"pos":[-163.114136,-1679.15381,333.07901],"rotationMatrix":[-0.293443561,0.955833316,-0.0165428612,-0.955964088,-0.293483615,2.18953937e-06,-0.00485296547,0.0158150233,0.999863148],"scale":1,"type":"italy_wall_concrete_plain"}
{"ctxid":0,"pos":[-164.052368,-1676.3291,333.037415],"rotationMatrix":[-0.336430907,0.941640973,-0.0112473592,-0.941700578,-0.336452127,2.33668834e-06,-0.00378199853,0.0105924299,0.999936759],"scale":1,"type":"italy_wall_concrete_plain"}
{"ctxid":0,"pos":[-165.116699,-1673.54883,333.012939],"rotationMatrix":[-0.378380656,0.925636709,-0.00497443136,-0.925648153,-0.378385425,1.05891377e-06,-0.00188127183,0.00460497383,0.999987602],"scale":1,"type":"italy_wall_concrete_plain"}
{"ctxid":0,"pos":[-166.300293,-1670.81885,333.008728],"rotationMatrix":[-0.415475488,0.909601748,0.00223431969,-0.909604013,-0.415476561,1.74611341e-06,0.000929895439,-0.00203162059,0.999997497],"scale":1.00000012,"type":"italy_wall_concrete_plain"}
{"ctxid":0,"pos":[-167.580322,-1668.13184,333.027069],"rotationMatrix":[-0.442492247,0.896714985,0.0101415683,-0.896761119,-0.442515016,1.36299059e-06,0.00448901812,-0.00909396075,0.999948561],"scale":1.00000012,"type":"italy_wall_concrete_plain"}
{"ctxid":0,"pos":[-168.918945,-1665.47559,333.069427],"rotationMatrix":[-0.453698635,0.890967607,0.0182861723,-0.891116619,-0.453774571,1.86264515e-08,0.00829781592,-0.0162951034,0.999832809],"scale":1,"type":"italy_wall_concrete_plain"}
{"ctxid":0,"pos":[-170.260254,-1662.81982,333.13559],"rotationMatrix":[-0.443822742,0.895736992,0.0260097701,-0.896040142,-0.443972945,-1.47242099e-06,0.0115463156,-0.0233064517,0.999661684],"scale":1.00000012,"type":"italy_wall_concrete_plain"}
{"ctxid":0,"pos":[-171.53833,-1660.1333,333.223114],"rotationMatrix":[-0.409916401,0.911542952,0.0325242952,-0.912025511,-0.410133362,-1.85333192e-06,0.0133376094,-0.0296637472,0.999470949],"scale":0.99999994,"type":"italy_wall_concrete_plain"}
{"ctxid":0,"pos":[-172.681274,-1657.38721,333.327332],"rotationMatrix":[-0.353494167,0.934702158,0.0370641053,-0.935344815,-0.353737116,-9.44361091e-07,0.0131100696,-0.0346680507,0.999312878],"scale":1.00000012,"type":"italy_wall_concrete_plain"}
{"ctxid":0,"pos":[-173.630493,-1654.56543,333.441742],"rotationMatrix":[-0.281418681,0.958779275,0.0393182002,-0.959521234,-0.281636477,-7.67409801e-07,0.0110726999,-0.0377268642,0.999226749],"scale":1.00000012,"type":"italy_wall_concrete_plain"}
{"ctxid":0,"pos":[-174.355713,-1651.67773,333.559143],"rotationMatrix":[-0.20374155,0.97830826,0.0374483317,-0.978994906,-0.20388484,7.0836395e-06,0.00764207542,-0.0366602838,0.999298573],"scale":0.99999994,"type":"italy_wall_concrete_plain"}
{"ctxid":0,"pos":[-174.884338,-1648.73975,333.655579],"rotationMatrix":[-0.158697486,0.986908793,0.0287431628,-0.987316728,-0.158763051,8.98726285e-07,0.00456423964,-0.0283784643,0.999586821],"scale":1.00000012,"type":"italy_wall_concrete_plain"}
{"ctxid":0,"pos":[-175.323914,-1645.79102,333.734772],"rotationMatrix":[-0.13739109,0.990209937,0.0246580858,-0.99051106,-0.137432933,3.41795385e-07,0.00338917226,-0.0244240612,0.999695957],"scale":1.00000012,"type":"italy_wall_concrete_plain"}
{"ctxid":0,"pos":[-175.709534,-1642.83398,333.803711],"rotationMatrix":[-0.12150538,0.992353559,0.0216999203,-0.992587328,-0.12153399,2.70083547e-07,0.00263754558,-0.0215390306,0.999764502],"scale":0.999999881,"type":"italy_wall_concrete_plain"}
{"ctxid":0,"pos":[-176.050385,-1639.87158,333.864563],"rotationMatrix":[-0.107256293,0.994047642,0.0191143639,-0.994229317,-0.107275963,2.65426934e-07,0.00205077417,-0.019004032,0.999817312],"scale":1,"type":"italy_wall_concrete_plain"}
{"ctxid":0,"pos":[-176.349426,-1636.90479,333.917786],"rotationMatrix":[-0.0930041075,0.995527744,0.0165728647,-0.995664477,-0.0930169821,1.20140612e-07,0.00154167647,-0.016501002,0.999862671],"scale":1,"type":"italy_wall_concrete_plain"}
{"ctxid":0,"pos":[-176.604156,-1633.93457,333.963196],"rotationMatrix":[-0.0775630474,0.996891022,0.0138676167,-0.996986866,-0.0775705576,4.33064997e-07,0.00107615022,-0.0138257975,0.999903858],"scale":1.00000012,"type":"italy_wall_concrete_plain"}
{"ctxid":0,"pos":[-176.809799,-1630.95947,334.000061],"rotationMatrix":[-0.0597295761,0.998156369,0.0107794562,-0.998214424,-0.0597330332,6.08153641e-07,0.000644496642,-0.0107601723,0.999941885],"scale":1,"type":"italy_wall_concrete_plain"}
{"ctxid":0,"pos":[-176.957016,-1627.97998,334.026855],"rotationMatrix":[-0.0377315283,0.999263465,0.00700001605,-0.999287903,-0.037732482,5.93019649e-07,0.000264719827,-0.00699500833,0.999975502],"scale":1,"type":"italy_wall_concrete_plain"}
{"ctxid":0,"pos":[-177.02832,-1624.99756,334.04068],"rotationMatrix":[-0.0083117485,0.999963522,0.0019709086,-0.999965429,-0.0083117485,7.49831088e-07,1.71315623e-05,-0.0019708341,0.999998033],"scale":0.999999881,"type":"italy_wall_concrete_plain"}
{"ctxid":0,"pos":[-176.991913,-1622.0127,334.036133],"rotationMatrix":[0.0357311964,0.999346256,-0.00551005034,-0.999361396,0.0357317328,4.36091796e-06,0.000201242045,0.0055063758,0.999984801],"scale":0.99999994,"type":"italy_wall_concrete_plain"}
{"ctxid":0,"pos":[-176.780579,-1619.03271,334.002136],"rotationMatrix":[0.114805937,0.993208528,-0.0188812017,-0.993385553,0.114826739,1.56583264e-05,0.00218361989,0.0187545158,0.999821723],"scale":1.00000012,"type":"italy_wall_concrete_plain"}
{"ctxid":0,"pos":[-176.211914,-1616.09961,333.908997],"rotationMatrix":[0.249725044,0.967511714,-0.0394777209,-0.968266547,0.249919832,-4.80562449e-07,0.00986580178,0.0382250771,0.999220431],"scale":0.999999821,"type":"italy_wall_concrete_plain"}
{"ctxid":0,"pos":[-175.469482,-1613.22021,333.804749],"rotationMatrix":[0.246522367,0.968667388,-0.0301710442,-0.969108582,0.246634662,4.54485416e-07,0.00744166598,0.0292389039,0.99954474],"scale":0.999999881,"type":"italy_wall_concrete_plain"}
{"ctxid":0,"pos":[-174.755737,-1610.33447,333.729767],"rotationMatrix":[0.231250346,0.972682178,-0.0203115866,-0.972882926,0.231298089,9.05245543e-07,0.00469891122,0.0197605863,0.999793708],"scale":1,"type":"italy_wall_concrete_plain"}
{"ctxid":0,"pos":[-174.110474,-1607.4292,333.683746],"rotationMatrix":[0.199663043,0.979804456,-0.0108518917,-0.979862154,0.199674845,2.37626955e-06,0.00216917787,0.0106328838,0.999941111],"scale":1.00000012,"type":"italy_wall_concrete_plain"}
{"ctxid":0,"pos":[-173.592529,-1604.49951,333.663849],"rotationMatrix":[0.14385885,0.989593685,-0.00299170869,-0.989598095,0.143859506,3.36172525e-06,0.000433712266,0.00296010589,0.99999553],"scale":1.00000012,"type":"italy_wall_concrete_plain"}
{"ctxid":0,"pos":[-173.287476,-1601.53906,333.66272],"rotationMatrix":[0.0550482273,0.998482645,0.00137094501,-0.998483598,0.0550482869,1.33010326e-06,-7.41399708e-05,-0.00136893941,0.999999046],"scale":1.00000012,"type":"italy_wall_concrete_plain"}
{"ctxid":0,"pos":[-173.300293,-1598.55957,333.666321],"rotationMatrix":[-0.0692812204,0.997597158,-0.00018839429,-0.997597158,-0.0692812204,-3.90315836e-06,-1.69459672e-05,0.00018767119,1],"scale":1.00000012,"type":"italy_wall_concrete_plain"}
{"ctxid":0,"pos":[-173.722656,-1595.60596,333.654602],"rotationMatrix":[-0.214872956,0.976601899,-0.00883763842,-0.976640046,-0.21488142,-5.31552359e-06,-0.00190423639,0.00863005035,0.999960959],"scale":1,"type":"italy_wall_concrete_plain"}
{"ctxid":0,"pos":[-174.578979,-1592.74414,333.608276],"rotationMatrix":[-0.352506161,0.935535729,-0.0226384457,-0.935775459,-0.35259676,-8.97608697e-06,-0.00799063593,0.0211813375,0.9997437],"scale":1,"type":"italy_wall_concrete_plain"}
{"ctxid":0,"pos":[-175.807129,-1590.02148,333.517639],"rotationMatrix":[-0.461247802,0.886463642,-0.0378505737,-0.887099147,-0.461578846,-1.03842467e-05,-0.01748023,0.0335724205,0.999283433],"scale":1.00000012,"type":"italy_wall_concrete_plain"}
{"ctxid":0,"pos":[-177.313232,-1587.45117,333.388672],"rotationMatrix":[-0.547457337,0.835773647,-0.0421052426,-0.836515844,-0.547942638,1.69370323e-05,-0.023057105,0.0352309719,0.999113202],"scale":1,"type":"italy_wall_concrete_plain"}
{"ctxid":0,"pos":[-179.097656,-1585.08447,333.291443],"rotationMatrix":[-0.65753448,0.753078997,-0.022809986,-0.753275335,-0.657705188,2.17799097e-05,-0.0149858473,0.0171965212,0.999739826],"scale":1.00000012,"type":"italy_wall_concrete_plain"}
{"ctxid":0,"pos":[-181.236816,-1583.03394,333.255493],"rotationMatrix":[-0.786051035,0.618160427,-0.00132382568,-0.618161023,-0.78605175,1.1831522e-05,-0.00103328144,0.000827637501,0.999999106],"scale":1.00000012,"type":"italy_wall_concrete_plain"}
{"ctxid":0,"pos":[-183.75293,-1581.4668,333.280212],"rotationMatrix":[-0.90177381,0.431890279,0.0165809933,-0.431949526,-0.901897907,8.67224298e-06,0.0149581069,-0.00715433247,0.999862552],"scale":1.00000012,"type":"italy_wall_concrete_plain"}
{"ctxid":0,"pos":[-186.551758,-1580.47192,333.343262],"rotationMatrix":[-0.970218062,0.241087139,0.0235285517,-0.241153866,-0.97048676,1.04890205e-06,0.0228344034,-0.00567298383,0.999723136],"scale":0.99999994,"type":"italy_wall_concrete_plain"}
{"ctxid":0,"pos":[-189.491211,-1579.98291,333.408752],"rotationMatrix":[-0.995205045,0.0960119888,0.0186700206,-0.0960288569,-0.995378613,-6.77077333e-06,0.0185830873,-0.00179959903,0.999825716],"scale":0.99999994,"type":"italy_wall_concrete_plain"}
{"ctxid":0,"pos":[-192.475586,-1579.84241,333.447021],"rotationMatrix":[-0.999961138,0.00646199938,0.00600012764,-0.00646215677,-0.999979138,-6.87019747e-06,0.00599995814,-4.56436974e-05,0.999981999],"scale":0.99999994,"type":"italy_wall_concrete_plain"}
{"ctxid":0,"pos":[-195.46582,-1579.90125,333.440643],"rotationMatrix":[-0.999153972,-0.0396999381,-0.0107313003,0.0397022553,-0.99921155,-2.79166852e-06,-0.0107227284,-0.000428846135,0.999942422],"scale":1,"type":"italy_wall_concrete_plain"}
{"ctxid":0,"pos":[-198.454102,-1580.05151,333.381012],"rotationMatrix":[-0.997978568,-0.0563429408,-0.0293996893,0.0563673191,-0.998410106,-3.31550837e-07,-0.0293529294,-0.0016575125,0.999567747],"scale":0.99999994,"type":"italy_wall_concrete_plain"}
{"ctxid":0,"pos":[-201.424316,-1580.22473,333.295197],"rotationMatrix":[-0.997942448,-0.0598488748,-0.022995932,0.0598646998,-0.998206377,1.7543789e-07,-0.0229547005,-0.0013764695,0.999735534],"scale":0.999999821,"type":"italy_wall_concrete_plain"}
{"ctxid":0,"pos":[-204.391113,-1580.40796,333.244659],"rotationMatrix":[-0.99791193,-0.0635405406,-0.0116053745,0.0635448173,-0.997979045,4.50963853e-07,-0.011581948,-0.000737011316,0.999932647],"scale":1,"type":"italy_wall_concrete_plain"}
{"ctxid":0,"pos":[-207.36084,-1580.60291,333.223755],"rotationMatrix":[-0.997714162,-0.0675099492,-0.00294356653,0.0675102472,-0.997718453,1.69471605e-07,-0.00293686241,-0.000198551803,0.999995649],"scale":0.99999994,"type":"italy_wall_concrete_plain"}
{"ctxid":0,"pos":[-210.330078,-1580.81055,333.224518],"rotationMatrix":[-0.99740994,-0.071864754,0.00297285616,0.0718650669,-0.997414351,1.60194759e-07,0.00296515785,0.000213804306,0.999995589],"scale":0.99999994,"type":"italy_wall_concrete_plain"}
{"ctxid":0,"pos":[-213.30127,-1581.03149,333.23877],"rotationMatrix":[-0.997037053,-0.0766792223,0.00612204894,0.0766806528,-0.997055769,-9.98115866e-08,0.00610403158,0.000469343213,0.999981284],"scale":0.999999881,"type":"italy_wall_concrete_plain"}
{"ctxid":0,"pos":[-216.271484,-1581.26746,333.25827],"rotationMatrix":[-0.996628284,-0.081795007,0.00646186108,0.0817967206,-0.996649146,7.04312697e-09,0.0064402069,0.000528566015,0.999979138],"scale":0.99999994,"type":"italy_wall_concrete_plain"}
{"ctxid":0,"pos":[-219.243164,-1581.51929,333.274567],"rotationMatrix":[-0.996179223,-0.0872395858,0.00402404368,0.0872402862,-0.996187329,-1.9975414e-07,0.00400871877,0.000350859715,0.999991894],"scale":0.99999994,"type":"italy_wall_concrete_plain"}
{"ctxid":0,"pos":[-222.21582,-1581.78821,333.27948],"rotationMatrix":[-0.995664358,-0.0930109099,-0.0012140196,0.0930109844,-0.995665073,-2.52544851e-07,-0.00120873342,-0.0001131686,0.999999285],"scale":0.99999994,"type":"italy_wall_concrete_plain"}
{"ctxid":0,"pos":[-225.187012,-1582.07507,333.264587],"rotationMatrix":[-0.995018363,-0.099264726,-0.00922874548,0.099268958,-0.995060682,-3.70113412e-07,-0.00918312371,-0.000916496152,0.999957442],"scale":0.999999821,"type":"italy_wall_concrete_plain"}
{"ctxid":0,"pos":[-228.158203,-1582.38135,333.221649],"rotationMatrix":[-0.994203806,-0.105632693,-0.020017026,0.105653867,-0.994403005,-4.68106009e-07,-0.0199049395,-0.00211534137,0.999799669],"scale":0.99999994,"type":"italy_wall_concrete_plain"}
{"ctxid":0,"pos":[-231.119141,-1582.71838,333.154755],"rotationMatrix":[-0.991858244,-0.125872716,-0.0193257313,0.125896201,-0.992043495,1.26403756e-06,-0.0191721227,-0.00243178243,0.999813259],"scale":1,"type":"italy_wall_concrete_plain"}
{"ctxid":0,"pos":[-234.061523,-1583.13623,333.114899],"rotationMatrix":[-0.988078117,-0.153779984,-0.00728777004,0.153784066,-0.988104343,1.25489896e-06,-0.0072012716,-0.00111950305,0.999973416],"scale":0.99999994,"type":"italy_wall_concrete_plain"}
{"ctxid":0,"pos":[-236.993652,-1583.62341,333.112823],"rotationMatrix":[-0.985290885,-0.170786113,0.00582406763,0.170789003,-0.985307574,5.06232027e-07,0.00573841203,0.000995185692,0.999983013],"scale":1,"type":"italy_wall_concrete_plain"}
{"ctxid":0,"pos":[-239.923828,-1584.12512,333.148712],"rotationMatrix":[-0.986961961,-0.159976676,0.0177114438,0.16000174,-0.987116814,-2.23901588e-06,0.01748362,0.00283165183,0.999843121],"scale":0.999999881,"type":"italy_wall_concrete_plain"}
{"ctxid":0,"pos":[-242.872559,-1584.52588,333.212219],"rotationMatrix":[-0.994884372,-0.0982941613,0.0233138632,0.0983208939,-0.995154858,8.91741365e-08,0.0232008938,0.00229232828,0.999728203],"scale":0.99999994,"type":"italy_wall_concrete_plain"}
{"ctxid":0,"pos":[-245.851562,-1584.65454,333.275818],"rotationMatrix":[-0.99962163,0.0214960668,0.0171597898,-0.0214991812,-0.999768853,2.88730371e-06,0.0171558857,-0.000366035209,0.999852777],"scale":0.99999994,"type":"italy_wall_concrete_plain"}
{"ctxid":0,"pos":[-248.827148,-1584.37891,333.304382],"rotationMatrix":[-0.986994267,0.160752475,0.00102079054,-0.160752535,-0.986994743,9.56006988e-06,0.00100905169,-0.000154658934,0.999999464],"scale":1,"type":"italy_wall_concrete_plain"}
{"ctxid":0,"pos":[-251.742188,-1583.71936,333.280121],"rotationMatrix":[-0.961928844,0.272780985,-0.0168382321,-0.272819847,-0.96206522,1.0333024e-05,-0.0161966588,0.00460374355,0.999858201],"scale":0.999999881,"type":"italy_wall_concrete_plain"}
{"ctxid":0,"pos":[-254.565918,-1582.74487,333.206116],"rotationMatrix":[-0.920621872,0.389109999,-0.0323823951,-0.38931486,-0.92110467,2.31550075e-05,-0.0298185665,0.0126282647,0.999475539],"scale":0.999999881,"type":"italy_wall_concrete_plain"}
{"ctxid":0,"pos":[-257.206055,-1581.35474,333.085083],"rotationMatrix":[-0.840190768,0.540098965,-0.0487076379,-0.540741742,-0.84118855,2.32970342e-05,-0.040959727,0.0263578258,0.998813093],"scale":1.00000012,"type":"italy_wall_concrete_plain"}
{"ctxid":0,"pos":[-259.547363,-1579.51123,332.916107],"rotationMatrix":[-0.724013805,0.68682605,-0.0638266802,-0.68822974,-0.725492716,8.20867717e-06,-0.0463001579,0.0439333692,0.997960985],"scale":1,"type":"italy_wall_concrete_plain"}
{"ctxid":0,"pos":[-261.509521,-1577.27539,332.708344],"rotationMatrix":[-0.595333576,0.800049007,-0.0741581917,-0.802258193,-0.596976995,4.818663e-06,-0.0442668945,0.059496887,0.997246504],"scale":1,"type":"italy_wall_concrete_plain"}
{"ctxid":0,"pos":[-263.109619,-1574.77002,332.479126],"rotationMatrix":[-0.487867475,0.869383395,-0.0784714743,-0.872072637,-0.489376426,1.11013651e-06,-0.0384011343,0.0684333667,0.996916354],"scale":1,"type":"italy_wall_concrete_plain"}
{"ctxid":0,"pos":[-264.447998,-1572.11816,332.245178],"rotationMatrix":[-0.420466065,0.903966606,-0.0777998492,-0.906714857,-0.421744466,-1.0766089e-06,-0.0328126252,0.0705418289,0.996968985],"scale":1,"type":"italy_wall_concrete_plain"}
{"ctxid":0,"pos":[-265.6521,-1569.40576,332.019318],"rotationMatrix":[-0.39653182,0.91508615,-0.0733469352,-0.917557597,-0.397602797,-1.71363354e-07,-0.0291631017,0.0672999695,0.997306466],"scale":1.00000012,"type":"italy_wall_concrete_plain"}
{"ctxid":0,"pos":[-266.8479,-1566.6875,331.811554],"rotationMatrix":[-0.413487792,0.908133864,-0.0657323748,-0.910102248,-0.414383769,2.12714076e-06,-0.0272364989,0.0598240606,0.997837305],"scale":0.999999881,"type":"italy_wall_concrete_plain"}
{"ctxid":0,"pos":[-268.150146,-1564.021,331.631134],"rotationMatrix":[-0.466863155,0.882614315,-0.0550530106,-0.883954942,-0.467572212,2.52947211e-06,-0.0257390216,0.0486655608,0.998483419],"scale":1.00000012,"type":"italy_wall_concrete_plain"}
{"ctxid":0,"pos":[-269.657471,-1561.46484,331.487366],"rotationMatrix":[-0.549636483,0.834383011,-0.0412875712,-0.835095286,-0.550105333,7.64802098e-06,-0.0227061342,0.0344832614,0.999147296],"scale":1.00000012,"type":"italy_wall_concrete_plain"}
{"ctxid":0,"pos":[-271.435059,-1559.09375,331.392181],"rotationMatrix":[-0.645965695,0.763146222,-0.018334955,-0.763274848,-0.646073937,3.09203751e-05,-0.0118221389,0.0140145831,0.999831915],"scale":0.99999994,"type":"italy_wall_concrete_plain"}
{"ctxid":0,"pos":[-273.461426,-1556.93945,331.391113],"rotationMatrix":[-0.717921495,0.695939839,0.0160144288,-0.696028888,-0.718013763,1.97999179e-05,0.0115123605,-0.0111322906,0.999871731],"scale":0.999999881,"type":"italy_wall_concrete_plain"}
{"ctxid":0,"pos":[-275.660156,-1554.95337,331.479309],"rotationMatrix":[-0.761242032,0.647115052,0.0418665856,-0.647682726,-0.7619102,7.23730773e-06,0.0319032595,-0.0271107517,0.999123216],"scale":1.00000012,"type":"italy_wall_concrete_plain"}
{"ctxid":0,"pos":[-277.955078,-1553.0752,331.631409],"rotationMatrix":[-0.781060696,0.621645927,0.0591661744,-0.622736812,-0.782431364,9.01520252e-07,0.0462940298,-0.0368442498,0.99824816],"scale":0.99999994,"type":"italy_wall_concrete_plain"}
{"ctxid":0,"pos":[-280.28418,-1551.2334,331.823364],"rotationMatrix":[-0.781242132,0.620458186,0.0685007051,-0.621919096,-0.783081532,-4.58210707e-07,0.0536413528,-0.0426022559,0.997651041],"scale":0.99999994,"type":"italy_wall_concrete_plain"}
{"ctxid":0,"pos":[-282.590332,-1549.35938,332.032318],"rotationMatrix":[-0.763352752,0.642127395,0.0704635829,-0.643727422,-0.765254974,4.88013029e-07,0.053922914,-0.045358967,0.997514367],"scale":1.00000012,"type":"italy_wall_concrete_plain"}
{"ctxid":0,"pos":[-284.819824,-1547.3877,332.236755],"rotationMatrix":[-0.726828098,0.683701575,0.0653695017,-0.685166895,-0.728386164,4.14252281e-06,0.0476170741,-0.0447860099,0.997861147],"scale":1.00000012,"type":"italy_wall_concrete_plain"}
{"ctxid":0,"pos":[-286.914551,-1545.26562,332.416046],"rotationMatrix":[-0.670198321,0.740253568,0.0534691885,-0.741313696,-0.671158671,9.02824104e-06,0.0358929932,-0.0396313891,0.998569489],"scale":1,"type":"italy_wall_concrete_plain"}
{"ctxid":0,"pos":[-288.810791,-1542.9585,332.550415],"rotationMatrix":[-0.593209624,0.80426538,0.0354907513,-0.804772019,-0.593584061,1.50473788e-05,0.0210788455,-0.0285530388,0.999369979],"scale":1,"type":"italy_wall_concrete_plain"}
{"ctxid":0,"pos":[-290.452881,-1540.45752,332.62439],"rotationMatrix":[-0.499479532,0.866226196,0.013124384,-0.866300821,-0.499522567,4.45125625e-06,0.0065597822,-0.0113674402,0.999913871],"scale":1.00000012,"type":"italy_wall_concrete_plain"}
{"ctxid":0,"pos":[-291.793701,-1537.78076,332.626984],"rotationMatrix":[-0.396520615,0.917957425,-0.011206083,-0.918015122,-0.396545291,1.91158615e-05,-0.00442617247,0.0102949329,0.999937236],"scale":1,"type":"italy_wall_concrete_plain"}
{"ctxid":0,"pos":[-292.824585,-1534.97021,332.557251],"rotationMatrix":[-0.293528676,0.95530957,-0.0349942781,-0.955895245,-0.293707967,1.5033409e-05,-0.0102637373,0.033455275,0.999387503],"scale":1.00000012,"type":"italy_wall_concrete_plain"}
{"ctxid":0,"pos":[-293.516968,-1532.08008,332.449158],"rotationMatrix":[-0.167548776,0.98541224,-0.0298338253,-0.98585093,-0.167623878,-1.97403133e-05,-0.00502031855,0.029408399,0.999554873],"scale":1.00000012,"type":"italy_wall_concrete_plain"}
{"ctxid":0,"pos":[-293.824585,-1529.12842,332.383667],"rotationMatrix":[-0.0442525148,0.998909891,-0.0148586221,-0.999020159,-0.0442575216,-1.0383781e-05,-0.000667978544,0.0148436036,0.999889612],"scale":0.99999994,"type":"italy_wall_concrete_plain"}
{"ctxid":0,"pos":[-293.798737,-1526.15674,332.357666],"rotationMatrix":[0.0582718253,0.998295784,-0.00314477272,-0.998300672,0.0582721233,-1.48487743e-06,0.000181770069,0.00313951541,0.999995053],"scale":1.00000012,"type":"italy_wall_concrete_plain"}
{"ctxid":0,"pos":[-293.496399,-1523.19824,332.362],"rotationMatrix":[0.140571833,0.990055501,0.0054471856,-0.990070164,0.140573919,-3.61842103e-06,-0.000769314589,-0.00539258774,0.999985158],"scale":1.00000012,"type":"italy_wall_concrete_plain"}
{"ctxid":0,"pos":[-292.976562,-1520.26758,332.387787],"rotationMatrix":[0.205767512,0.978534758,0.0113799553,-0.978598177,0.205780864,-2.60816887e-06,-0.00234433031,-0.0111358669,0.999935269],"scale":1.00000012,"type":"italy_wall_concrete_plain"}
{"ctxid":0,"pos":[-292.284302,-1517.37158,332.427734],"rotationMatrix":[0.256985426,0.966297686,0.0150782419,-0.966407597,0.257014692,-1.14366412e-06,-0.00387643557,-0.014571432,0.999886334],"scale":1,"type":"italy_wall_concrete_plain"}
{"ctxid":0,"pos":[-291.457153,-1514.50977,332.4758],"rotationMatrix":[0.296995044,0.954729736,0.0168844983,-0.954865873,0.297037363,-2.39349902e-07,-0.00501555577,-0.0161223598,0.999857426],"scale":1.00000012,"type":"italy_wall_concrete_plain"}
{"ctxid":0,"pos":[-290.523804,-1511.68018,332.526855],"rotationMatrix":[0.327720284,0.944620907,0.0170516316,-0.944758236,0.327767909,1.62050128e-07,-0.00558882346,-0.0161097236,0.999854624],"scale":1.00000012,"type":"italy_wall_concrete_plain"}
{"ctxid":0,"pos":[-289.510254,-1508.87695,332.57605],"rotationMatrix":[0.350794435,0.936320782,0.0157049298,-0.936436296,0.350837648,3.12924385e-07,-0.0055095884,-0.0147067765,0.999876678],"scale":1.00000012,"type":"italy_wall_concrete_plain"}
{"ctxid":0,"pos":[-288.437988,-1506.09375,332.61908],"rotationMatrix":[0.36720866,0.930049181,0.0128955888,-0.930126548,0.367239237,3.05473804e-07,-0.00473548193,-0.0119946413,0.999916852],"scale":1,"type":"italy_wall_concrete_plain"}
{"ctxid":0,"pos":[-287.325439,-1503.32568,332.651459],"rotationMatrix":[0.377488852,0.925974607,0.00855218992,-0.926008463,0.37750268,3.63215804e-07,-0.00322813774,-0.00791953783,0.999963403],"scale":0.999999881,"type":"italy_wall_concrete_plain"}
{"ctxid":0,"pos":[-286.190918,-1500.56543,332.668457],"rotationMatrix":[0.381794453,0.924243748,0.00253968523,-0.924246728,0.381795645,3.09664756e-08,-0.000969612214,-0.00234730775,0.999996781],"scale":1.00000012,"type":"italy_wall_concrete_plain"}
{"ctxid":0,"pos":[-285.05249,-1497.80615,332.664734],"rotationMatrix":[0.379941404,0.924994528,-0.00544104911,-0.925008237,0.379947007,-3.93483788e-07,0.00206694659,0.00503316475,0.999985218],"scale":0.999999881,"type":"italy_wall_concrete_plain"}
{"ctxid":0,"pos":[-283.925293,-1495.04297,332.635559],"rotationMatrix":[0.38154763,0.924280107,-0.0112976255,-0.924339116,0.381572008,-6.54254109e-07,0.00431025308,0.0104430877,0.999936163],"scale":1.00000012,"type":"italy_wall_concrete_plain"}
{"ctxid":0,"pos":[-282.747314,-1492.30957,332.61203],"rotationMatrix":[0.408283234,0.912841856,-0.00494966051,-0.912853062,0.40828824,-7.52974302e-07,0.00202020071,0.0045186202,0.999987721],"scale":0.99999994,"type":"italy_wall_concrete_plain"}
{"ctxid":0,"pos":[-281.5,-1489.60547,332.604584],"rotationMatrix":[0.427888632,0.903831422,-0.000407713582,-0.903831542,0.427888691,-7.30055035e-07,0.000173796187,0.00036881672,0.99999994],"scale":1.00000012,"type":"italy_wall_concrete_plain"}
{"ctxid":0,"pos":[-280.203125,-1486.92432,332.608307],"rotationMatrix":[0.441978633,0.897021472,0.00271008071,-0.89702481,0.441980243,-3.04891728e-07,-0.00119807571,-0.00243087485,0.999996305],"scale":1,"type":"italy_wall_concrete_plain"}
{"ctxid":0,"pos":[-278.871094,-1484.25879,332.619568],"rotationMatrix":[0.451566577,0.892225385,0.00463144202,-0.892234921,0.451571465,-1.29453838e-07,-0.00209154235,-0.00413227594,0.999989271],"scale":1.00000012,"type":"italy_wall_concrete_plain"}
{"ctxid":0,"pos":[-277.515869,-1481.60498,332.63504],"rotationMatrix":[0.45733285,0.889278412,0.00553395599,-0.889292002,0.457339823,-1.24098733e-07,-0.00253100879,-0.00492124632,0.999984682],"scale":0.99999994,"type":"italy_wall_concrete_plain"}
{"ctxid":0,"pos":[-276.147949,-1478.95605,332.651672],"rotationMatrix":[0.459675848,0.888069868,0.00548797846,-0.88808322,0.459682763,-2.18162313e-07,-0.00252292235,-0.00487368088,0.99998492],"scale":1.00000012,"type":"italy_wall_concrete_plain"}
{"ctxid":0,"pos":[-274.77832,-1476.30908,332.66684],"rotationMatrix":[0.458791256,0.88853246,0.00453686528,-0.888541639,0.458795965,-1.44354999e-08,-0.00208150852,-0.00403118739,0.999989688],"scale":1,"type":"italy_wall_concrete_plain"}
{"ctxid":0,"pos":[-273.415283,-1473.65674,332.677856],"rotationMatrix":[0.454740345,0.890620053,0.00267367158,-0.890623271,0.454742014,-1.21654011e-07,-0.00121593906,-0.00238117855,0.999996424],"scale":1.00000012,"type":"italy_wall_concrete_plain"}
{"ctxid":0,"pos":[-272.068848,-1470.99609,332.681946],"rotationMatrix":[0.447408676,0.894329607,-0.000135816605,-0.894329607,0.447408676,-2.30436854e-07,6.05594396e-05,0.000121567915,1],"scale":0.99999994,"type":"italy_wall_concrete_plain"}
{"ctxid":0,"pos":[-270.749756,-1468.32031,332.676086],"rotationMatrix":[0.4364326,0.899728119,-0.00399107812,-0.899735272,0.436436057,-5.12576662e-07,0.00174138928,0.00359113747,0.999992013],"scale":1.00000012,"type":"italy_wall_concrete_plain"}
{"ctxid":0,"pos":[-269.46875,-1465.625,332.656982],"rotationMatrix":[0.421311855,0.906870842,-0.00903325621,-0.906907797,0.421329021,-6.21657819e-07,0.00380540942,0.00819259323,0.999959171],"scale":0.99999994,"type":"italy_wall_concrete_plain"}
{"ctxid":0,"pos":[-268.23999,-1462.90625,332.620697],"rotationMatrix":[0.401148379,0.91588223,-0.0154789211,-0.915992022,0.40119642,-1.7285347e-06,0.00620850455,0.0141792623,0.999880195],"scale":1.00000012,"type":"italy_wall_concrete_plain"}
{"ctxid":0,"pos":[-267.079834,-1460.15479,332.562866],"rotationMatrix":[0.374868691,0.926776767,-0.0236291736,-0.92703557,0.374973357,-2.2444874e-06,0.00885822996,0.021905927,0.999720812],"scale":1.00000024,"type":"italy_wall_concrete_plain"}
{"ctxid":0,"pos":[-266.010254,-1457.3667,332.477386],"rotationMatrix":[0.340597808,0.939597368,-0.0339109711,-0.940138102,0.34079361,-5.10178506e-06,0.0115518486,0.0318827331,0.999424875],"scale":0.999999881,"type":"italy_wall_concrete_plain"}
{"ctxid":0,"pos":[-265.062744,-1454.54004,332.361511],"rotationMatrix":[0.287962317,0.95679152,-0.0403459519,-0.957571149,0.288197041,2.0917505e-06,0.0116295852,0.0386335179,0.999185741],"scale":1.00000012,"type":"italy_wall_concrete_plain"}
{"ctxid":0,"pos":[-264.313354,-1451.66064,332.248566],"rotationMatrix":[0.217023432,0.975526035,-0.0353513807,-0.976136148,0.217159152,5.30853868e-07,0.00767739397,0.0345076472,0.999374926],"scale":1,"type":"italy_wall_concrete_plain"}
{"ctxid":0,"pos":[-263.763123,-1448.7373,332.151581],"rotationMatrix":[0.15744549,0.987075388,-0.0298825186,-0.987516344,0.157515883,1.54599547e-06,0.00470849685,0.0295092352,0.999553442],"scale":1.00000012,"type":"italy_wall_concrete_plain"}
{"ctxid":0,"pos":[-263.352539,-1445.78857,332.070557],"rotationMatrix":[0.125138342,0.991831422,-0.0247165151,-0.992134571,0.125176609,5.39235771e-07,0.00309446454,0.02452204,0.999694526],"scale":1,"type":"italy_wall_concrete_plain"}
{"ctxid":0,"pos":[-262.977356,-1442.83545,332.003296],"rotationMatrix":[0.135007322,0.990627527,-0.0207392834,-0.990840673,0.135036349,-5.99771738e-07,0.00279996265,0.0205494054,0.999784946],"scale":1.00000012,"type":"italy_wall_concrete_plain"}
{"ctxid":0,"pos":[-262.499634,-1439.89502,331.945129],"rotationMatrix":[0.193221331,0.980977416,-0.0186805502,-0.981148601,0.193255067,-4.63798642e-07,0.00360965729,0.0183284841,0.999825478],"scale":1.00000012,"type":"italy_wall_concrete_plain"}
{"ctxid":0,"pos":[-261.785645,-1437.00439,331.890076],"rotationMatrix":[0.289914846,0.956872165,-0.0185741168,-0.95703727,0.289964914,4.3772161e-07,0.0053862608,0.0177759957,0.999827504],"scale":1,"type":"italy_wall_concrete_plain"}
{"ctxid":0,"pos":[-260.754639,-1434.20947,331.832916],"rotationMatrix":[0.400417209,0.916116416,-0.0199185424,-0.916298211,0.400496662,1.02072954e-06,0.00797824375,0.0182509162,0.999801636],"scale":1,"type":"italy_wall_concrete_plain"}
{"ctxid":0,"pos":[-259.404297,-1431.55469,331.770691],"rotationMatrix":[0.500880241,0.86524123,-0.0218326375,-0.865447462,0.500999689,1.73971057e-06,0.0109396502,0.0188941285,0.999761641],"scale":1.00000012,"type":"italy_wall_concrete_plain"}
{"ctxid":0,"pos":[-257.78418,-1429.05371,331.702698],"rotationMatrix":[0.581291795,0.813348472,-0.0237526447,-0.81357795,0.581455827,1.29360706e-06,0.0138121657,0.0193238743,0.999717891],"scale":0.99999994,"type":"italy_wall_concrete_plain"}
{"ctxid":0,"pos":[-255.953125,-1426.70459,331.630432],"rotationMatrix":[0.647231817,0.761935651,-0.023348311,-0.762143433,0.647408247,-3.37325037e-06,0.0151133183,0.0177969448,0.999727368],"scale":0.999999821,"type":"italy_wall_concrete_plain"}
{"ctxid":0,"pos":[-253.914551,-1424.53809,331.569275],"rotationMatrix":[0.722169757,0.691491961,-0.0176014435,-0.691599131,0.722281575,-6.10807911e-06,0.012708975,0.0121775549,0.999845088],"scale":1,"type":"italy_wall_concrete_plain"}
{"ctxid":0,"pos":[-251.649902,-1422.61108,331.526794],"rotationMatrix":[0.799701929,0.600301027,-0.0107474811,-0.600335717,0.799748063,-5.28804958e-06,0.00859210268,0.00645632576,0.999942243],"scale":1.00000012,"type":"italy_wall_concrete_plain"}
{"ctxid":0,"pos":[-249.162109,-1420.98242,331.50589],"rotationMatrix":[0.869742334,0.493494779,-0.00333934859,-0.493497521,0.869747162,-4.25329199e-06,0.00290229009,0.00165165961,0.999994397],"scale":0.999999881,"type":"italy_wall_concrete_plain"}
{"ctxid":0,"pos":[-246.491211,-1419.67432,331.506348],"rotationMatrix":[0.921086311,0.389344156,0.00333573925,-0.389346302,0.921091437,-3.89537308e-06,-0.00307403761,-0.00129516982,0.999994457],"scale":0.999999881,"type":"italy_wall_concrete_plain"}
{"ctxid":0,"pos":[-243.700684,-1418.63843,331.523651],"rotationMatrix":[0.94937098,0.314062029,0.00773473037,-0.314071387,0.949399352,-1.09733082e-06,-0.00734369317,-0.00242821593,0.999970078],"scale":0.999999821,"type":"italy_wall_concrete_plain"}
{"ctxid":0,"pos":[-240.855469,-1417.75256,331.549103],"rotationMatrix":[0.956665754,0.291058421,0.00869935006,-0.291069448,0.956701934,4.27244231e-08,-0.00832267292,-0.00253215572,0.999962151],"scale":0.99999994,"type":"italy_wall_concrete_plain"}
{"ctxid":0,"pos":[-238.016602,-1416.8396,331.571503],"rotationMatrix":[0.942857385,0.333150744,0.00553106004,-0.333155811,0.942871809,-1.60973286e-06,-0.00521561643,-0.00184118701,0.999984682],"scale":1,"type":"italy_wall_concrete_plain"}
{"ctxid":0,"pos":[-235.257812,-1415.70215,331.578003],"rotationMatrix":[0.899242759,0.437446386,-0.00177562446,-0.437447101,0.89924413,-5.36427251e-06,0.00159437326,0.000781565555,0.99999845],"scale":0.99999994,"type":"italy_wall_concrete_plain"}
{"ctxid":0,"pos":[-232.685547,-1414.19116,331.557983],"rotationMatrix":[0.818074107,0.574992239,-0.0117742661,-0.575032294,0.818130732,-1.45279337e-05,0.00962453522,0.00678246748,0.99993068],"scale":0.999999881,"type":"italy_wall_concrete_plain"}
{"ctxid":0,"pos":[-230.399902,-1412.27344,331.507477],"rotationMatrix":[0.710754633,0.703103006,-0.0217722356,-0.703269899,0.710922956,-1.34129077e-05,0.0154689513,0.0153212911,0.999762952],"scale":1.00000012,"type":"italy_wall_concrete_plain"}
{"ctxid":0,"pos":[-228.445068,-1410.02148,331.429901],"rotationMatrix":[0.601716101,0.798155963,-0.0297445506,-0.798509419,0.601982236,-7.79051334e-06,0.0178994723,0.0237559937,0.999557555],"scale":1.00000012,"type":"italy_wall_concrete_plain"}
{"ctxid":0,"pos":[-226.814453,-1407.52783,331.33316],"rotationMatrix":[0.495503485,0.867912412,-0.0347033218,-0.868435502,0.495802104,-1.18277967e-06,0.0172049552,0.0301381834,0.999397635],"scale":1,"type":"italy_wall_concrete_plain"}
{"ctxid":0,"pos":[-225.469482,-1404.86816,331.224304],"rotationMatrix":[0.412363887,0.910226464,-0.0379965715,-0.910884261,0.41266185,-9.89064574e-07,0.0156788342,0.0346108899,0.99927789],"scale":1.00000012,"type":"italy_wall_concrete_plain"}
{"ctxid":0,"pos":[-224.338623,-1402.1123,331.107452],"rotationMatrix":[0.350741744,0.935606718,-0.0402536727,-0.936365604,0.351026177,-8.28877091e-07,0.0141293174,0.03769245,0.999189496],"scale":0.999999881,"type":"italy_wall_concrete_plain"}
{"ctxid":0,"pos":[-223.364136,-1399.29688,330.984863],"rotationMatrix":[0.306821644,0.950846672,-0.0418463089,-0.951680303,0.30709058,-2.83122063e-07,0.0128503395,0.0398243964,0.99912405],"scale":1.00000012,"type":"italy_wall_concrete_plain"}
{"ctxid":0,"pos":[-222.498169,-1396.44727,330.858276],"rotationMatrix":[0.277248681,0.959836364,-0.0429803804,-0.960724115,0.2775051,-3.39001417e-07,0.011926949,0.0412923843,0.99907589],"scale":1,"type":"italy_wall_concrete_plain"}
{"ctxid":0,"pos":[-221.701416,-1393.57764,330.728851],"rotationMatrix":[0.259445965,0.964762866,-0.0438231751,-0.965690553,0.25969547,-4.84287739e-08,0.0113806333,0.0423196368,0.999039292],"scale":0.999999881,"type":"italy_wall_concrete_plain"}
{"ctxid":0,"pos":[-220.942017,-1390.69727,330.59729],"rotationMatrix":[0.251974404,0.966713905,-0.0444204062,-0.96766901,0.252223372,4.65661287e-08,0.0112039093,0.0429842398,0.999012947],"scale":0.99999994,"type":"italy_wall_concrete_plain"}
{"ctxid":0,"pos":[-220.190674,-1387.81543,330.464203],"rotationMatrix":[0.253762484,0.96622628,-0.0448495187,-0.967199504,0.254018068,7.82310963e-08,0.0113926642,0.0433784127,0.998993754],"scale":0.99999994,"type":"italy_wall_concrete_plain"}
{"ctxid":0,"pos":[-219.420166,-1384.93945,330.330048],"rotationMatrix":[0.264548063,0.963317752,-0.0450908989,-0.964298606,0.264817417,5.96046448e-08,0.0119409133,0.0434810743,0.998982906],"scale":1.00000012,"type":"italy_wall_concrete_plain"}
{"ctxid":0,"pos":[-218.603882,-1382.07617,330.195496],"rotationMatrix":[0.284403503,0.95764035,-0.0451614112,-0.958618462,0.284694016,-9.31322575e-09,0.0128571745,0.0432925671,0.998979688],"scale":1.00000012,"type":"italy_wall_concrete_plain"}
{"ctxid":0,"pos":[-217.7146,-1379.23438,330.061035],"rotationMatrix":[0.313858628,0.948401749,-0.0450198762,-0.949364364,0.314177155,-4.65661287e-08,0.0141441701,0.0427402854,0.998986065],"scale":1.00000012,"type":"italy_wall_concrete_plain"}
{"ctxid":0,"pos":[-216.720947,-1376.42822,329.927429],"rotationMatrix":[0.35400492,0.934178948,-0.0446119159,-0.935109973,0.354357719,-1.58324838e-07,0.0158084314,0.0417171046,0.999004364],"scale":0.999999881,"type":"italy_wall_concrete_plain"}
{"ctxid":0,"pos":[-215.591064,-1373.67432,329.795532],"rotationMatrix":[0.405794203,0.912912905,-0.0438298583,-0.913791001,0.406184554,-2.71946192e-07,0.0178027619,0.0400514454,0.999038994],"scale":0.999999881,"type":"italy_wall_concrete_plain"}
{"ctxid":0,"pos":[-214.286377,-1370.99951,329.666656],"rotationMatrix":[0.47050488,0.881372035,-0.0425259471,-0.882170141,0.470930874,-1.25728548e-06,0.0200256705,0.0375157148,0.99909538],"scale":1.00000012,"type":"italy_wall_concrete_plain"}
{"ctxid":0,"pos":[-212.816406,-1368.40967,329.540283],"rotationMatrix":[0.50153029,0.864073455,-0.0429473743,-0.864871442,0.501993477,1.52736902e-07,0.021559434,0.0371438786,0.99907732],"scale":1,"type":"italy_wall_concrete_plain"}
{"ctxid":0,"pos":[-211.314941,-1365.83643,329.410034],"rotationMatrix":[0.503819585,0.862666011,-0.0444202274,-0.863518357,0.504317403,7.82310963e-08,0.0224019606,0.0383576415,0.999012947],"scale":1,"type":"italy_wall_concrete_plain"}
{"ctxid":0,"pos":[-209.818848,-1363.26025,329.275513],"rotationMatrix":[0.498627663,0.86560744,-0.0457623266,-0.866515219,0.499150574,-8.94069672e-08,0.0228422172,0.0396537967,0.998952329],"scale":0.999999881,"type":"italy_wall_concrete_plain"}
{"ctxid":0,"pos":[-208.348633,-1360.67139,329.13736],"rotationMatrix":[0.486649871,0.872332931,-0.0469793864,-0.873297215,0.487187803,-2.04890966e-08,0.0228877701,0.0410269722,0.998895884],"scale":1.00000012,"type":"italy_wall_concrete_plain"}
{"ctxid":0,"pos":[-206.924316,-1358.05664,328.995605],"rotationMatrix":[0.468362689,0.88223058,-0.0480161533,-0.883249342,0.468903542,-2.77534127e-07,0.022514699,0.0424103737,0.998846531],"scale":1.00000024,"type":"italy_wall_concrete_plain"}
{"ctxid":0,"pos":[-205.562744,-1355.40869,328.851135],"rotationMatrix":[0.444742978,0.894322217,-0.0489032343,-0.89539355,0.445275724,-1.41561031e-07,0.0217752978,0.0437876992,0.998803496],"scale":0.99999994,"type":"italy_wall_concrete_plain"}
{"ctxid":0,"pos":[-204.279053,-1352.72168,328.704224],"rotationMatrix":[0.416467488,0.90779686,-0.0495968387,-0.908915401,0.416980624,-2.66358256e-07,0.0206806809,0.0450794399,0.998769343],"scale":1.00000012,"type":"italy_wall_concrete_plain"}
{"ctxid":0,"pos":[-203.084961,-1349.99414,328.555603],"rotationMatrix":[0.384438217,0.921790659,-0.0500928648,-0.922949374,0.384921432,-1.86264515e-07,0.0192816444,0.046233248,0.998744547],"scale":1.00000012,"type":"italy_wall_concrete_plain"}
{"ctxid":0,"pos":[-201.991455,-1347.2251,328.405762],"rotationMatrix":[0.349542141,0.935564041,-0.0504017994,-0.936754584,0.34998697,-2.23517418e-08,0.0176399555,0.0472141244,0.99872905],"scale":0.99999994,"type":"italy_wall_concrete_plain"}
{"ctxid":0,"pos":[-201.005981,-1344.4165,328.255341],"rotationMatrix":[0.312719226,0.948501587,-0.0505113453,-0.949713945,0.313118935,8.56816769e-08,0.0158161372,0.0479713008,0.998723507],"scale":1,"type":"italy_wall_concrete_plain"}
{"ctxid":0,"pos":[-200.13147,-1341.57178,328.104797],"rotationMatrix":[0.274823308,0.960170686,-0.0504430532,-0.961394608,0.275173604,2.98023224e-08,0.0138806272,0.0484956652,0.998726964],"scale":1,"type":"italy_wall_concrete_plain"}
{"ctxid":0,"pos":[-199.370483,-1338.69238,327.954803],"rotationMatrix":[0.236656547,0.97029537,-0.0502060428,-0.971520603,0.236955404,1.35973096e-07,0.0118967257,0.0487761721,0.998738885],"scale":1.00000012,"type":"italy_wall_concrete_plain"}
{"ctxid":0,"pos":[-198.723145,-1335.7876,327.805664],"rotationMatrix":[0.198903322,0.978751183,-0.0498347208,-0.979968786,0.199150801,1.3038516e-08,0.00992463343,0.0488364697,0.998757482],"scale":1.00000012,"type":"italy_wall_concrete_plain"}
{"ctxid":0,"pos":[-198.186768,-1332.86035,327.657898],"rotationMatrix":[0.162088752,0.985540986,-0.0493591502,-0.986743689,0.16228658,1.76951289e-07,0.00801049918,0.048704803,0.998781085],"scale":1.00000024,"type":"italy_wall_concrete_plain"}
{"ctxid":0,"pos":[-197.757996,-1329.91455,327.511627],"rotationMatrix":[0.126627684,0.990750134,-0.0487816855,-0.991931021,0.126778603,3.20374966e-07,0.00618479028,0.0483880267,0.998809457],"scale":0.99999994,"type":"italy_wall_concrete_plain"}
{"ctxid":0,"pos":[-197.432495,-1326.95557,327.367157],"rotationMatrix":[0.092754364,0.994524598,-0.0481391884,-0.995678902,0.0928620696,2.40281224e-07,0.00447054207,0.0479311571,0.99884063],"scale":0.999999821,"type":"italy_wall_concrete_plain"}
{"ctxid":0,"pos":[-197.203308,-1323.98779,327.224884],"rotationMatrix":[0.063834846,0.996837497,-0.0473285913,-0.997955799,0.0639064312,5.71832061e-07,0.00302517228,0.0472318083,0.998879373],"scale":1.00000012,"type":"italy_wall_concrete_plain"}
{"ctxid":0,"pos":[-197.054703,-1321.01465,327.085266],"rotationMatrix":[0.0363722444,0.998261571,-0.0463776365,-0.999336839,0.0364114642,4.84287739e-07,0.00168916024,0.0463468656,0.998923957],"scale":1,"type":"italy_wall_concrete_plain"}
{"ctxid":0,"pos":[-196.988861,-1318.03955,326.948578],"rotationMatrix":[0.00806260109,0.998938859,-0.0453448743,-0.999967396,0.00807088614,3.55765224e-07,0.000366328284,0.0453433916,0.998971403],"scale":1.00000012,"type":"italy_wall_concrete_plain"}
