{"ctxid":0,"pos":[-873.005981,-625.63501,407.287994],"rotationMatrix":[0.994736314,-0.102464974,-0.000771023799,0.102464974,0.994736671,-3.96057039e-05,0.000771023799,-3.96057039e-05,0.999999762],"scale":1,"type":"italy_wall_concrete"}
{"ctxid":0,"pos":[-870.047974,-626.01001,407.283997],"rotationMatrix":[0.988898277,-0.148585409,-0.00160353701,0.14858596,0.988899469,0.000226432734,0.00155209226,-0.000462182041,0.999998689],"scale":1,"type":"italy_wall_concrete"}
{"ctxid":0,"pos":[-867.109985,-626.518005,407.278015],"rotationMatrix":[0.981565118,-0.191113189,-0.00238102977,0.191113189,0.981567979,-0.000229639802,0.00238102977,-0.000229639802,0.999997139],"scale":1,"type":"italy_wall_concrete"}
{"ctxid":0,"pos":[-864.197021,-627.143982,407.269989],"rotationMatrix":[0.973638058,-0.228080809,-0.00284246937,0.22808218,0.973641872,0.000163043325,0.00273036025,-0.000807061791,0.999995947],"scale":1,"type":"italy_wall_concrete"}
{"ctxid":0,"pos":[-861.30603,-627.872009,407.260986],"rotationMatrix":[0.965987206,-0.25857234,-0.00300958822,0.258573383,0.965991616,-4.75905217e-05,0.00291954237,-0.000732227578,0.99999547],"scale":1,"type":"italy_wall_concrete"}
{"ctxid":0,"pos":[-858.435974,-628.679016,407.252991],"rotationMatrix":[0.959439993,-0.281896859,-0.00300879078,0.281897902,0.959444404,-8.40422581e-05,0.00291045872,-0.000767538324,0.99999547],"scale":1,"type":"italy_wall_concrete"}
{"ctxid":0,"pos":[-855.585022,-629.546021,407.243988],"rotationMatrix":[0.954575658,-0.297957063,-0.00262781582,0.297958314,0.954578876,9.33344709e-05,0.00248064776,-0.000872074394,0.999996543],"scale":1,"type":"italy_wall_concrete"}
{"ctxid":0,"pos":[-852.744995,-630.450012,407.237],"rotationMatrix":[0.951512575,-0.30760172,-0.00223758211,0.307602465,0.951514959,-3.16357705e-06,0.00213006604,-0.000685275649,0.999997497],"scale":1,"type":"italy_wall_concrete"}
{"ctxid":0,"pos":[-849.909973,-631.372986,407.230988],"rotationMatrix":[0.950323224,-0.31126067,-0.00159920705,0.31126067,0.950324535,-0.000255224499,0.00159920705,-0.000255224499,0.999998689],"scale":1,"type":"italy_wall_concrete"}
{"ctxid":0,"pos":[-847.078003,-632.299988,407.227997],"rotationMatrix":[0.950764418,-0.309913427,-0.0008352531,0.309913427,0.950764775,-0.000132694724,0.0008352531,-0.000132694724,0.999999642],"scale":1,"type":"italy_wall_concrete"}
{"ctxid":0,"pos":[-960.724976,-660.039978,407.242004],"rotationMatrix":[0.504987478,0.863126695,0,-0.863126695,0.504987478,0,0,0,1],"scale":1,"type":"italy_wall_concrete"}
{"ctxid":0,"pos":[-959.161011,-657.502991,407.240997],"rotationMatrix":[0.545323491,0.838225663,0,-0.838225663,0.545323491,0,0,0,1],"scale":1,"type":"italy_wall_concrete"}
{"ctxid":0,"pos":[-957.465027,-655.051025,407.23999],"rotationMatrix":[0.592836976,0.805322349,-0.000435768365,-0.805322349,0.592837095,0.000220282775,0.0004357383,0.000220342248,0.999999881],"scale":1,"type":"italy_wall_concrete"}
{"ctxid":0,"pos":[-955.620972,-652.710022,407.239014],"rotationMatrix":[0.64400053,0.765024781,-0.000626067282,-0.765024781,0.644000769,0.000291336299,0.000626067282,0.000291336299,0.999999762],"scale":1,"type":"italy_wall_concrete"}
{"ctxid":0,"pos":[-953.625977,-650.494995,407.237],"rotationMatrix":[0.693298697,0.720650017,-0.00068546593,-0.720650196,0.693298817,-8.35077881e-05,0.00041505284,0.000551877019,0.999999762],"scale":1,"type":"italy_wall_concrete"}
{"ctxid":0,"pos":[-951.494019,-648.414001,407.234009],"rotationMatrix":[0.736026049,0.676952899,-0.000682594022,-0.676953077,0.736026168,-0.000104414983,0.000431723049,0.000538936292,0.999999762],"scale":1,"type":"italy_wall_concrete"}
{"ctxid":0,"pos":[-949.247986,-646.455994,407.233002],"rotationMatrix":[0.770022154,0.63801682,-0.000649620022,-0.63801682,0.770022392,0.000234160063,0.000649620022,0.000234160063,0.999999762],"scale":1,"type":"italy_wall_concrete"}
{"ctxid":0,"pos":[-946.913025,-644.604004,407.230988],"rotationMatrix":[0.795455933,0.606011271,-0.000437551673,-0.606011391,0.795455933,-0.000216718952,0.000216718952,0.000437551673,0.999999881],"scale":1,"type":"italy_wall_concrete"}
{"ctxid":0,"pos":[-944.513,-642.835999,407.230011],"rotationMatrix":[0.813583851,0.581447601,0,-0.581447601,0.813583851,0,0,0,1],"scale":1,"type":"italy_wall_concrete"}
{"ctxid":0,"pos":[-942.065979,-641.132019,407.229004],"rotationMatrix":[0.826421738,0.563051581,0,-0.563051581,0.826421738,0,0,0,1],"scale":1,"type":"italy_wall_concrete"}
{"ctxid":0,"pos":[-939.575012,-639.497009,407.230011],"rotationMatrix":[0.855277896,0.518169463,0.000332540483,-0.518169463,0.855278015,-9.28768277e-05,-0.000332540483,-9.28768277e-05,1],"scale":1,"type":"italy_wall_concrete"}
{"ctxid":0,"pos":[-936.958984,-638.072021,407.231995],"rotationMatrix":[0.897937894,0.440121144,0.000951318711,-0.440121144,0.897938371,-0.000220605478,-0.000951318711,-0.000220605478,0.999999523],"scale":1,"type":"italy_wall_concrete"}
{"ctxid":0,"pos":[-934.236023,-636.861023,407.235992],"rotationMatrix":[0.92696023,0.375156254,0.00158959965,-0.375156254,0.926961541,-0.000309476163,-0.00158959965,-0.000309476163,0.999998689],"scale":1,"type":"italy_wall_concrete"}
{"ctxid":0,"pos":[-931.442993,-635.823975,407.240997],"rotationMatrix":[0.946206331,0.323558837,0.00180224853,-0.323558837,0.946208,-0.0002995955,-0.00180223875,-0.000299654319,0.999998331],"scale":1,"type":"italy_wall_concrete"}
{"ctxid":0,"pos":[-928.60199,-634.921997,407.247009],"rotationMatrix":[0.958870888,0.283835471,0.00201241928,-0.283836156,0.958872795,5.72776371e-05,-0.00191339664,-0.000626119145,0.999997973],"scale":1,"type":"italy_wall_concrete"}
{"ctxid":0,"pos":[-925.731018,-634.122009,407.252014],"rotationMatrix":[0.967024803,0.254674166,0.0020257181,-0.254674166,0.967026949,-0.000262273272,-0.0020257181,-0.000262273272,0.999997973],"scale":1,"type":"italy_wall_concrete"}
{"ctxid":0,"pos":[-922.838989,-633.395996,407.257996],"rotationMatrix":[0.972150326,0.234351128,0.00181421638,-0.234351128,0.972151995,-0.000215583801,-0.00181421638,-0.000215583801,0.999998331],"scale":1,"type":"italy_wall_concrete"}
{"ctxid":0,"pos":[-919.937012,-632.71698,407.263],"rotationMatrix":[0.975044966,0.222001627,0.00161087641,-0.222002164,0.975046158,0.00016637308,-0.00153374369,-0.00051983929,0.999998689],"scale":1,"type":"italy_wall_concrete"}
{"ctxid":0,"pos":[-917.028015,-632.065002,407.266998],"rotationMatrix":[0.976193666,0.216897473,0.00118890195,-0.216897473,0.976194382,-0.000130473141,-0.00118889869,-0.000130502769,0.999999285],"scale":1,"type":"italy_wall_concrete"}
{"ctxid":0,"pos":[-914.117981,-631.41803,407.270996],"rotationMatrix":[0.975931525,0.218075827,0.00076738093,-0.218075827,0.975931883,-8.46928306e-05,-0.00076738093,-8.46928306e-05,0.999999762],"scale":1,"type":"italy_wall_concrete"}
{"ctxid":0,"pos":[-911.210022,-630.757996,407.27301],"rotationMatrix":[0.974280834,0.225337207,0,-0.225337207,0.974280834,0,0,0,1],"scale":1,"type":"italy_wall_concrete"}
{"ctxid":0,"pos":[-908.309998,-630.070007,407.27301],"rotationMatrix":[0.971915483,0.235330179,0,-0.235330179,0.971915483,0,0,0,1],"scale":1,"type":"italy_wall_concrete"}
{"ctxid":0,"pos":[-905.413025,-629.366028,407.273987],"rotationMatrix":[0.97196281,0.235134378,0.00034283835,-0.235134378,0.971962929,-4.08796186e-05,-0.00034283835,-4.08796186e-05,1],"scale":1,"type":"italy_wall_concrete"}
{"ctxid":0,"pos":[-902.513977,-628.674011,407.274994],"rotationMatrix":[0.973549843,0.228474215,0.000485041703,-0.228474215,0.973550081,-5.61523811e-05,-0.000485041703,-5.61523811e-05,1],"scale":1,"type":"italy_wall_concrete"}
{"ctxid":0,"pos":[-899.607971,-628.01001,407.277008],"rotationMatrix":[0.976324916,0.216308251,0.000632034964,-0.21630846,0.976325035,0.000278152729,-0.000556904823,-0.000408281951,0.999999762],"scale":1,"type":"italy_wall_concrete"}
{"ctxid":0,"pos":[-896.692017,-627.388977,407.278015],"rotationMatrix":[0.979879618,0.199588239,0.000687053252,-0.199588239,0.979879856,-6.9245667e-05,-0.000687050226,-6.92753238e-05,0.999999762],"scale":1,"type":"italy_wall_concrete"}
{"ctxid":0,"pos":[-893.765991,-626.825012,407.279999],"rotationMatrix":[0.983943462,0.178479105,0.000687756459,-0.178479105,0.983943701,-6.18718041e-05,-0.000687756459,-6.18718041e-05,0.999999762],"scale":1,"type":"italy_wall_concrete"}
{"ctxid":0,"pos":[-890.827026,-626.330017,407.282013],"rotationMatrix":[0.988234043,0.152947709,0.000688499771,-0.152947709,0.988234282,-5.29638164e-05,-0.000688499771,-5.29638164e-05,0.999999762],"scale":1,"type":"italy_wall_concrete"}
{"ctxid":0,"pos":[-887.875,-625.916992,407.283997],"rotationMatrix":[0.99241066,0.12296588,0.000689223467,-0.12296588,0.992410898,-4.25219696e-05,-0.000689221604,-4.25517137e-05,0.999999762],"scale":1,"type":"italy_wall_concrete"}
{"ctxid":0,"pos":[-884.911011,-625.60199,407.286011],"rotationMatrix":[0.996145487,0.0877157301,0.000344934117,-0.0877157301,0.996145606,-1.51572858e-05,-0.000344934117,-1.51572858e-05,1],"scale":1,"type":"italy_wall_concrete"}
{"ctxid":0,"pos":[-881.937012,-625.400024,407.286987],"rotationMatrix":[0.998885989,0.0471875146,0.000345170818,-0.0471875146,0.998886108,-8.14841496e-06,-0.000345170818,-8.14841496e-06,1],"scale":1,"type":"italy_wall_concrete"}
{"ctxid":0,"pos":[-878.95697,-625.327026,407.287994],"rotationMatrix":[0.999999642,0.000772040337,0.000345266948,-0.000772040337,0.999999762,-1.33280039e-07,-0.000345266948,-1.33280039e-07,1],"scale":1,"type":"italy_wall_concrete"}
{"ctxid":0,"pos":[-875.978027,-625.401001,407.289001],"rotationMatrix":[0.998637557,-0.0521826558,0,0.0521826558,0.998637557,0,0,0,1],"scale":1,"type":"italy_wall_concrete"}
{"ctxid":0,"pos":[1750.42004,-45.4169998,154.223007],"rotationMatrix":[0.179372668,-0.981761038,-0.0630136952,0.983716369,0.179727793,3.31552328e-05,0.0112927612,-0.0619935505,0.998012662],"scale":1,"type":"italy_wall_concrete"}
{"ctxid":0,"pos":[1750.93005,-48.394001,154.011993],"rotationMatrix":[0.156706214,-0.984718382,-0.0759790465,0.987573743,0.157156467,5.35814906e-05,0.0118878353,-0.0750433058,0.997109413],"scale":1,"type":"italy_wall_concrete"}
{"ctxid":0,"pos":[1751.35999,-51.3828011,153.761993],"rotationMatrix":[0.128666162,-0.98768127,-0.0890544951,0.991620898,0.129181981,-2.88417086e-05,0.011532723,-0.0883045942,0.996026754],"scale":1,"type":"italy_wall_concrete"}
{"ctxid":0,"pos":[1751.69995,-54.3788986,153.473007],"rotationMatrix":[0.0950644016,-0.990265667,-0.101669669,0.9954229,0.0955677032,-7.99424015e-05,0.0097955009,-0.101196721,0.994818211],"scale":1,"type":"italy_wall_concrete"}
{"ctxid":0,"pos":[1751.92004,-57.3809013,153.147003],"rotationMatrix":[0.0567680597,-0.991923511,-0.113424614,0.998366296,0.0571374893,-6.17108026e-06,0.00648691878,-0.113238968,0.993546605],"scale":1,"type":"italy_wall_concrete"}
{"ctxid":0,"pos":[1752.03003,-60.3843002,152.787994],"rotationMatrix":[0.0152702332,-0.992225707,-0.123511121,0.999881506,0.0153927803,-3.7956841e-05,0.00193884131,-0.123495907,0.992343187],"scale":1,"type":"italy_wall_concrete"}
{"ctxid":0,"pos":[1752.01001,-63.3852997,152.401001],"rotationMatrix":[-0.0272541046,-0.990918696,-0.131671309,0.999621868,-0.0274965763,2.33309293e-05,-0.00364362937,-0.131620884,0.99129343],"scale":1,"type":"italy_wall_concrete"}
{"ctxid":0,"pos":[1751.85999,-66.3778992,151.992996],"rotationMatrix":[-0.0702557564,-0.987928748,-0.138061315,0.997481942,-0.070920825,-0.000102322447,-0.00969033502,-0.137720853,0.990423679],"scale":1,"type":"italy_wall_concrete"}
{"ctxid":0,"pos":[1751.57996,-69.358902,151.567993],"rotationMatrix":[-0.111286998,-0.983551085,-0.142275915,0.993659079,-0.112434983,2.96279559e-05,-0.0160259306,-0.14137046,0.989827037],"scale":1,"type":"italy_wall_concrete"}
{"ctxid":0,"pos":[1751.18005,-72.3231964,151.132996],"rotationMatrix":[-0.14936173,-0.978115022,-0.144852117,0.988539994,-0.150959253,3.77417491e-05,-0.0219036825,-0.143186465,0.989453316],"scale":1,"type":"italy_wall_concrete"}
{"ctxid":0,"pos":[1750.67004,-75.2686005,150.692993],"rotationMatrix":[-0.184316993,-0.971954107,-0.146056235,0.982489645,-0.186317205,1.53382716e-05,-0.027227696,-0.143495902,0.98927629],"scale":1,"type":"italy_wall_concrete"}
{"ctxid":0,"pos":[1750.06006,-78.1948013,150.251999],"rotationMatrix":[-0.21569705,-0.96548301,-0.146004528,0.975943744,-0.218022585,-7.58746392e-05,-0.0317590274,-0.142508566,0.989283919],"scale":1,"type":"italy_wall_concrete"}
{"ctxid":0,"pos":[1749.84998,-42.4463005,154.393997],"rotationMatrix":[0.196602821,-0.979199767,-0.0501514003,0.980433643,0.196849942,1.19954575e-05,0.00986055378,-0.0491724759,0.998741627],"scale":1,"type":"italy_wall_concrete"}
{"ctxid":0,"pos":[1749.37,-81.1006012,149.813004],"rotationMatrix":[-0.243345976,-0.959040463,-0.144996956,0.96928072,-0.245957136,8.47481715e-05,-0.0357443132,-0.140522137,0.989432096],"scale":1,"type":"italy_wall_concrete"}
{"ctxid":0,"pos":[1748.58997,-83.9862976,149.376999],"rotationMatrix":[-0.26781714,-0.952739835,-0.143390253,0.962687254,-0.270616531,2.10165181e-05,-0.0388237983,-0.138034344,0.989666224],"scale":1,"type":"italy_wall_concrete"}
{"ctxid":0,"pos":[1747.75,-86.8535004,148.947006],"rotationMatrix":[-0.289665818,-0.94654721,-0.141922995,0.956225455,-0.292630911,2.20702841e-05,-0.0415519476,-0.135703996,0.989877701],"scale":1,"type":"italy_wall_concrete"}
{"ctxid":0,"pos":[1746.82996,-89.6992035,148.516006],"rotationMatrix":[-0.321516275,-0.93602103,-0.143149808,0.945762217,-0.324859619,-1.75408586e-05,-0.0464871712,-0.135391325,0.989701033],"scale":1,"type":"italy_wall_concrete"}
{"ctxid":0,"pos":[1745.79004,-92.501503,148.084],"rotationMatrix":[-0.366793036,-0.919259489,-0.142915532,0.92879498,-0.370593905,-2.5001651e-05,-0.0529406443,-0.13274841,0.989734888],"scale":1,"type":"italy_wall_concrete"}
{"ctxid":0,"pos":[1744.58997,-95.2412033,147.656006],"rotationMatrix":[-0.424110532,-0.894726872,-0.139978766,0.903621912,-0.428331017,2.65242688e-05,-0.0599809811,-0.126476631,0.990154505],"scale":1,"type":"italy_wall_concrete"}
{"ctxid":0,"pos":[1743.20996,-97.8881989,147.242004],"rotationMatrix":[-0.491464257,-0.860522568,-0.134029016,0.868354499,-0.495944023,4.35237998e-05,-0.0665083453,-0.116363309,0.990977407],"scale":1,"type":"italy_wall_concrete"}
{"ctxid":0,"pos":[1741.60999,-100.417,146.850998],"rotationMatrix":[-0.562143087,-0.817511737,-0.12517868,0.82399416,-0.566598296,-1.48561139e-05,-0.0709138811,-0.103154853,0.992134213],"scale":1,"type":"italy_wall_concrete"}
{"ctxid":0,"pos":[1739.81006,-102.805,146.490005],"rotationMatrix":[-0.629481196,-0.768611848,-0.113970436,0.773648024,-0.633615613,6.65553744e-05,-0.0722646043,-0.0881311074,0.993484139],"scale":1,"type":"italy_wall_concrete"}
{"ctxid":0,"pos":[1737.81995,-105.041,146.164001],"rotationMatrix":[-0.68809247,-0.718403816,-0.102101505,0.722182572,-0.691702485,-6.5509681e-05,-0.0705768019,-0.0737809986,0.994773984],"scale":1,"type":"italy_wall_concrete"}
{"ctxid":0,"pos":[1735.67004,-107.129997,145.875],"rotationMatrix":[-0.735916018,-0.671037793,-0.0901990533,0.673782885,-0.738929391,2.16771332e-05,-0.0666652769,-0.0607586205,0.995923758],"scale":1,"type":"italy_wall_concrete"}
{"ctxid":0,"pos":[1733.39001,-109.084,145.621002],"rotationMatrix":[-0.773575068,-0.628743708,-0.0791387707,0.630728185,-0.776003838,-0.000101724392,-0.0613480322,-0.049993746,0.996863604],"scale":1,"type":"italy_wall_concrete"}
{"ctxid":0,"pos":[1731.01001,-110.919998,145.397003],"rotationMatrix":[-0.802954078,-0.591986358,-0.0694039464,0.593412161,-0.804898739,9.13626864e-05,-0.055917237,-0.0411117896,0.997588634],"scale":1,"type":"italy_wall_concrete"}
{"ctxid":0,"pos":[1728.55005,-112.654999,145.201004],"rotationMatrix":[-0.825740337,-0.560754061,-0.0608914606,0.561801672,-0.827271938,-0.00010190453,-0.0503166541,-0.0342930704,0.998144388],"scale":1,"type":"italy_wall_concrete"}
{"ctxid":0,"pos":[1726.03003,-114.306,145.029007],"rotationMatrix":[-0.843312502,-0.534751415,-0.053524971,0.535522521,-0.844520926,-7.62033233e-05,-0.0451622084,-0.0287280921,0.998566508],"scale":1,"type":"italy_wall_concrete"}
{"ctxid":0,"pos":[1723.45996,-115.885002,144.876999],"rotationMatrix":[-0.856743932,-0.513568699,-0.0472971573,0.514143527,-0.857704163,1.40925831e-05,-0.0405742042,-0.0243054535,0.998880863],"scale":1,"type":"italy_wall_concrete"}
{"ctxid":0,"pos":[1720.85999,-117.404999,144.742996],"rotationMatrix":[-0.867916346,-0.494947672,-0.0418094322,0.495383888,-0.868674159,-8.44527385e-05,-0.0362769738,-0.0207850169,0.9991256],"scale":1,"type":"italy_wall_concrete"}
{"ctxid":0,"pos":[1718.22998,-118.875999,144.623993],"rotationMatrix":[-0.87641418,-0.480138004,-0.0369549878,0.480467141,-0.87701273,-2.87144394e-05,-0.0323962085,-0.0177808218,0.999316931],"scale":1,"type":"italy_wall_concrete"}
{"ctxid":0,"pos":[1715.56995,-120.303001,144.518997],"rotationMatrix":[-0.883772373,-0.466753215,-0.0329824463,0.467009246,-0.884252429,-6.72894894e-05,-0.0291334018,-0.0154625764,0.999455929],"scale":1,"type":"italy_wall_concrete"}
{"ctxid":0,"pos":[1626.93994,-148.203995,142.306],"rotationMatrix":[0.816116333,0.577843487,0.00714286882,-0.577858329,0.816137075,1.87992318e-05,-0.00581869669,-0.00414290885,0.999974489],"scale":1,"type":"italy_wall_concrete"}
{"ctxid":0,"pos":[1629.31006,-146.587006,142.328995],"rotationMatrix":[0.834303617,0.55122894,0.00917380862,-0.551251829,0.834338903,-3.50518858e-05,-0.00767338695,-0.00502783479,0.999957919],"scale":1,"type":"italy_wall_concrete"}
{"ctxid":0,"pos":[1631.71997,-145.044998,142.358994],"rotationMatrix":[0.850874662,0.525230765,0.0120393289,-0.525267959,0.85093689,-8.83355387e-05,-0.0102911061,-0.00624871114,0.999927521],"scale":1,"type":"italy_wall_concrete"}
{"ctxid":0,"pos":[1634.18005,-143.578003,142.399002],"rotationMatrix":[0.866130352,0.499557197,0.0161496997,-0.499622494,0.866243243,9.88980446e-06,-0.013984628,-0.00807731971,0.999869585],"scale":1,"type":"italy_wall_concrete"}
{"ctxid":0,"pos":[1636.68005,-142.184006,142.453003],"rotationMatrix":[0.880108356,0.474250644,0.022262251,-0.474367142,0.880327106,-5.44298855e-05,-0.0196238775,-0.0105125764,0.999752164],"scale":1,"type":"italy_wall_concrete"}
{"ctxid":0,"pos":[1639.21997,-140.863007,142.529007],"rotationMatrix":[0.89308691,0.448784769,0.0314324349,-0.449005127,0.893529177,-5.35772124e-05,-0.0281098429,-0.0140654752,0.999505877],"scale":1,"type":"italy_wall_concrete"}
{"ctxid":0,"pos":[1641.79004,-139.617996,142.639008],"rotationMatrix":[0.905293226,0.422189325,0.0469078235,-0.422656298,0.906290054,4.01063226e-05,-0.0424951613,-0.0198621936,0.998899221],"scale":1,"type":"italy_wall_concrete"}
{"ctxid":0,"pos":[1602.29004,-185.270996,142.093994],"rotationMatrix":[0.138802171,0.990318418,-0.00182697654,-0.990320086,0.138802409,3.74124852e-06,0.000257293781,0.00180877233,0.999998331],"scale":1,"type":"italy_wall_concrete"}
{"ctxid":0,"pos":[1602.77002,-182.445999,142.089996],"rotationMatrix":[0.194819212,0.980839014,-0.000533738872,-0.980839014,0.19481945,0.000438132294,0.000533719955,0.000438155344,0.999999762],"scale":1,"type":"italy_wall_concrete"}
{"ctxid":0,"pos":[1603.41003,-179.654007,142.089005],"rotationMatrix":[0.252135396,0.96769172,0.000684933795,-0.967691958,0.252135396,8.77658022e-05,-8.77658022e-05,-0.000684933795,0.999999762],"scale":1,"type":"italy_wall_concrete"}
{"ctxid":0,"pos":[1604.20996,-176.903,142.093002],"rotationMatrix":[0.309686661,0.950837135,0.00169132336,-0.950838506,0.309687138,-2.11197657e-05,-0.000543862581,-0.0016016349,0.999998569],"scale":1,"type":"italy_wall_concrete"}
{"ctxid":0,"pos":[1605.18005,-174.207001,142.100006],"rotationMatrix":[0.366508961,0.930409133,0.00316438032,-0.930413842,0.366510749,1.58992898e-05,-0.00114498648,-0.00295001036,0.999994993],"scale":1,"type":"italy_wall_concrete"}
{"ctxid":0,"pos":[1606.31006,-171.574005,142.110992],"rotationMatrix":[0.421964526,0.906600237,0.00468191039,-0.906609952,0.421969652,-0.000118761345,-0.00208329316,-0.00419455348,0.999989033],"scale":1,"type":"italy_wall_concrete"}
{"ctxid":0,"pos":[1607.59998,-169.016006,142.126007],"rotationMatrix":[0.475288868,0.87980938,0.0059992997,-0.879824936,0.475297928,-9.63696075e-05,-0.00293624145,-0.00523252971,0.999981999],"scale":1,"type":"italy_wall_concrete"}
{"ctxid":0,"pos":[1609.03003,-166.535995,142.145996],"rotationMatrix":[0.526031017,0.850433707,0.00734040793,-0.850456655,0.526045084,1.68984207e-05,-0.00384701439,-0.006251588,0.999973059],"scale":1,"type":"italy_wall_concrete"}
{"ctxid":0,"pos":[1610.60999,-164.143005,142.169006],"rotationMatrix":[0.573452592,0.819193661,0.00859687198,-0.819224119,0.573473454,4.68224716e-05,-0.00489172107,-0.00706961518,0.999963045],"scale":1,"type":"italy_wall_concrete"}
{"ctxid":0,"pos":[1612.31995,-161.839996,142.192993],"rotationMatrix":[0.616462708,0.787345648,0.00778185949,-0.78736943,0.616481423,-8.05573563e-06,-0.00480371434,-0.00612223241,0.999969721],"scale":1,"type":"italy_wall_concrete"}
{"ctxid":0,"pos":[1614.14001,-159.628006,142.212997],"rotationMatrix":[0.655035019,0.755571723,0.00636635628,-0.755586922,0.65504837,-1.59390529e-05,-0.0041823145,-0.00479989499,0.999979734],"scale":1,"type":"italy_wall_concrete"}
{"ctxid":0,"pos":[1616.06995,-157.507004,142.229996],"rotationMatrix":[0.689830661,0.723950148,0.00545900548,-0.723961115,0.689840794,3.68668261e-05,-0.0037391549,-0.00397753948,0.999985099],"scale":1,"type":"italy_wall_concrete"}
{"ctxid":0,"pos":[1618.08997,-155.475998,142.244995],"rotationMatrix":[0.720835447,0.69308871,0.00493060006,-0.693096817,0.720844507,-8.79269282e-05,-0.00361513696,-0.00335400226,0.999987841],"scale":1,"type":"italy_wall_concrete"}
{"ctxid":0,"pos":[1620.19995,-153.533005,142.259003],"rotationMatrix":[0.748649836,0.662949085,0.00468321331,-0.662956178,0.74865818,-4.35936672e-05,-0.00353502645,-0.0030721291,0.999989033],"scale":1,"type":"italy_wall_concrete"}
{"ctxid":0,"pos":[1622.38,-151.675003,142.272003],"rotationMatrix":[0.773524046,0.633746624,0.00507349474,-0.633754432,0.773534298,-9.32326002e-05,-0.00398360798,-0.00314323208,0.999987125],"scale":1,"type":"italy_wall_concrete"}
{"ctxid":0,"pos":[1624.63,-149.899002,142.287994],"rotationMatrix":[0.795952678,0.605332077,0.00569420634,-0.605341733,0.795965672,-2.60487031e-05,-0.00454816082,-0.00342620723,0.999983788],"scale":1,"type":"italy_wall_concrete"}
{"ctxid":0,"pos":[1608.26001,-193.136993,141.852005],"rotationMatrix":[0.00030195713,-0.99999994,0,0.99999994,0.00030195713,0,0,0,1],"scale":1,"type":"italy_wall_concrete"}
{"ctxid":0,"pos":[1608.25,-196.057007,141.852005],"rotationMatrix":[-0.00848400593,-0.999963999,0,0.999963999,-0.00848400593,0,0,0,1],"scale":1,"type":"italy_wall_concrete"}
{"ctxid":0,"pos":[1608.19995,-198.973999,141.856995],"rotationMatrix":[-0.0293301344,-0.999560714,0.00425626989,0.999569774,-0.0293301344,6.2432191e-05,6.2432191e-05,0.00425626989,0.99999094],"scale":1,"type":"italy_wall_concrete"}
{"ctxid":0,"pos":[1608.06995,-201.884003,141.882004],"rotationMatrix":[-0.0649703741,-0.997788906,0.0140074054,0.997886837,-0.0649762154,3.8161761e-05,0.000872070843,0.0139802843,0.999901891],"scale":1,"type":"italy_wall_concrete"}
{"ctxid":0,"pos":[1607.81006,-204.783005,141.942993],"rotationMatrix":[-0.110826492,-0.993432045,0.0284643639,0.993834853,-0.110870719,2.46477175e-05,0.00313137867,0.0282916073,0.999594808],"scale":1,"type":"italy_wall_concrete"}
{"ctxid":0,"pos":[1607.43005,-207.667007,142.048004],"rotationMatrix":[-0.153779984,-0.98714596,0.0435260609,0.988083124,-0.153921247,0.000107156608,0.00659380667,0.043023847,0.999052286],"scale":1,"type":"italy_wall_concrete"}
{"ctxid":0,"pos":[1606.93005,-210.531006,142.194],"rotationMatrix":[-0.185817838,-0.980998337,0.0558026992,0.982529163,-0.186108589,-1.38606911e-05,0.0103989588,0.0548252054,0.998441815],"scale":1,"type":"italy_wall_concrete"}
{"ctxid":0,"pos":[1606.35999,-213.382996,142.371002],"rotationMatrix":[-0.207047462,-0.976181865,0.0648099482,0.978238165,-0.207485199,-2.40526806e-05,0.0134705845,0.0633945838,0.997897625],"scale":1,"type":"italy_wall_concrete"}
{"ctxid":0,"pos":[1605.72998,-216.225998,142.570007],"rotationMatrix":[-0.220907688,-0.972699165,0.0711067691,0.975167692,-0.221467733,7.98682231e-06,0.0157400854,0.069342792,0.99746871],"scale":1,"type":"italy_wall_concrete"}
{"ctxid":0,"pos":[1605.06995,-219.059006,142.783997],"rotationMatrix":[-0.229475856,-0.970366836,0.0756906569,0.973158598,-0.23013556,6.44450347e-06,0.0174128581,0.0736604929,0.997131348],"scale":1,"type":"italy_wall_concrete"}
{"ctxid":0,"pos":[1601.78003,-196.714005,142.125],"rotationMatrix":[-0.00196158886,0.999998093,0,-0.999998093,-0.00196158886,0,0,0,1],"scale":1,"type":"italy_wall_concrete"}
{"ctxid":0,"pos":[1601.75,-193.845001,142.119003],"rotationMatrix":[-0.00253045559,0.999992013,-0.00308815553,-0.999996781,-0.00253045559,3.90723608e-06,-3.90723608e-06,0.00308815553,0.999995232],"scale":1,"type":"italy_wall_concrete"}
{"ctxid":0,"pos":[1601.80005,-190.979996,142.108994],"rotationMatrix":[0.0361700058,0.999339938,-0.00338235334,-0.99934566,0.0361700058,-6.11900687e-05,6.11900687e-05,0.00338235334,0.999994278],"scale":1,"type":"italy_wall_concrete"}
{"ctxid":0,"pos":[1601.96997,-188.119003,142.100006],"rotationMatrix":[0.085234642,0.996357322,-0.00267364131,-0.996360838,0.0852351189,6.47054039e-05,0.000292357843,0.00265839649,0.999996424],"scale":1,"type":"italy_wall_concrete"}
{"ctxid":0,"pos":[1599.43994,-247.673004,144.574997],"rotationMatrix":[-0.340540171,0.940227449,0.00218254002,-0.940229595,-0.340541124,6.98919612e-05,0.000808958954,-0.00202828785,0.999997616],"scale":1,"type":"italy_wall_concrete"}
{"ctxid":0,"pos":[1598.46997,-244.873001,144.570007],"rotationMatrix":[-0.308321238,0.951263368,-0.00599961681,-0.951280653,-0.308326364,7.40053729e-05,-0.00177944149,0.00573013676,0.999981999],"scale":1,"type":"italy_wall_concrete"}
{"ctxid":0,"pos":[1597.63,-242.029999,144.535004],"rotationMatrix":[-0.252053142,0.967551768,-0.0176856015,-0.967703044,-0.252092838,-1.57050872e-05,-0.00447360892,0.0171104521,0.999843597],"scale":1,"type":"italy_wall_concrete"}
{"ctxid":0,"pos":[1597,-239.132996,144.460999],"rotationMatrix":[-0.168839455,0.985093474,-0.0329246446,-0.985627651,-0.168932319,-3.92987567e-05,-0.00560074951,0.0324448049,0.999457836],"scale":1,"type":"italy_wall_concrete"}
{"ctxid":0,"pos":[1596.66003,-236.190002,144.337997],"rotationMatrix":[-0.0649321079,0.996618152,-0.0503598452,-0.997884095,-0.065017581,-5.91969474e-05,-0.00333327195,0.0502494425,0.998731136],"scale":1,"type":"italy_wall_concrete"}
{"ctxid":0,"pos":[1596.56995,-233.231995,144.169006],"rotationMatrix":[0.00155961514,0.9979918,-0.0633244365,-0.999998808,0.00155961514,-4.94305095e-05,4.94305095e-05,0.0633244365,0.997992992],"scale":1,"type":"italy_wall_concrete"}
{"ctxid":0,"pos":[1596.68005,-230.278,143.964005],"rotationMatrix":[0.0723599195,0.994611382,-0.074244529,-0.997364104,0.0725593567,-1.10987157e-05,0.00537609588,0.0740496293,0.997240067],"scale":1,"type":"italy_wall_concrete"}
{"ctxid":0,"pos":[1597,-227.343994,143.733994],"rotationMatrix":[0.137491703,0.987252355,-0.0801799893,-0.990439951,0.137944579,0.000110192566,0.0111691831,0.0793983117,0.996780396],"scale":1,"type":"italy_wall_concrete"}
{"ctxid":0,"pos":[1597.47998,-224.436996,143.496002],"rotationMatrix":[0.182993531,0.979861259,-0.0799083039,-0.983002841,0.183590293,0.000123251652,0.014791159,0.07852754,0.996802211],"scale":1,"type":"italy_wall_concrete"}
{"ctxid":0,"pos":[1598.06006,-221.550003,143.266998],"rotationMatrix":[0.205777645,0.975751162,-0.0746007264,-0.97847718,0.206355095,3.33997523e-05,0.0154268304,0.0729882345,0.997213483],"scale":1,"type":"italy_wall_concrete"}
{"ctxid":0,"pos":[1598.68005,-218.671997,143.057999],"rotationMatrix":[0.209639192,0.975513101,-0.0665253624,-0.977678359,0.210107207,3.95538482e-05,0.0140160425,0.0650321096,0.997784734],"scale":1,"type":"italy_wall_concrete"}
{"ctxid":0,"pos":[1599.29004,-215.789993,142.875],"rotationMatrix":[0.202422142,0.977596998,-0.0577006005,-0.979227841,0.202763081,5.52528254e-05,0.0117535666,0.0564908497,0.998333931],"scale":1,"type":"italy_wall_concrete"}
{"ctxid":0,"pos":[1604.08997,-261.691986,144.483002],"rotationMatrix":[-0.221484423,0.975163937,0,-0.975163937,-0.221484423,0,0,0,1],"scale":1,"type":"italy_wall_concrete"}
{"ctxid":0,"pos":[1603.34998,-258.832001,144.490997],"rotationMatrix":[-0.27552855,0.961279869,0.0050033778,-0.961291909,-0.275532007,1.71379452e-06,0.00138023822,-0.00480923429,0.999987483],"scale":1,"type":"italy_wall_concrete"}
{"ctxid":0,"pos":[1602.46997,-256.010986,144.511002],"rotationMatrix":[-0.316102505,0.948689878,0.00817034859,-0.948721647,-0.316112757,-3.85650455e-05,0.00254616514,-0.00776357716,0.999966621],"scale":1,"type":"italy_wall_concrete"}
{"ctxid":0,"pos":[1601.48999,-253.220993,144.537003],"rotationMatrix":[-0.341862202,0.939709246,0.00876176544,-0.939745247,-0.341875553,2.77728996e-05,0.00302153197,-0.00822433271,0.999961615],"scale":1,"type":"italy_wall_concrete"}
{"ctxid":0,"pos":[1600.45996,-250.447006,144.559998],"rotationMatrix":[-0.350718498,0.936455727,0.00687019667,-0.936478019,-0.350726247,-8.19711931e-05,0.00233279588,-0.00646253722,0.999976397],"scale":1,"type":"italy_wall_concrete"}
{"ctxid":0,"pos":[1629.87,-907.656982,152.802002],"rotationMatrix":[-0.706073999,-0.708138049,0,0.708138049,-0.706073999,0,0,0,1],"scale":1,"type":"italy_wall_concrete"}
{"ctxid":0,"pos":[1627.83997,-909.697021,152.798996],"rotationMatrix":[-0.707182646,-0.707029581,-0.00136924267,0.707030416,-0.707183123,-0.000180339513,-0.000840799883,-0.00109562918,0.999999046],"scale":1,"type":"italy_wall_concrete"}
{"ctxid":0,"pos":[1625.79004,-911.731018,152.794006],"rotationMatrix":[-0.709770799,-0.704428613,-0.00239102147,0.704430759,-0.709772706,-7.10915701e-05,-0.00164700288,-0.00173476781,0.999997139],"scale":1,"type":"italy_wall_concrete"}
{"ctxid":0,"pos":[1623.73999,-913.755981,152.785995],"rotationMatrix":[-0.713841677,-0.700299621,-0.00323873525,0.700303257,-0.713845491,3.13614255e-05,-0.00233391905,-0.00224570977,0.999994755],"scale":1,"type":"italy_wall_concrete"}
{"ctxid":0,"pos":[1621.68005,-915.765991,152.774994],"rotationMatrix":[-0.719771504,-0.694200397,-0.00384421647,0.694205344,-0.719776988,6.24194508e-05,-0.00281031034,-0.00262374803,0.999992609],"scale":1,"type":"italy_wall_concrete"}
{"ctxid":0,"pos":[1619.59998,-917.755981,152.763],"rotationMatrix":[-0.726826549,-0.6868065,-0.00447449973,0.686813116,-0.726834059,7.68822065e-05,-0.00330502214,-0.00301726512,0.999989986],"scale":1,"type":"italy_wall_concrete"}
{"ctxid":0,"pos":[1617.48999,-919.723022,152.75],"rotationMatrix":[-0.735386252,-0.677631497,-0.00475803996,0.677639484,-0.735394239,-0.000103394828,-0.00342897186,-0.00330027123,0.999988675],"scale":1,"type":"italy_wall_concrete"}
{"ctxid":0,"pos":[1615.35999,-921.659973,152.735992],"rotationMatrix":[-0.745460868,-0.666529715,-0.00512099965,0.666538298,-0.745470762,3.5131754e-05,-0.00384097197,-0.00338715315,0.999986887],"scale":1,"type":"italy_wall_concrete"}
{"ctxid":0,"pos":[1613.18994,-923.560974,152.720993],"rotationMatrix":[-0.757814169,-0.652448893,-0.00530378846,0.652457833,-0.757825017,5.49751458e-05,-0.00405521225,-0.00341883744,0.999985933],"scale":1,"type":"italy_wall_concrete"}
{"ctxid":0,"pos":[1610.98999,-925.416016,152.705002],"rotationMatrix":[-0.772846222,-0.634571195,-0.00530406879,0.634580135,-0.77285707,-6.97079031e-06,-0.00409486378,-0.00337124406,0.999985933],"scale":1,"type":"italy_wall_concrete"}
{"ctxid":0,"pos":[1608.72998,-927.213989,152.690002],"rotationMatrix":[-0.790590286,-0.612322927,-0.00525821792,0.612331033,-0.790601492,8.66367554e-05,-0.00421020482,-0.00315127592,0.999986172],"scale":1,"type":"italy_wall_concrete"}
{"ctxid":0,"pos":[1606.43005,-928.939026,152.675995],"rotationMatrix":[-0.81222856,-0.58331728,-0.00507389475,0.583325028,-0.812238812,-6.80769299e-05,-0.00408150349,-0.00301502389,0.999987125],"scale":1,"type":"italy_wall_concrete"}
{"ctxid":0,"pos":[1604.05005,-930.565979,152.662003],"rotationMatrix":[-0.838979006,-0.54414624,-0.00436707912,0.544151306,-0.838987112,4.49088147e-05,-0.00368835987,-0.00233867415,0.999990463],"scale":1,"type":"italy_wall_concrete"}
{"ctxid":0,"pos":[1601.58997,-932.059021,152.649994],"rotationMatrix":[-0.87211287,-0.489290625,-0.00371844345,0.489294142,-0.872118831,-3.75168602e-05,-0.00322456798,-0.00185213157,0.999993086],"scale":1,"type":"italy_wall_concrete"}
{"ctxid":0,"pos":[1599.02002,-933.356995,152.641998],"rotationMatrix":[-0.914141774,-0.405388474,-0.00223744195,0.405389547,-0.914144039,-2.52518039e-05,-0.00203510746,-0.000930119248,0.999997497],"scale":1,"type":"italy_wall_concrete"}
{"ctxid":0,"pos":[1596.31006,-934.348022,152.638],"rotationMatrix":[-0.957033277,-0.289975703,-0.00118312263,0.289975703,-0.957033992,0.000175304551,-0.00118312263,-0.000175304551,0.999999285],"scale":1,"type":"italy_wall_concrete"}
{"ctxid":0,"pos":[1593.56006,-935.211975,152.621994],"rotationMatrix":[-0.949523807,-0.313511789,-0.0107194893,0.313528925,-0.949578643,8.36679756e-05,-0.0102052288,-0.00328142545,0.999942541],"scale":1,"type":"italy_wall_concrete"}
{"ctxid":0,"pos":[1590.82996,-936.153015,152.576004],"rotationMatrix":[-0.940850377,-0.338188499,-0.0207148828,0.338261694,-0.941052079,-3.20796098e-05,-0.0194829348,-0.00703723356,0.999785423],"scale":1,"type":"italy_wall_concrete"}
{"ctxid":0,"pos":[1588.12,-937.159973,152.501999],"rotationMatrix":[-0.933380246,-0.357589543,-0.0305130109,0.357757509,-0.933814526,-4.87151665e-05,-0.0284760725,-0.0109617282,0.999534369],"scale":1,"type":"italy_wall_concrete"}
{"ctxid":0,"pos":[1585.43994,-938.21698,152.401001],"rotationMatrix":[-0.927104473,-0.372716665,-0.0394916795,0.37300396,-0.927829742,0.000100025027,-0.0366788357,-0.0146378186,0.999219894],"scale":1,"type":"italy_wall_concrete"}
{"ctxid":0,"pos":[1582.77002,-939.307983,152.274994],"rotationMatrix":[-0.922802806,-0.382359356,-0.047289595,0.382786214,-0.923836946,3.15970938e-05,-0.0436999537,-0.018072648,0.998881221],"scale":1,"type":"italy_wall_concrete"}
{"ctxid":0,"pos":[1580.10999,-940.421997,152.128998],"rotationMatrix":[-0.919682622,-0.388922065,-0.0540693253,0.389494359,-0.921028852,-5.05223506e-05,-0.0497797616,-0.0211061612,0.998537183],"scale":1,"type":"italy_wall_concrete"}
{"ctxid":0,"pos":[1577.45996,-941.547974,151.964005],"rotationMatrix":[-0.918129086,-0.39174512,-0.0597891845,0.392448336,-0.919774055,-2.05556153e-05,-0.0549844913,-0.0234830379,0.998211026],"scale":1,"type":"italy_wall_concrete"}
{"ctxid":0,"pos":[1574.81006,-942.679016,151.783997],"rotationMatrix":[-0.917749763,-0.391856134,-0.0646850094,0.392680407,-0.919674993,-3.21122898e-05,-0.0594766028,-0.0254300069,0.997905731],"scale":1,"type":"italy_wall_concrete"}
{"ctxid":0,"pos":[1572.17004,-943.809021,151.591003],"rotationMatrix":[-0.917760491,-0.391137064,-0.0687566996,0.392067015,-0.919936657,-3.34929209e-05,-0.0632387102,-0.0269879736,0.997633457],"scale":1,"type":"italy_wall_concrete"}
{"ctxid":0,"pos":[1569.52002,-944.934021,151.388],"rotationMatrix":[-0.918552399,-0.388685524,-0.0720073506,0.38970232,-0.920940876,-7.80030532e-05,-0.0662841946,-0.0281330813,0.997404099],"scale":1,"type":"italy_wall_concrete"}
{"ctxid":0,"pos":[1566.87,-946.051025,151.177002],"rotationMatrix":[-0.919341922,-0.386279225,-0.0748250782,0.387365699,-0.921926141,-8.28571501e-06,-0.0689799935,-0.0289922878,0.997196674],"scale":1,"type":"italy_wall_concrete"}
{"ctxid":0,"pos":[1564.21997,-947.158997,150.957993],"rotationMatrix":[-0.920912623,-0.382084191,-0.0770169571,0.383218348,-0.923657775,5.7225745e-05,-0.0711591765,-0.0294616129,0.997029781],"scale":1,"type":"italy_wall_concrete"}
{"ctxid":0,"pos":[1437.68005,-339.989014,144.617004],"rotationMatrix":[0.921671152,-0.387972027,0,0.387972027,0.921671152,0,0,0,1],"scale":1,"type":"italy_wall_concrete"}
{"ctxid":0,"pos":[1440.31995,-341.316986,144.613007],"rotationMatrix":[0.865832806,-0.500322461,-0.00331049995,0.500324965,0.865837693,-8.83976973e-05,0.00291058305,-0.00157978816,0.999994516],"scale":1,"type":"italy_wall_concrete"}
{"ctxid":0,"pos":[1442.81995,-342.882996,144.597],"rotationMatrix":[0.835578799,-0.549316347,-0.00772034656,0.549332738,0.835603714,-2.78628204e-06,0.00645268057,-0.00423871074,0.999970198],"scale":1,"type":"italy_wall_concrete"}
{"ctxid":0,"pos":[1445.28003,-344.519989,144.567993],"rotationMatrix":[0.832779646,-0.553480983,-0.0116981873,0.553518891,0.832836628,8.87721626e-07,0.00974218734,-0.00647590682,0.999931574],"scale":1,"type":"italy_wall_concrete"}
{"ctxid":0,"pos":[1447.76001,-346.132996,144.528],"rotationMatrix":[0.84409976,-0.535970926,-0.0151912523,0.536032259,0.844197512,-4.14144015e-05,0.0128466142,-0.00810804311,0.999884605],"scale":1,"type":"italy_wall_concrete"}
{"ctxid":0,"pos":[1406.06006,-343.562988,144.335999],"rotationMatrix":[0.996020555,0.0852999315,0.0258258637,-0.0853307843,0.996352673,9.3163937e-05,-0.0257237218,-0.0022965346,0.999666452],"scale":1,"type":"italy_wall_concrete"}
{"ctxid":0,"pos":[1408.98999,-343.182007,144.408005],"rotationMatrix":[0.985021353,0.170933485,0.0226865187,-0.170978308,0.985274792,3.67898938e-05,-0.0223461669,-0.00391514134,0.999742627],"scale":1,"type":"italy_wall_concrete"}
{"ctxid":0,"pos":[1411.88,-342.567993,144.470001],"rotationMatrix":[0.970152855,0.241752803,0.0189477969,-0.241797775,0.970326662,8.4657775e-05,-0.0183650851,-0.00466366578,0.999820471],"scale":1,"type":"italy_wall_concrete"}
{"ctxid":0,"pos":[1414.71997,-341.774994,144.520996],"rotationMatrix":[0.95684576,0.290200561,0.0151598854,-0.290233731,0.956955791,-1.34402517e-05,-0.0145112406,-0.00438704994,0.999885082],"scale":1,"type":"italy_wall_concrete"}
{"ctxid":0,"pos":[1417.54004,-340.881012,144.559998],"rotationMatrix":[0.95076251,0.309705704,0.0115338964,-0.309725761,0.95082593,-4.86538847e-05,-0.0109817963,-0.00352608669,0.999933481],"scale":1,"type":"italy_wall_concrete"}
{"ctxid":0,"pos":[1420.34998,-339.977997,144.589005],"rotationMatrix":[0.95544827,0.295053184,0.00788834039,-0.295062512,0.955477953,1.92964235e-05,-0.00753144175,-0.00234599016,0.999968886],"scale":1,"type":"italy_wall_concrete"}
{"ctxid":0,"pos":[1423.18994,-339.175995,144.606995],"rotationMatrix":[0.970659018,0.240415499,0.00463207951,-0.240418255,0.970669389,3.7346741e-05,-0.00448723929,-0.00114988745,0.999989271],"scale":1,"type":"italy_wall_concrete"}
{"ctxid":0,"pos":[1426.08997,-338.600006,144.615997],"rotationMatrix":[0.98968792,0.143228844,0.0018222651,-0.143228844,0.989689589,-0.000131176814,-0.0018222651,-0.000131176814,0.999998331],"scale":1,"type":"italy_wall_concrete"}
{"ctxid":0,"pos":[1429.03003,-338.367004,144.617996],"rotationMatrix":[0.999951839,0.00980813801,-0.000345262815,-0.00980813801,0.999951959,1.69323357e-06,0.000345262815,1.69323357e-06,1],"scale":1,"type":"italy_wall_concrete"}
{"ctxid":0,"pos":[1431.97998,-338.541992,144.615005],"rotationMatrix":[0.993294954,-0.115605615,-0.000689375505,0.115605615,0.993295193,-3.99818782e-05,0.000689375505,-3.99818782e-05,0.999999762],"scale":1,"type":"italy_wall_concrete"}
{"ctxid":0,"pos":[1434.88,-339.05899,144.615997],"rotationMatrix":[0.970523834,-0.241004184,0.000685424719,0.241004184,0.970524073,8.38456253e-05,-0.000685428327,8.38160413e-05,0.999999762],"scale":1,"type":"italy_wall_concrete"}
{"ctxid":0,"pos":[1848.07996,-1249.66003,154.587006],"rotationMatrix":[-0.78607738,0.617713392,-0.0226392187,-0.617871642,-0.786278963,-4.26406314e-06,-0.0178033765,0.0139847798,0.9997437],"scale":1,"type":"italy_wall_concrete"}
{"ctxid":0,"pos":[1845.81006,-1247.94995,154.529007],"rotationMatrix":[-0.811861038,0.583578289,-0.0178330857,-0.58366996,-0.811990976,-7.84055956e-05,-0.0145260608,0.0103449821,0.999840975],"scale":1,"type":"italy_wall_concrete"}
{"ctxid":0,"pos":[1843.46997,-1246.34998,154.488007],"rotationMatrix":[-0.836299539,0.548164964,-0.0108741149,-0.548198044,-0.836348534,7.57631278e-05,-0.00905301981,0.00602452969,0.999940872],"scale":1,"type":"italy_wall_concrete"}
