{"ctxid":0,"pos":[158.251007,-738.291992,286.481995],"rotationMatrix":[0.751910329,-0.659265399,0,0.659265399,0.751910329,0,0,0,1],"scale":1,"type":"italy_rock_wall_pile"}
{"ctxid":0,"pos":[174.462006,-746.919006,284.306],"rotationMatrix":[-0.935331345,0.353772908,0,-0.353772908,-0.935331345,0,0,0,1],"scale":1,"type":"italy_rock_wall_pile"}
{"ctxid":0,"pos":[173.744995,-748.211975,284.671997],"rotationMatrix":[-0.240942597,-0.970539391,0,0.970539391,-0.240942597,0,0,0,1],"scale":1,"type":"italy_rock_wall_pile"}
{"ctxid":0,"pos":[264.739014,-1151.90002,326.125],"rotationMatrix":[0.909602404,0.415479809,0,-0.415479809,0.909602404,0,0,0,1],"scale":1,"type":"italy_rock_wall_pile"}
{"ctxid":0,"pos":[272.890808,-1175.89941,327.497009],"rotationMatrix":[-0.96222049,-0.272271454,0,0.272271454,-0.96222049,0,0,0,1],"scale":1,"type":"italy_rock_wall_pile"}
{"ctxid":0,"pos":[661.054016,376.850006,170.459],"rotationMatrix":[-0.745833039,-0.666132927,0,0.666132927,-0.745833039,0,0,0,1],"scale":1,"type":"italy_rock_wall_pile"}
{"ctxid":0,"pos":[613.429993,413.963013,171.809998],"rotationMatrix":[0.57200253,0.820251882,0,-0.820251882,0.57200253,0,0,0,1],"scale":1,"type":"italy_rock_wall_pile"}
{"ctxid":0,"pos":[584.984985,384.088989,173.619995],"rotationMatrix":[-0.234963179,0.972004294,0,-0.972004294,-0.234963179,0,0,0,1],"scale":1,"type":"italy_rock_wall_pile"}
{"ctxid":0,"pos":[580.252991,382.920013,173.789993],"rotationMatrix":[-0.306374431,0.951911092,0,-0.951911092,-0.306374431,0,0,0,1],"scale":1,"type":"italy_rock_wall_pile"}
{"ctxid":0,"pos":[575.986023,387.381012,174.057999],"rotationMatrix":[-0.233706236,0.972307265,0,-0.972307265,-0.233706236,0,0,0,1],"scale":1,"type":"italy_rock_wall_pile"}
{"ctxid":0,"pos":[282.585999,292.56601,181.707001],"rotationMatrix":[0.875199914,0.48376143,0,-0.48376143,0.875199914,0,0,0,1],"scale":1,"type":"italy_rock_wall_pile"}
{"ctxid":0,"pos":[1012.99744,1093.91296,156.660553],"rotationMatrix":[1,0,0,0,1,0,0,0,1],"scale":1,"type":"italy_rock_wall_pile"}
{"ctxid":0,"pos":[1007.55835,1095.76221,156.098785],"rotationMatrix":[1,0,0,0,1,0,0,0,1],"scale":1,"type":"italy_rock_wall_pile"}
{"ctxid":0,"pos":[354.930817,-1139.70227,339.848907],"rotationMatrix":[0.81869489,-0.574228883,0,0.574228883,0.81869489,0,0,0,1],"scale":1,"type":"italy_rock_wall_pile"}
{"ctxid":0,"pos":[349.774139,-1163.3479,338.415192],"rotationMatrix":[1,0,0,0,1,0,0,0,1],"scale":1,"type":"italy_rock_wall_pile"}
{"ctxid":0,"pos":[212.762924,-1302.85352,375.106964],"rotationMatrix":[1,0,0,0,1,0,0,0,1],"scale":1,"type":"italy_rock_wall_pile"}
{"ctxid":0,"pos":[216.170746,-1295.0033,375.553894],"rotationMatrix":[0.666153014,-0.745815456,0,0.745815456,0.666153014,0,0,0,1],"scale":1,"type":"italy_rock_wall_pile"}
{"ctxid":0,"pos":[226.874313,-1289.53882,376.077789],"rotationMatrix":[0.599573612,-0.800319731,0,0.800319731,0.599573612,0,0,0,1],"scale":1,"type":"italy_rock_wall_pile"}
{"ctxid":0,"pos":[230.991241,-1274.57983,376.880371],"rotationMatrix":[0.914719045,0.404089659,0,-0.404089659,0.914719045,0,0,0,1],"scale":1,"type":"italy_rock_wall_pile"}
{"ctxid":0,"pos":[318.076263,-1364.36633,366.539764],"rotationMatrix":[-0.0281066317,0.993124902,-0.113636367,-0.999599874,-0.0282898806,0,-0.00321475882,0.113590889,0.993522346],"scale":1,"type":"italy_rock_wall_pile"}
{"ctxid":0,"pos":[326.041077,-1363.17883,365.922211],"rotationMatrix":[0.294373602,-0.927595258,0.230023846,0.953154087,0.302484751,0,-0.0695787072,0.219248176,0.973184943],"scale":1,"type":"italy_rock_wall_pile"}
{"ctxid":0,"pos":[1038.85559,857.006348,180.305756],"rotationMatrix":[0.137198225,-0.974461257,0.17776753,0.990233362,0.13941884,0,-0.0247841459,0.176031306,0.984072447],"scale":1,"type":"italy_rock_wall_pile"}
{"ctxid":0,"pos":[1052.33801,860.81665,179.918884],"rotationMatrix":[1,0,0,0,1,0,0,0,1],"scale":1,"type":"italy_rock_wall_pile"}
{"ctxid":0,"pos":[-795.110107,-936.366821,456.185059],"rotationMatrix":[0.380377531,-0.924831331,0,0.924831331,0.380377531,0,0,0,1],"scale":1,"type":"italy_rock_wall_pile"}
{"ctxid":0,"pos":[-800.521545,-937.362671,456.514252],"rotationMatrix":[0.133234739,-0.991084456,0,0.991084456,0.133234739,0,0,0,1],"scale":1,"type":"italy_rock_wall_pile"}
{"ctxid":0,"pos":[-787.580017,-931.073792,455.397705],"rotationMatrix":[-0.703199983,0.710992157,0,-0.710992157,-0.703199983,0,0,0,1],"scale":1,"type":"italy_rock_wall_pile"}
{"ctxid":0,"pos":[-792.844849,-935.079834,456.134613],"rotationMatrix":[-0.548434675,0.836153865,0.00818742998,-0.836181402,-0.548452675,0,0.00449031591,-0.00684601255,0.999967337],"scale":1,"type":"italy_rock_wall_pile"}
{"ctxid":0,"pos":[964.689026,130.639542,219.026215],"rotationMatrix":[0.96986407,-0.216525421,0.111715265,0.217889354,0.975973487,0,-0.109031133,0.0243415665,0.993740261],"scale":1,"type":"italy_rock_wall_pile"}
{"ctxid":0,"pos":[970.696045,127.705956,219.356995],"rotationMatrix":[0.363675803,0.931525469,0,-0.931525469,0.363675803,0,0,0,1],"scale":1,"type":"italy_rock_wall_pile"}
{"ctxid":0,"pos":[1077.93091,-142.269241,260.350037],"rotationMatrix":[0.993817389,0.111027591,0,-0.111027591,0.993817389,0,0,0,1],"scale":1,"type":"italy_rock_wall_pile"}
{"ctxid":0,"pos":[1082.71912,-161.248688,260.400543],"rotationMatrix":[0.967448711,0.253067017,0,-0.253067017,0.967448711,0,0,0,1],"scale":1,"type":"italy_rock_wall_pile"}
{"ctxid":0,"pos":[1083.18054,-96.9023056,260.310028],"rotationMatrix":[0.881478727,-0.472223997,0,0.472223997,0.881478727,0,0,0,1],"scale":1,"type":"italy_rock_wall_pile"}
{"ctxid":0,"pos":[1081.94336,-87.8687515,262.02771],"rotationMatrix":[0.674670458,0.738119125,0,-0.688022196,0.628879666,0.362126708,0.267292678,-0.244316205,0.932128608],"scale":1,"type":"italy_rock_wall_pile"}
{"ctxid":0,"pos":[370.082397,-150.187637,184.151459],"rotationMatrix":[0.797805548,-0.602914631,0,0.602914631,0.797805548,0,0,0,1],"scale":1,"type":"italy_rock_wall_pile"}
{"ctxid":0,"pos":[349.505432,-173.249908,183.955826],"rotationMatrix":[0.762435079,-0.647064388,0,0.647064388,0.762435079,0,0,0,1],"scale":1,"type":"italy_rock_wall_pile"}
{"ctxid":0,"pos":[402.819824,-104.991409,184.655258],"rotationMatrix":[-0.807587028,0.5897488,0,-0.5897488,-0.807587028,0,0,0,1],"scale":1,"type":"italy_rock_wall_pile"}
{"ctxid":0,"pos":[328.043915,-62.4722557,182.874893],"rotationMatrix":[1,0,0,0,1,0,0,0,1],"scale":1,"type":"italy_rock_wall_pile"}
{"ctxid":0,"pos":[757.660522,-581.657349,187.722397],"rotationMatrix":[0.912441254,-0.409207433,0,0.409207433,0.912441254,0,0,0,1],"scale":1,"type":"italy_rock_wall_pile"}
{"ctxid":0,"pos":[743.588989,-609.922729,187.931351],"rotationMatrix":[0.918692529,-0.394973218,0,0.394973218,0.918692529,0,0,0,1],"scale":1,"type":"italy_rock_wall_pile"}
{"ctxid":0,"pos":[733.599548,-632.760071,187.934784],"rotationMatrix":[0.971624374,-0.236528799,0,0.236528799,0.971624374,0,0,0,1],"scale":1,"type":"italy_rock_wall_pile"}
{"ctxid":0,"pos":[177.70195,404.784729,182.599228],"rotationMatrix":[0.963635981,0.267217755,0,-0.267217755,0.963635981,0,0,0,1],"scale":1,"type":"italy_rock_wall_pile"}
{"ctxid":0,"pos":[210.497879,304.430298,185.156281],"rotationMatrix":[0.355113387,0.934823215,0,-0.934823215,0.355113387,0,0,0,1],"scale":1,"type":"italy_rock_wall_pile"}
{"ctxid":0,"pos":[213.375824,303.358734,185.011917],"rotationMatrix":[0.0888773203,-0.996042371,0,0.996042371,0.0888773203,0,0,0,1],"scale":1,"type":"italy_rock_wall_pile"}
{"ctxid":0,"pos":[199.074936,332.704315,184.122192],"rotationMatrix":[0.940800428,0.338961512,0,-0.338961512,0.940800428,0,0,0,1],"scale":1,"type":"italy_rock_wall_pile"}
{"ctxid":0,"pos":[172.356735,424.225952,181.69812],"rotationMatrix":[0.978750169,0.205055475,0,-0.205055475,0.978750169,0,0,0,1],"scale":1,"type":"italy_rock_wall_pile"}
{"ctxid":0,"pos":[765.829285,-552.954895,189.015808],"rotationMatrix":[0.476754725,0.879036248,0,-0.879036248,0.476754725,0,0,0,1],"scale":1,"type":"italy_rock_wall_pile"}
{"ctxid":0,"pos":[773.21582,-556.737915,187.870285],"rotationMatrix":[0.306839883,0.951761186,0,-0.951761186,0.306839883,0,0,0,1],"scale":1,"type":"italy_rock_wall_pile"}
{"ctxid":0,"pos":[778.293091,-559.654358,187.614014],"rotationMatrix":[-0.265211612,-0.964190662,0,0.964190662,-0.265211612,0,0,0,1],"scale":1,"type":"italy_rock_wall_pile"}
{"ctxid":0,"pos":[-180.74321,858.025879,204.445419],"rotationMatrix":[0.168493882,0.985702574,0,-0.985702574,0.168493882,0,0,0,1],"scale":1,"type":"italy_rock_wall_pile"}
{"ctxid":0,"pos":[-201.692398,850.91449,205.538498],"rotationMatrix":[0.643184245,-0.765711546,0,0.765711546,0.643184245,0,0,0,1],"scale":1,"type":"italy_rock_wall_pile"}
{"ctxid":0,"pos":[588.294678,766.420105,179.014862],"rotationMatrix":[0.998099506,-0.0616227388,0,0.0616227388,0.998099506,0,0,0,1],"scale":1,"type":"italy_rock_wall_pile"}
{"ctxid":0,"pos":[587.832458,782.248718,178.949921],"rotationMatrix":[1,0,0,0,1,0,0,0,1],"scale":1,"type":"italy_rock_wall_pile"}
{"ctxid":0,"pos":[704.688599,926.831726,179.779572],"rotationMatrix":[-0.000455133617,1,0,-1,-0.000455133617,0,0,0,1],"scale":1,"type":"italy_rock_wall_pile"}
{"ctxid":0,"pos":[710.216614,926.015503,179.707916],"rotationMatrix":[-0.018606497,-0.999827087,0,0.999827087,-0.018606497,0,0,0,1],"scale":1,"type":"italy_rock_wall_pile"}
{"ctxid":0,"pos":[416.718353,343.903473,172.495514],"rotationMatrix":[-0.206934214,0.97835511,0,-0.97835511,-0.206934214,0,0,0,1],"scale":1,"type":"italy_rock_wall_pile"}
{"ctxid":0,"pos":[509.622894,603.775391,177.836304],"rotationMatrix":[-0.24863416,0.968596935,0,-0.968596935,-0.24863416,0,0,0,1],"scale":1,"type":"italy_rock_wall_pile"}
{"ctxid":0,"pos":[503.032227,602.083435,177.896011],"rotationMatrix":[-0.261969447,0.96507591,0,-0.96507591,-0.261969447,0,0,0,1],"scale":1,"type":"italy_rock_wall_pile"}
{"ctxid":0,"pos":[588.222046,773.914001,178.95575],"rotationMatrix":[1,0,0,0,1,0,0,0,1],"scale":1,"type":"italy_rock_wall_pile"}
{"ctxid":0,"pos":[595.794128,785.047974,179.204117],"rotationMatrix":[1,0,0,0,1,0,0,0,1],"scale":1,"type":"italy_rock_wall_pile"}
{"ctxid":0,"pos":[1492,1496.5,138.5],"rotationMatrix":[1,0,0,0,1,0,0,0,1],"scale":1,"type":"italy_rock_wall_pile"}
{"ctxid":0,"pos":[139.007248,-852.555115,297.635498],"rotationMatrix":[0.754397154,-0.656418204,0,0.656418204,0.754397154,0,0,0,1],"scale":1,"type":"italy_rock_wall_pile"}
{"ctxid":0,"pos":[373.160339,-1127.29138,340.87204],"rotationMatrix":[-0.468844354,0.883280933,0,-0.883280933,-0.468844354,0,0,0,1],"scale":1,"type":"italy_rock_wall_pile"}
{"ctxid":0,"pos":[448.616943,-1071.66138,346.89389],"rotationMatrix":[-0.326526195,-0.945187986,0,0.945187986,-0.326526195,0,0,0,1],"scale":1,"type":"italy_rock_wall_pile"}
{"ctxid":0,"pos":[-93.3460159,-1544.23096,372.825562],"rotationMatrix":[0.664860725,-0.746967435,0,0.746967435,0.664860725,0,0,0,1],"scale":1,"type":"italy_rock_wall_pile"}
{"ctxid":0,"pos":[-90.8078003,-1539.01074,373.631958],"rotationMatrix":[-0.926105082,0.377265871,0,-0.377265871,-0.926105082,0,0,0,1],"scale":1,"type":"italy_rock_wall_pile"}
{"ctxid":0,"pos":[286.160736,-1714.1825,324.733398],"rotationMatrix":[0.193484724,0.981103182,0,-0.981103182,0.193484724,0,0,0,1],"scale":1,"type":"italy_rock_wall_pile"}
{"ctxid":0,"pos":[302.702454,-1719.36853,324.090698],"rotationMatrix":[0.451056898,0.892495155,0,-0.892495155,0.451056898,0,0,0,1],"scale":1,"type":"italy_rock_wall_pile"}
{"ctxid":0,"pos":[1374.25183,-1313.84058,270.387115],"rotationMatrix":[-0.0709782541,0.997477949,0,-0.997477949,-0.0709782541,0,0,0,1],"scale":1,"type":"italy_rock_wall_pile"}
{"ctxid":0,"pos":[-89.7605438,-1477.37085,394.302643],"rotationMatrix":[-0.0471561551,-0.922115982,-0.384029686,0.980255783,-0.116629414,0.159677297,-0.192030102,-0.368917286,0.909408987],"scale":1,"type":"italy_rock_wall_pile"}
{"ctxid":0,"pos":[1561.57471,-984.258545,162.606461],"rotationMatrix":[-0.210150808,0.97766912,0,-0.97766912,-0.210150808,0,0,0,1],"scale":1,"type":"italy_rock_wall_pile"}
{"ctxid":0,"pos":[1428.95203,-1713.24768,168.407898],"rotationMatrix":[1,0,0,0,1,0,0,0,1],"scale":1,"type":"italy_rock_wall_pile"}
{"ctxid":0,"pos":[327.472839,-1948.02698,143.785934],"rotationMatrix":[0.275408119,0.961327314,0,-0.961327314,0.275408119,0,0,0,1],"scale":0.75113523,"type":"italy_rock_wall_pile"}
{"ctxid":0,"pos":[1290.42615,-885.42395,146.836533],"rotationMatrix":[0.699918687,0.714222789,0,-0.714222789,0.699918687,0,0,0,1],"scale":1,"type":"italy_rock_wall_pile"}
{"ctxid":0,"pos":[798.552673,-1892.00256,149.612244],"rotationMatrix":[0.231114089,-0.972926736,0,0.972926736,0.231114089,0,0,0,1],"scale":1,"type":"italy_rock_wall_pile"}
{"ctxid":0,"pos":[1583.55676,-1074.16907,169.142471],"rotationMatrix":[0.787109375,-0.616813481,0,0.616813481,0.787109375,0,0,0,1],"scale":1,"type":"italy_rock_wall_pile"}
{"ctxid":0,"pos":[1320.64465,-1479.90845,276.100586],"rotationMatrix":[0.495063245,-0.868856847,0,0.868856847,0.495063245,0,0,0,1],"scale":1,"type":"italy_rock_wall_pile"}
{"ctxid":0,"pos":[1084.62244,-1410.48511,277.844849],"rotationMatrix":[1,0,0,0,1,0,0,0,1],"scale":1,"type":"italy_rock_wall_pile"}
{"ctxid":0,"pos":[334.385162,-1749.82922,321.566132],"rotationMatrix":[0.782577991,0.622552633,0,-0.622552633,0.782577991,0,0,0,1],"scale":1,"type":"italy_rock_wall_pile"}
{"ctxid":0,"pos":[123.892609,-1776.21619,327.529816],"rotationMatrix":[0.271470189,0.962446809,0,-0.962446809,0.271470189,0,0,0,1],"scale":1,"type":"italy_rock_wall_pile"}
{"ctxid":0,"pos":[123.663506,-1613.61987,412.045441],"rotationMatrix":[0.740562439,0.671987712,0,-0.671987712,0.740562439,0,0,0,1],"scale":1,"type":"italy_rock_wall_pile"}
{"ctxid":0,"pos":[186.225891,-1328.25916,396.386841],"rotationMatrix":[1,0,0,0,1,0,0,0,1],"scale":1,"type":"italy_rock_wall_pile"}
{"ctxid":0,"pos":[230.575043,-1340.08472,372.361145],"rotationMatrix":[0.533949852,0.845516324,0,-0.845516324,0.533949852,0,0,0,1],"scale":1,"type":"italy_rock_wall_pile"}
{"ctxid":0,"pos":[399.095428,-1289.91882,360.636749],"rotationMatrix":[1,0,0,0,1,0,0,0,1],"scale":1,"type":"italy_rock_wall_pile"}
{"ctxid":0,"pos":[430.170074,-1128.38782,348.950745],"rotationMatrix":[0.612249136,-0.790664971,0,0.790664971,0.612249136,0,0,0,1],"scale":1,"type":"italy_rock_wall_pile"}
{"ctxid":0,"pos":[956.113647,-606.240417,164.695984],"rotationMatrix":[0.648157716,-0.7615062,0,0.7615062,0.648157716,0,0,0,1],"scale":1,"type":"italy_rock_wall_pile"}
{"ctxid":0,"pos":[993.511414,-636.93573,158.286774],"rotationMatrix":[0.0276704337,-0.999616921,6.34463504e-09,0.999489427,0.027667027,-0.0159784723,0.0159723442,0.00044213314,0.999872506],"scale":1,"type":"italy_rock_wall_pile"}
{"ctxid":0,"pos":[1355.69458,-30.0965939,188.415482],"rotationMatrix":[1,0,0,0,1,0,0,0,1],"scale":1,"type":"italy_rock_wall_pile"}
{"ctxid":0,"pos":[1246.70813,-162.49794,207.382843],"rotationMatrix":[0.963362932,-0.268200934,0,0.268200934,0.963362932,0,0,0,1],"scale":1,"type":"italy_rock_wall_pile"}
{"ctxid":0,"pos":[1026.06213,-227.792694,260.777863],"rotationMatrix":[-0.795854449,0.60548842,0,-0.60548842,-0.795854449,0,0,0,1],"scale":1,"type":"italy_rock_wall_pile"}
{"ctxid":0,"pos":[482.602905,-493.155304,335.492615],"rotationMatrix":[0.694141924,-0.71983844,0,0.71983844,0.694141924,0,0,0,1],"scale":1,"type":"italy_rock_wall_pile"}
{"ctxid":0,"pos":[441.528198,-520.03241,339.65448],"rotationMatrix":[0.408967763,-0.912549138,0,0.912549138,0.408967763,0,0,0,1],"scale":1,"type":"italy_rock_wall_pile"}
{"ctxid":0,"pos":[1870.60583,-1303.41162,155.860809],"rotationMatrix":[1,0,0,0,1,0,0,0,1],"scale":1,"type":"italy_rock_wall_pile"}
{"ctxid":0,"pos":[1647.32129,-1509.52539,148.282608],"rotationMatrix":[0.347454816,-0.937696695,0,0.937696695,0.347454816,0,0,0,1],"scale":1,"type":"italy_rock_wall_pile"}
{"ctxid":0,"pos":[1634.22864,-1526.1626,147.600525],"rotationMatrix":[0.624918342,-0.780690074,0,0.780690074,0.624918342,0,0,0,1],"scale":1,"type":"italy_rock_wall_pile"}
{"ctxid":0,"pos":[1577.22498,-950.78949,151.709335],"rotationMatrix":[0.422838837,-0.904934525,0.0479679778,0.905977309,0.423326194,6.57746568e-09,-0.0203060843,0.0434578843,0.998848557],"scale":1,"type":"italy_rock_wall_pile"}
{"ctxid":0,"pos":[1748.87207,-1016.75543,152.536606],"rotationMatrix":[0.258985281,-0.965881288,0,0.965881288,0.258985281,0,0,0,1],"scale":1,"type":"italy_rock_wall_pile"}
{"ctxid":0,"pos":[1712.2002,-1044.47009,152.334946],"rotationMatrix":[0.857715666,-0.514124274,0,0.514124274,0.857715666,0,0,0,1],"scale":1,"type":"italy_rock_wall_pile"}
{"ctxid":0,"pos":[1306.91699,-345.08905,143.97197],"rotationMatrix":[0.332785666,-0.943002343,0,0.943002343,0.332785666,0,0,0,1],"scale":1,"type":"italy_rock_wall_pile"}
{"ctxid":0,"pos":[1352.68555,-331.293427,144.857391],"rotationMatrix":[0.411052883,0.911611378,0,-0.911611378,0.411052883,0,0,0,1],"scale":1,"type":"italy_rock_wall_pile"}
{"ctxid":0,"pos":[1592.99597,-298.779877,144.155838],"rotationMatrix":[0.601739705,-0.798692346,0,0.798692346,0.601739705,0,0,0,1],"scale":1,"type":"italy_rock_wall_pile"}
{"ctxid":0,"pos":[1748.6731,-39.4588013,154.174744],"rotationMatrix":[-0.986159146,-0.165799394,0,0.165799394,-0.986159146,0,0,0,1],"scale":1,"type":"italy_rock_wall_pile"}
{"ctxid":0,"pos":[941.961182,-615.879578,166.319107],"rotationMatrix":[0.895737231,-0.444583923,0,0.444583923,0.895737231,0,0,0,1],"scale":1,"type":"italy_rock_wall_pile"}
{"ctxid":0,"pos":[1262.99097,840.180786,182.49826],"rotationMatrix":[0.236674547,0.971589148,0,-0.971589148,0.236674547,0,0,0,1],"scale":1,"type":"italy_rock_wall_pile"}
{"ctxid":0,"pos":[-950.320007,-1711.56018,143.019791],"rotationMatrix":[0.644726634,0.764413178,0.000609603419,-0.764413238,0.644726455,0.000514155603,0,-0.000797478482,0.999999762],"scale":1,"type":"italy_rock_wall_pile"}
{"ctxid":0,"pos":[569.239441,1045.03113,172.850998],"rotationMatrix":[0.99215889,0.124982037,0,-0.124982037,0.99215889,0,0,0,1],"scale":1,"type":"italy_rock_wall_pile"}
{"ctxid":0,"pos":[501.460693,611.640259,177.600845],"rotationMatrix":[-0.636181951,0.771538675,0,-0.771538675,-0.636181951,0,0,0,1],"scale":1,"type":"italy_rock_wall_pile"}
{"ctxid":0,"pos":[1060.50012,555.999878,180.999969],"rotationMatrix":[0.980459392,-0.196721241,0,0.196721241,0.980459392,0,0,0,1],"scale":1,"type":"italy_rock_wall_pile"}
