{"ctxid":0,"pos":[-223.363998,-399.53299,311.036011],"rotationMatrix":[-0.526703477,0.850049078,0,-0.850049078,-0.526703477,0,0,0,1],"scale":1.03750002,"type":"italy_rockface_boulder_1"}
{"ctxid":0,"pos":[-1119.37,-602.140015,406.32901],"rotationMatrix":[-0.984430432,-0.175774634,0,0.175774634,-0.984430432,0,0,0,1],"scale":1.05350006,"type":"italy_rockface_boulder_1"}
{"ctxid":0,"pos":[-1102.5,-597.440002,404.928986],"rotationMatrix":[0.120596766,0.99270159,0,-0.99270159,0.120596766,0,0,0,1],"scale":0.94599998,"type":"italy_rockface_boulder_1"}
{"ctxid":0,"pos":[-1099.32996,-587.83197,403.792999],"rotationMatrix":[-0.790588975,-0.612347186,0,0.612347186,-0.790588975,0,0,0,1],"scale":1.14520001,"type":"italy_rockface_boulder_1"}
{"ctxid":0,"pos":[-1878.96997,-29.9085999,147.552994],"rotationMatrix":[-0.108560443,0.994089842,0,-0.994089842,-0.108560443,0,0,0,1],"scale":1.01400006,"type":"italy_rockface_boulder_1"}
{"ctxid":0,"pos":[-1875.84998,-27.2276993,147.936005],"rotationMatrix":[-0.667503238,0.744606912,0,-0.744606912,-0.667503238,0,0,0,1],"scale":0.936800003,"type":"italy_rockface_boulder_1"}
{"ctxid":0,"pos":[-1896.91003,-4.99779987,149.014999],"rotationMatrix":[0.516462207,-0.85631001,0,0.85631001,0.516462207,0,0,0,1],"scale":1.05509996,"type":"italy_rockface_boulder_1"}
{"ctxid":0,"pos":[-1902.84351,-19.0093098,149.106003],"rotationMatrix":[-0.662029147,0.749478102,0,-0.749478102,-0.662029147,0,0,0,1],"scale":0.886399984,"type":"italy_rockface_boulder_1"}
{"ctxid":0,"pos":[-1570.58997,-678.153015,257.095001],"rotationMatrix":[0.999948025,0.0101954797,0,-0.0101954797,0.999948025,0,0,0,1],"scale":1.04630005,"type":"italy_rockface_boulder_1"}
{"ctxid":0,"pos":[-1576.58997,-701.838013,277.213989],"rotationMatrix":[0.434590101,-0.900628388,0,0.900628388,0.434590101,0,0,0,1],"scale":0.950399995,"type":"italy_rockface_boulder_1"}
{"ctxid":0,"pos":[-1100.10999,657.252014,362.708008],"rotationMatrix":[0.770564556,-0.637361944,0,0.637361944,0.770564556,0,0,0,1],"scale":1.16799998,"type":"italy_rockface_boulder_1"}
{"ctxid":0,"pos":[-1096.12,655.836975,363.531006],"rotationMatrix":[0.812605619,0.582813978,0,-0.582813978,0.812605619,0,0,0,1],"scale":0.939499974,"type":"italy_rockface_boulder_1"}
{"ctxid":0,"pos":[-1141.69995,650.182007,356.369995],"rotationMatrix":[0.839935184,-0.542686701,0,0.542686701,0.839935184,0,0,0,1],"scale":1.19070005,"type":"italy_rockface_boulder_1"}
{"ctxid":0,"pos":[-1892.35229,0.551981032,149.201004],"rotationMatrix":[-0.319337726,-0.947640955,0,0.947640955,-0.319337726,0,0,0,1],"scale":1.00010002,"type":"italy_rockface_boulder_1"}
{"ctxid":0,"pos":[-1882.24048,9.23114967,149.214996],"rotationMatrix":[0.694237947,0.719745576,0,-0.719745576,0.694237947,0,0,0,1],"scale":1.10080004,"type":"italy_rockface_boulder_1"}
{"ctxid":0,"pos":[1021.72998,-0.368099988,251.723999],"rotationMatrix":[0.552541971,-0.833485067,0,0.833485067,0.552541971,0,0,0,1],"scale":0.945599973,"type":"italy_rockface_boulder_1"}
{"ctxid":0,"pos":[1427.32996,-1206.17004,268.475006],"rotationMatrix":[-0.272331476,0.962203503,0,-0.962203503,-0.272331476,0,0,0,1],"scale":0.903900027,"type":"italy_rockface_boulder_1"}
{"ctxid":0,"pos":[1415.10999,-1209.93994,268.231995],"rotationMatrix":[-0.819850326,0.572577894,0,-0.572577894,-0.819850326,0,0,0,1],"scale":0.976899981,"type":"italy_rockface_boulder_1"}
{"ctxid":0,"pos":[1397.43994,-1200.44995,268.425995],"rotationMatrix":[0.257994413,0.96614641,0,-0.96614641,0.257994413,0,0,0,1],"scale":0.875500023,"type":"italy_rockface_boulder_1"}
{"ctxid":0,"pos":[1370.42004,-1190.06006,269.46701],"rotationMatrix":[-0.132250905,-0.213039935,0.968051493,0.84957093,-0.527474403,-1.71326938e-05,0.510626018,0.82242614,0.250751495],"scale":0.831900001,"type":"italy_rockface_boulder_1"}
{"ctxid":0,"pos":[1366.80005,-1177.93005,268.546997],"rotationMatrix":[0.986453414,-0.164041653,0,0.164041653,0.986453414,0,0,0,1],"scale":0.984700024,"type":"italy_rockface_boulder_1"}
{"ctxid":0,"pos":[983.776978,-15.7058001,245.229996],"rotationMatrix":[0.209724069,-0.977760613,0,0.977760613,0.209724069,0,0,0,1],"scale":1.08529997,"type":"italy_rockface_boulder_1"}
{"ctxid":0,"pos":[376.315002,-557.950012,347.145264],"rotationMatrix":[-0.895015121,0.446035802,0,-0.446035802,-0.895015121,0,0,0,1],"scale":0.846099973,"type":"italy_rockface_boulder_1"}
{"ctxid":0,"pos":[377.372986,-559.526978,347.257141],"rotationMatrix":[0.98966074,-0.143428102,0,0.143428102,0.98966074,0,0,0,1],"scale":1.08959997,"type":"italy_rockface_boulder_1"}
{"ctxid":0,"pos":[267.082001,-594.013,345.542999],"rotationMatrix":[-0.436851501,-0.899533629,0,0.899533629,-0.436851501,0,0,0,1],"scale":1.01689994,"type":"italy_rockface_boulder_1"}
{"ctxid":0,"pos":[296.924011,-586.184998,345.630005],"rotationMatrix":[-0.646749616,0.762702405,0,-0.762702405,-0.646749616,0,0,0,1],"scale":0.834299982,"type":"italy_rockface_boulder_1"}
{"ctxid":0,"pos":[298.959015,-585.351013,345.905151],"rotationMatrix":[0.266739607,-0.963768661,0,0.963768661,0.266739607,0,0,0,1],"scale":1.07060003,"type":"italy_rockface_boulder_1"}
{"ctxid":0,"pos":[336.134003,-579.400024,348.059082],"rotationMatrix":[-0.149431109,-0.988772154,0,0.988772154,-0.149431109,0,0,0,1],"scale":1.08440006,"type":"italy_rockface_boulder_1"}
{"ctxid":0,"pos":[328.190002,-566.638,344.572205],"rotationMatrix":[0.947641492,-0.319336206,0,0.319336206,0.947641492,0,0,0,1],"scale":1.12890005,"type":"italy_rockface_boulder_1"}
{"ctxid":0,"pos":[220.5578,-594.626465,342.789001],"rotationMatrix":[-0.68728447,0.726388395,0,-0.726388395,-0.68728447,0,0,0,1],"scale":1.03960001,"type":"italy_rockface_boulder_1"}
{"ctxid":0,"pos":[167.839996,-603.849976,351.36499],"rotationMatrix":[-0.0719408989,-0.997408867,0,0.997408867,-0.0719408989,0,0,0,1],"scale":0.983699977,"type":"italy_rockface_boulder_1"}
{"ctxid":0,"pos":[634.883972,1367,143.156006],"rotationMatrix":[-0.399464488,-0.916748643,0,0.916748643,-0.399464488,0,0,0,1],"scale":0.839399993,"type":"italy_rockface_boulder_1"}
{"ctxid":0,"pos":[626.689026,1369.40002,143.199997],"rotationMatrix":[-0.158546448,-0.987351537,0,0.987351537,-0.158546448,0,0,0,1],"scale":0.97359997,"type":"italy_rockface_boulder_1"}
{"ctxid":0,"pos":[610.45697,1375.18994,143.632004],"rotationMatrix":[0.697046757,0.717025697,0,-0.717025697,0.697046757,0,0,0,1],"scale":0.850499988,"type":"italy_rockface_boulder_1"}
{"ctxid":0,"pos":[590.590027,1390.10999,145.509995],"rotationMatrix":[-0.95901227,0.283364534,0,-0.283364534,-0.95901227,0,0,0,1],"scale":1.08969998,"type":"italy_rockface_boulder_1"}
{"ctxid":0,"pos":[610.734009,1401.56006,144.052994],"rotationMatrix":[0.779419184,0.626502812,0,-0.626502812,0.779419184,0,0,0,1],"scale":1.06429994,"type":"italy_rockface_boulder_1"}
{"ctxid":0,"pos":[613.218994,1398.94995,144.145004],"rotationMatrix":[0.371455312,-0.928450823,0,0.928450823,0.371455312,0,0,0,1],"scale":0.840300024,"type":"italy_rockface_boulder_1"}
{"ctxid":0,"pos":[622.53302,1370.72998,143.365005],"rotationMatrix":[-0.964558482,0.263869166,0,-0.263869166,-0.964558482,0,0,0,1],"scale":0.85619998,"type":"italy_rockface_boulder_1"}
{"ctxid":0,"pos":[59.6189003,1000.63,189.335999],"rotationMatrix":[-0.91101253,-0.412378669,0,0.412378669,-0.91101253,0,0,0,1],"scale":1.09019995,"type":"italy_rockface_boulder_1"}
{"ctxid":0,"pos":[681.898987,146.580002,182.516006],"rotationMatrix":[-0.605273604,-0.796017528,0,0.796017528,-0.605273604,0,0,0,1],"scale":1.14849997,"type":"italy_rockface_boulder_1"}
{"ctxid":0,"pos":[331.670013,868.81897,176.475998],"rotationMatrix":[0.70845747,0.705753505,0,-0.705753505,0.70845747,0,0,0,1],"scale":1.04050004,"type":"italy_rockface_boulder_1"}
{"ctxid":0,"pos":[72.3672028,992.317993,190.052002],"rotationMatrix":[-0.999599934,-0.0282837879,0,0.0282837879,-0.999599934,0,0,0,1],"scale":0.80430001,"type":"italy_rockface_boulder_1"}
{"ctxid":0,"pos":[58.3554993,987,192.929001],"rotationMatrix":[0.351567268,0.936162651,0,-0.936162651,0.351567268,0,0,0,1],"scale":1.10819995,"type":"italy_rockface_boulder_1"}
{"ctxid":0,"pos":[73.8695984,958.14801,189.761002],"rotationMatrix":[-0.496104002,0.868263125,0,-0.868263125,-0.496104002,0,0,0,1],"scale":0.854099989,"type":"italy_rockface_boulder_1"}
{"ctxid":0,"pos":[80.8147964,953.671997,188.354996],"rotationMatrix":[-0.716804624,-0.697274089,0,0.697274089,-0.716804624,0,0,0,1],"scale":0.988099992,"type":"italy_rockface_boulder_1"}
{"ctxid":0,"pos":[592.127197,1416,145.5],"rotationMatrix":[-0.981038213,-0.193814337,0,0.193814337,-0.981038213,0,0,0,1],"scale":1.10167027,"type":"italy_rockface_boulder_1"}
{"ctxid":0,"pos":[871.911072,737.964233,180.468109],"rotationMatrix":[-0.0280791447,0.999605715,0,-0.999605715,-0.0280791447,0,0,0,1],"scale":1.05636132,"type":"italy_rockface_boulder_1"}
{"ctxid":0,"pos":[1265.36353,1190.54272,158.151184],"rotationMatrix":[0.124047838,0.992276251,0,-0.992276251,0.124047838,0,0,0,1],"scale":0.870201528,"type":"italy_rockface_boulder_1"}
{"ctxid":0,"pos":[1259.4928,1199.63098,157.745361],"rotationMatrix":[0.587026,0.809568048,0,-0.809568048,0.587026,0,0,0,1],"scale":0.900930882,"type":"italy_rockface_boulder_1"}
{"ctxid":0,"pos":[603.798645,1425.56372,143.207565],"rotationMatrix":[0.755407989,-0.655254722,0,0.655254722,0.755407989,0,0,0,1],"scale":1.02452564,"type":"italy_rockface_boulder_1"}
{"ctxid":0,"pos":[624.107239,1406.95874,142.068817],"rotationMatrix":[0.886453271,-0.462818086,0,0.462818086,0.886453271,0,0,0,1],"scale":0.935068011,"type":"italy_rockface_boulder_1"}
{"ctxid":0,"pos":[636.492859,1401.86658,141.779083],"rotationMatrix":[0.0481624305,0.998839498,0,-0.998839498,0.0481624305,0,0,0,1],"scale":1.1507175,"type":"italy_rockface_boulder_1"}
{"ctxid":0,"pos":[637.139832,1399.94482,141.740143],"rotationMatrix":[-0.335591763,-0.942007542,0,0.942007542,-0.335591763,0,0,0,1],"scale":1.02599895,"type":"italy_rockface_boulder_1"}
{"ctxid":0,"pos":[635.596985,1392.99219,142.711563],"rotationMatrix":[-0.554142714,0.83242172,0,-0.83242172,-0.554142714,0,0,0,1],"scale":0.901565492,"type":"italy_rockface_boulder_1"}
{"ctxid":0,"pos":[632.275085,1392.78125,142.819],"rotationMatrix":[0.982346177,0.187072068,0,-0.187072068,0.982346177,0,0,0,1],"scale":0.821536481,"type":"italy_rockface_boulder_1"}
{"ctxid":0,"pos":[1101.5,1048.32629,158.5],"rotationMatrix":[0.998646498,-0.0388549082,0.0345755629,0.0388781503,0.999243975,0,-0.0345494226,0.00134423398,0.999402046],"scale":0.655786395,"type":"italy_rockface_boulder_1"}
{"ctxid":0,"pos":[1100,1050,158.602386],"rotationMatrix":[-0.933600545,0.358315557,0,-0.358315557,-0.933600545,0,0,0,1],"scale":0.987900376,"type":"italy_rockface_boulder_1"}
{"ctxid":0,"pos":[1111.95483,1048.68213,158.354294],"rotationMatrix":[-0.767522216,-0.641022325,0,0.641022325,-0.767522216,0,0,0,1],"scale":1.00821757,"type":"italy_rockface_boulder_1"}
{"ctxid":0,"pos":[1115.33472,1048.33252,158.490036],"rotationMatrix":[0.99351263,0.113721639,0,-0.113721639,0.99351263,0,0,0,1],"scale":1.09372699,"type":"italy_rockface_boulder_1"}
{"ctxid":0,"pos":[1212.21191,1035.47205,169.328674],"rotationMatrix":[-0.998672068,-0.0515184924,0,0.0515184924,-0.998672068,0,0,0,1],"scale":1.0100553,"type":"italy_rockface_boulder_1"}
{"ctxid":0,"pos":[1223.03259,1023.08429,171.296768],"rotationMatrix":[0.869930029,0.493175179,0,-0.493175179,0.869930029,0,0,0,1],"scale":1.13164747,"type":"italy_rockface_boulder_1"}
{"ctxid":0,"pos":[1222.13721,1017.13885,171.443512],"rotationMatrix":[0.884047866,-0.467396349,0,0.467396349,0.884047866,0,0,0,1],"scale":0.973914027,"type":"italy_rockface_boulder_1"}
{"ctxid":0,"pos":[1223.81421,1012.71161,171.415833],"rotationMatrix":[0.982017577,0.188789472,0,-0.188789472,0.982017577,0,0,0,1],"scale":1.19504309,"type":"italy_rockface_boulder_1"}
{"ctxid":0,"pos":[1188.83179,1021.65979,166.65448],"rotationMatrix":[-0.662158608,-0.74936372,0,0.74936372,-0.662158608,0,0,0,1],"scale":1.14568305,"type":"italy_rockface_boulder_1"}
{"ctxid":0,"pos":[232.965973,555.516113,177.989059],"rotationMatrix":[0.973567426,0.228399843,0,-0.228399843,0.973567426,0,0,0,1],"scale":0.873592436,"type":"italy_rockface_boulder_1"}
{"ctxid":0,"pos":[259.710571,565.231934,177.684036],"rotationMatrix":[-0.661729991,-0.749742448,0,0.749742448,-0.661729991,0,0,0,1],"scale":1.12643135,"type":"italy_rockface_boulder_1"}
{"ctxid":0,"pos":[244.817749,550.739014,176.73819],"rotationMatrix":[0.962055862,-0.270501971,-0.0357393287,0.266010165,0.958999038,-0.0977737606,0.0607219636,0.0845567584,0.99456656],"scale":0.998149753,"type":"italy_rockface_boulder_1"}
{"ctxid":0,"pos":[1100.2356,1128.61438,155.272125],"rotationMatrix":[0.991891742,0.127085671,0,-0.127085671,0.991891742,0,0,0,1],"scale":0.831949055,"type":"italy_rockface_boulder_1"}
{"ctxid":0,"pos":[1102.65808,1128.29443,155.424637],"rotationMatrix":[0.212212682,-0.977223516,0,0.977223516,0.212212682,0,0,0,1],"scale":0.967807829,"type":"italy_rockface_boulder_1"}
{"ctxid":0,"pos":[403.277344,-1302.11743,362.200134],"rotationMatrix":[0.947486877,-0.319794655,0,0.319794655,0.947486877,0,0,0,1],"scale":0.873667538,"type":"italy_rockface_boulder_1"}
{"ctxid":0,"pos":[389.541779,-1297.30725,360.923157],"rotationMatrix":[-0.740133286,-0.672460198,0,0.672460198,-0.740133286,0,0,0,1],"scale":1.06918979,"type":"italy_rockface_boulder_1"}
{"ctxid":0,"pos":[418.0672,-1261.67773,362.329315],"rotationMatrix":[-0.997398436,-0.0720858946,0,0.0720858946,-0.997398436,0,0,0,1],"scale":1.16556823,"type":"italy_rockface_boulder_1"}
{"ctxid":0,"pos":[426.415985,-1212.61365,356.291779],"rotationMatrix":[-0.874316633,0.485355943,0,-0.485355943,-0.874316633,0,0,0,1],"scale":0.870752633,"type":"italy_rockface_boulder_1"}
{"ctxid":0,"pos":[425.602814,-1210.99487,356.309113],"rotationMatrix":[0.697654963,-0.716433883,0,0.716433883,0.697654963,0,0,0,1],"scale":0.954519987,"type":"italy_rockface_boulder_1"}
{"ctxid":0,"pos":[427.502777,-1213.5957,356.650909],"rotationMatrix":[-0.990949869,-0.134232283,0,0.134232283,-0.990949869,0,0,0,1],"scale":1.01074684,"type":"italy_rockface_boulder_1"}
{"ctxid":0,"pos":[434.533234,-1213.91455,356.774475],"rotationMatrix":[-0.577976286,-0.816053569,0,0.816053569,-0.577976286,0,0,0,1],"scale":1.13778555,"type":"italy_rockface_boulder_1"}
{"ctxid":0,"pos":[424.848785,-1205.70105,356.866669],"rotationMatrix":[-0.00627660984,-0.99998033,0,0.99998033,-0.00627660984,0,0,0,1],"scale":1.12244844,"type":"italy_rockface_boulder_1"}
{"ctxid":0,"pos":[409.261902,-1227.38184,354.921051],"rotationMatrix":[-0.360753149,0.932661355,0,-0.932661355,-0.360753149,0,0,0,1],"scale":0.821169734,"type":"italy_rockface_boulder_1"}
{"ctxid":0,"pos":[407.757538,-1230.32031,354.620789],"rotationMatrix":[-0.973752856,0.22760804,0,-0.22760804,-0.973752856,0,0,0,1],"scale":0.864635468,"type":"italy_rockface_boulder_1"}
{"ctxid":0,"pos":[423.491058,-1249.09924,360.666595],"rotationMatrix":[-0.276523739,-0.961007118,0,0.961007118,-0.276523739,0,0,0,1],"scale":1.09537232,"type":"italy_rockface_boulder_1"}
{"ctxid":0,"pos":[428.167572,-1243.48877,360.075226],"rotationMatrix":[0.601700544,0.79872179,0,-0.79872179,0.601700544,0,0,0,1],"scale":0.884336114,"type":"italy_rockface_boulder_1"}
{"ctxid":0,"pos":[194.955582,-1229.95569,383.891602],"rotationMatrix":[-0.52121824,-0.853423417,0,0.853423417,-0.52121824,0,0,0,1],"scale":1.09275019,"type":"italy_rockface_boulder_1"}
{"ctxid":0,"pos":[228.741257,-1265.81384,377.323456],"rotationMatrix":[0.658441901,0.752631545,0,-0.752631545,0.658441901,0,0,0,1],"scale":1.00356412,"type":"italy_rockface_boulder_1"}
{"ctxid":0,"pos":[223.201202,-1303.03503,369.897888],"rotationMatrix":[0.554499507,0.832184076,0,-0.832184076,0.554499507,0,0,0,1],"scale":1.11889911,"type":"italy_rockface_boulder_1"}
{"ctxid":0,"pos":[220.721603,-1302.06702,370.975494],"rotationMatrix":[0.418061733,-0.908418596,0,0.908418596,0.418061733,0,0,0,1],"scale":0.828340352,"type":"italy_rockface_boulder_1"}
{"ctxid":0,"pos":[225.290024,-1330.06104,372.411957],"rotationMatrix":[-0.150514692,-0.988607764,0,0.988607764,-0.150514692,0,0,0,1],"scale":1.16384351,"type":"italy_rockface_boulder_1"}
{"ctxid":0,"pos":[228.757217,-1329.20471,370.857635],"rotationMatrix":[0.670314491,0.742077112,0,-0.742077112,0.670314491,0,0,0,1],"scale":1.06002724,"type":"italy_rockface_boulder_1"}
{"ctxid":0,"pos":[-1259.11646,-142.93222,359.922974],"rotationMatrix":[-0.91253686,-0.408994406,0,0.408994406,-0.91253686,0,0,0,1],"scale":1.03285193,"type":"italy_rockface_boulder_1"}
{"ctxid":0,"pos":[-1277.33374,-128.016571,360.384338],"rotationMatrix":[-0.850637972,0.525751829,0,-0.525751829,-0.850637972,0,0,0,1],"scale":0.952799678,"type":"italy_rockface_boulder_1"}
{"ctxid":0,"pos":[-1281.73657,-120.892975,359.715546],"rotationMatrix":[0.421463966,0.906845152,0,-0.906845152,0.421463966,0,0,0,1],"scale":0.901135743,"type":"italy_rockface_boulder_1"}
{"ctxid":0,"pos":[-1282.70776,-109.15699,358.211548],"rotationMatrix":[0.896611571,0.442817926,0,-0.442817926,0.896611571,0,0,0,1],"scale":0.884551346,"type":"italy_rockface_boulder_1"}
{"ctxid":0,"pos":[-1249.1991,-143.555527,357.31427],"rotationMatrix":[0.925089836,0.379748374,0,-0.379748374,0.925089836,0,0,0,1],"scale":0.934166551,"type":"italy_rockface_boulder_1"}
{"ctxid":0,"pos":[-1245.62219,-147.287338,358.1008],"rotationMatrix":[0.449621201,-0.893219352,0,0.893219352,0.449621201,0,0,0,1],"scale":1.03390288,"type":"italy_rockface_boulder_1"}
{"ctxid":0,"pos":[340.028046,-1249.82935,334.6026],"rotationMatrix":[0.36449796,0.9312042,0,-0.9312042,0.36449796,0,0,0,1],"scale":0.947005749,"type":"italy_rockface_boulder_1"}
{"ctxid":0,"pos":[338.098022,-1253.7793,334.636444],"rotationMatrix":[-0.979140937,-0.203182295,0,0.203182295,-0.979140937,0,0,0,1],"scale":1.11179221,"type":"italy_rockface_boulder_1"}
{"ctxid":0,"pos":[340.613037,-1252.34766,336.613373],"rotationMatrix":[-0.789308548,0.613996744,0,-0.613996744,-0.789308548,0,0,0,1],"scale":1.11913204,"type":"italy_rockface_boulder_1"}
{"ctxid":0,"pos":[341.142853,-1254.41443,338.135925],"rotationMatrix":[0.979163587,-0.203073099,0,0.203073099,0.979163587,0,0,0,1],"scale":1.06649911,"type":"italy_rockface_boulder_1"}
{"ctxid":0,"pos":[342.019745,-1251.77039,337.507446],"rotationMatrix":[-0.230218753,-0.973138928,0,0.973138928,-0.230218753,0,0,0,1],"scale":0.830068052,"type":"italy_rockface_boulder_1"}
{"ctxid":0,"pos":[343.523346,-1252.88818,339.63269],"rotationMatrix":[-0.463649035,-0.886018932,0,0.886018932,-0.463649035,0,0,0,1],"scale":0.999252558,"type":"italy_rockface_boulder_1"}
{"ctxid":0,"pos":[348.493286,-1241.8335,337.380707],"rotationMatrix":[0.58556354,-0.126737028,0.800657809,0.211538076,0.977369785,0,-0.782538891,0.169369578,0.599121571],"scale":1.05020249,"type":"italy_rockface_boulder_1"}
{"ctxid":0,"pos":[354.931763,-1222.55994,336.615723],"rotationMatrix":[-0.081245698,-0.996694088,0,0.996694088,-0.081245698,0,0,0,1],"scale":0.946736455,"type":"italy_rockface_boulder_1"}
{"ctxid":0,"pos":[352.592712,-1223.78809,335.472504],"rotationMatrix":[0.186399564,0.982474029,0,-0.982474029,0.186399564,0,0,0,1],"scale":0.849038064,"type":"italy_rockface_boulder_1"}
{"ctxid":0,"pos":[351.614258,-1228.29712,335.129272],"rotationMatrix":[0.174468011,0.984662831,0,-0.984662831,0.174468011,0,0,0,1],"scale":1.12476516,"type":"italy_rockface_boulder_1"}
{"ctxid":0,"pos":[-857.701782,-1034.22083,470.215912],"rotationMatrix":[0.775715113,0.63108325,0,-0.63108325,0.775715113,0,0,0,1],"scale":1.19685626,"type":"italy_rockface_boulder_1"}
{"ctxid":0,"pos":[-1510.72815,-1425.22241,312.012024],"rotationMatrix":[-0.0612786561,-0.221528888,0.973226428,0.963805854,-0.266605198,0,0.259467334,0.938001633,0.229847804],"scale":1.16191435,"type":"italy_rockface_boulder_1"}
{"ctxid":0,"pos":[-1561.39771,-1458.69873,308.164764],"rotationMatrix":[0.865700424,0.500562489,0,-0.500562489,0.865700424,0,0,0,1],"scale":1.12954366,"type":"italy_rockface_boulder_1"}
{"ctxid":0,"pos":[-1590.39087,-1468.69128,311.385254],"rotationMatrix":[-0.996867418,0.0790904835,0,-0.0790904835,-0.996867418,0,0,0,1],"scale":0.883154869,"type":"italy_rockface_boulder_1"}
{"ctxid":0,"pos":[-1592.0835,-1470.05591,310.850189],"rotationMatrix":[-0.901376188,-0.433036864,0,0.433036864,-0.901376188,0,0,0,1],"scale":0.92120105,"type":"italy_rockface_boulder_1"}
{"ctxid":0,"pos":[-1573.83655,-1442.89429,316.423676],"rotationMatrix":[-0.319257587,-0.947667956,0,0.947667956,-0.319257587,0,0,0,1],"scale":1.15354002,"type":"italy_rockface_boulder_1"}
{"ctxid":0,"pos":[-1575.5365,-1445.8645,316.364044],"rotationMatrix":[-0.468267918,0.883586526,0,-0.883586526,-0.468267918,0,0,0,1],"scale":1.03997266,"type":"italy_rockface_boulder_1"}
{"ctxid":0,"pos":[-1568.32886,-1460.54248,310.684082],"rotationMatrix":[-0.970433891,0.241367012,0,-0.241367012,-0.970433891,0,0,0,1],"scale":1.07172668,"type":"italy_rockface_boulder_1"}
{"ctxid":0,"pos":[-1565.02319,-1484.12805,304.8125],"rotationMatrix":[0.913288772,0.407312721,0,-0.407312721,0.913288772,0,0,0,1],"scale":0.963833153,"type":"italy_rockface_boulder_1"}
{"ctxid":0,"pos":[-722.641968,-897.456787,455.910461],"rotationMatrix":[-0.624780178,0.7808007,0,-0.7808007,-0.624780178,0,0,0,1],"scale":1.08059931,"type":"italy_rockface_boulder_1"}
{"ctxid":0,"pos":[-727.307007,-890.12262,461.249115],"rotationMatrix":[-0.941346824,-0.318111777,-0.112566024,0.33744067,-0.887425661,-0.314021468,-5.21540642e-08,-0.333587468,0.942719162],"scale":0.806836486,"type":"italy_rockface_boulder_1"}
{"ctxid":0,"pos":[-816.97052,-1384.64941,138.142944],"rotationMatrix":[-0.186885327,0.982381761,0,-0.982381761,-0.186885327,0,0,0,1],"scale":1.02341318,"type":"italy_rockface_boulder_1"}
{"ctxid":0,"pos":[-818.569641,-1427.75146,138.636139],"rotationMatrix":[-0.898767233,0.438426137,0,-0.438426137,-0.898767233,0,0,0,1],"scale":0.889652193,"type":"italy_rockface_boulder_1"}
{"ctxid":0,"pos":[-782.746765,-1503.14783,142.626297],"rotationMatrix":[0.274852395,0.961486459,0,-0.961486459,0.274852395,0,0,0,1],"scale":0.885873616,"type":"italy_rockface_boulder_1"}
{"ctxid":0,"pos":[-784.985901,-1504.92896,143.574402],"rotationMatrix":[-0.45642826,-0.889760196,0,0.889760196,-0.45642826,0,0,0,1],"scale":1.19682801,"type":"italy_rockface_boulder_1"}
{"ctxid":0,"pos":[-859.562866,-1399.02783,143.715469],"rotationMatrix":[0.164913595,0.986308038,0,-0.986308038,0.164913595,0,0,0,1],"scale":0.825395048,"type":"italy_rockface_boulder_1"}
{"ctxid":0,"pos":[-859.117065,-1396.0564,142.897217],"rotationMatrix":[-0.893169403,-0.449720412,0,0.449720412,-0.893169403,0,0,0,1],"scale":0.808898687,"type":"italy_rockface_boulder_1"}
{"ctxid":0,"pos":[-818.445923,-1328.57275,144.306427],"rotationMatrix":[-0.512219369,0.858854651,0,-0.858854651,-0.512219369,0,0,0,1],"scale":1.13302314,"type":"italy_rockface_boulder_1"}
{"ctxid":0,"pos":[-832.207031,-1342.09363,143.040512],"rotationMatrix":[0.0851333886,0.996369541,0,-0.996369541,0.0851333886,0,0,0,1],"scale":0.999609351,"type":"italy_rockface_boulder_1"}
{"ctxid":0,"pos":[1011.8866,838.324707,179.928528],"rotationMatrix":[-0.113193087,0.99357301,0,-0.99357301,-0.113193087,0,0,0,1],"scale":0.993250847,"type":"italy_rockface_boulder_1"}
{"ctxid":0,"pos":[1072.47107,844.619812,179.853302],"rotationMatrix":[-0.383977503,0.923342466,0,-0.923342466,-0.383977503,0,0,0,1],"scale":1.05543911,"type":"italy_rockface_boulder_1"}
{"ctxid":0,"pos":[1076.01575,844.267883,180.08786],"rotationMatrix":[-0.08774212,-0.996143937,0,0.996143937,-0.08774212,0,0,0,1],"scale":1.09219837,"type":"italy_rockface_boulder_1"}
{"ctxid":0,"pos":[-927.832947,284.421387,254.802261],"rotationMatrix":[0.393654287,0.919258535,0,-0.919258535,0.393654287,0,0,0,1],"scale":0.813896239,"type":"italy_rockface_boulder_1"}
{"ctxid":0,"pos":[-839.481384,425.25354,257.894012],"rotationMatrix":[0.795042634,0.606553555,0,-0.606553555,0.795042634,0,0,0,1],"scale":0.721325874,"type":"italy_rockface_boulder_1"}
{"ctxid":0,"pos":[328.122711,-183.138794,184.710419],"rotationMatrix":[0.0447395779,0.998998702,0,-0.998998702,0.0447395779,0,0,0,1],"scale":1.05219007,"type":"italy_rockface_boulder_1"}
{"ctxid":0,"pos":[323.674377,-180.153244,185.588242],"rotationMatrix":[-0.880056143,0.474869639,0,-0.474869639,-0.880056143,0,0,0,1],"scale":0.881806076,"type":"italy_rockface_boulder_1"}
{"ctxid":0,"pos":[315.91391,-175.208878,185.57045],"rotationMatrix":[0.858491838,0.512827277,0,-0.512827277,0.858491838,0,0,0,1],"scale":1.08522058,"type":"italy_rockface_boulder_1"}
{"ctxid":0,"pos":[309.145203,-170.528427,185.651718],"rotationMatrix":[-0.00182537537,-0.999998331,0,0.999998331,-0.00182537537,0,0,0,1],"scale":0.824417531,"type":"italy_rockface_boulder_1"}
{"ctxid":0,"pos":[414.395264,-62.6592598,184.396683],"rotationMatrix":[0.126649827,-0.991947472,0,0.991947472,0.126649827,0,0,0,1],"scale":0.959050536,"type":"italy_rockface_boulder_1"}
{"ctxid":0,"pos":[406.239624,-59.0103874,184.624527],"rotationMatrix":[-0.962230682,-0.272235483,0,0.272235483,-0.962230682,0,0,0,1],"scale":0.934200048,"type":"italy_rockface_boulder_1"}
{"ctxid":0,"pos":[381.595581,-43.9740295,185.174225],"rotationMatrix":[0.588067412,0.808811903,0,-0.808811903,0.588067412,0,0,0,1],"scale":0.842309713,"type":"italy_rockface_boulder_1"}
{"ctxid":0,"pos":[598.993591,216.7146,177.440887],"rotationMatrix":[-0.107110076,-0.994247198,0,0.994247198,-0.107110076,0,0,0,1],"scale":0.960855961,"type":"italy_rockface_boulder_1"}
{"ctxid":0,"pos":[582.241089,277.793915,176.248505],"rotationMatrix":[-0.984804273,-0.173668012,0,0.173668012,-0.984804273,0,0,0,1],"scale":0.957329154,"type":"italy_rockface_boulder_1"}
{"ctxid":0,"pos":[573.388123,299.452667,172.643417],"rotationMatrix":[-0.362515837,0.93197763,0,-0.93197763,-0.362515837,0,0,0,1],"scale":0.833177447,"type":"italy_rockface_boulder_1"}
{"ctxid":0,"pos":[606.918457,185.100021,177.666809],"rotationMatrix":[0.924586892,0.380971253,0,-0.380971253,0.924586892,0,0,0,1],"scale":0.812041223,"type":"italy_rockface_boulder_1"}
{"ctxid":0,"pos":[686.307434,240.871704,176.585037],"rotationMatrix":[0.0934189931,-0.995626867,0,0.995626867,0.0934189931,0,0,0,1],"scale":1.1152519,"type":"italy_rockface_boulder_1"}
{"ctxid":0,"pos":[693.122864,249.475021,175.710449],"rotationMatrix":[0.935657859,-0.352908432,0,0.352908432,0.935657859,0,0,0,1],"scale":0.888963103,"type":"italy_rockface_boulder_1"}
{"ctxid":0,"pos":[797.973145,-581.942627,185.907578],"rotationMatrix":[-0.158004522,0.987438381,0,-0.987438381,-0.158004522,0,0,0,1],"scale":1.12839627,"type":"italy_rockface_boulder_1"}
{"ctxid":0,"pos":[811.119019,-588.17334,185.083679],"rotationMatrix":[-0.442768037,0.896636188,0,-0.896636188,-0.442768037,0,0,0,1],"scale":0.877292812,"type":"italy_rockface_boulder_1"}
{"ctxid":0,"pos":[806.212708,-572.076355,185.761673],"rotationMatrix":[0.99874115,0.0501611084,0,-0.0501611084,0.99874115,0,0,0,1],"scale":0.734673858,"type":"italy_rockface_boulder_1"}
{"ctxid":0,"pos":[810.206421,-572.521912,185.440811],"rotationMatrix":[0.229106367,-0.973401308,0,0.973401308,0.229106367,0,0,0,1],"scale":0.997302294,"type":"italy_rockface_boulder_1"}
{"ctxid":0,"pos":[868.456848,-627.217896,177.524307],"rotationMatrix":[-0.496560365,-0.868002176,0,0.868002176,-0.496560365,0,0,0,1],"scale":0.972428024,"type":"italy_rockface_boulder_1"}
{"ctxid":0,"pos":[419.647888,687.674561,160.893799],"rotationMatrix":[-0.619722307,0.784821153,0,-0.784821153,-0.619722307,0,0,0,1],"scale":1.10737097,"type":"italy_rockface_boulder_1"}
{"ctxid":0,"pos":[432.358551,687.941589,160.784164],"rotationMatrix":[0.844353676,-0.535786211,0,0.535786211,0.844353676,0,0,0,1],"scale":1.13087475,"type":"italy_rockface_boulder_1"}
{"ctxid":0,"pos":[402.534882,675.302856,160.798004],"rotationMatrix":[-0.995510817,0.0946477056,0,-0.0946477056,-0.995510817,0,0,0,1],"scale":0.881604791,"type":"italy_rockface_boulder_1"}
{"ctxid":0,"pos":[403.96405,671.388,161.752213],"rotationMatrix":[0.594089806,-0.804398715,0,0.804398715,0.594089806,0,0,0,1],"scale":0.897642136,"type":"italy_rockface_boulder_1"}
{"ctxid":0,"pos":[397.993134,676.088562,160.626999],"rotationMatrix":[-0.991926372,0.126814902,0,-0.126814902,-0.991926372,0,0,0,1],"scale":1.07131135,"type":"italy_rockface_boulder_1"}
{"ctxid":0,"pos":[409.878326,678.733826,159.015442],"rotationMatrix":[0.94087851,0.220934615,-0.256780356,-0.338744998,0.613655031,-0.713217676,2.0428719e-07,0.758033514,0.652215362],"scale":1.19033861,"type":"italy_rockface_boulder_1"}
{"ctxid":0,"pos":[417.694611,638.38855,166.598495],"rotationMatrix":[-0.886199415,0.463303953,0,-0.463303953,-0.886199415,0,0,0,1],"scale":0.954722762,"type":"italy_rockface_boulder_1"}
{"ctxid":0,"pos":[409.854645,646.281677,165.863708],"rotationMatrix":[0.831680894,0.555253863,0,-0.555253863,0.831680894,0,0,0,1],"scale":1.03909397,"type":"italy_rockface_boulder_1"}
{"ctxid":0,"pos":[428.427307,628.279236,167.776215],"rotationMatrix":[0.884123445,-0.467253357,0,0.467253357,0.884123445,0,0,0,1],"scale":0.875495017,"type":"italy_rockface_boulder_1"}
{"ctxid":0,"pos":[416.486298,652.430664,163.539688],"rotationMatrix":[0.720965922,-0.692970514,0,0.692970514,0.720965922,0,0,0,1],"scale":1.15480232,"type":"italy_rockface_boulder_1"}
{"ctxid":0,"pos":[1880.86902,-1323.03699,159.159149],"rotationMatrix":[-0.0499218963,-0.99875313,0,0.99875313,-0.0499218963,0,0,0,1],"scale":1.05113089,"type":"italy_rockface_boulder_1"}
{"ctxid":0,"pos":[1878.88818,-1323.63196,158.231964],"rotationMatrix":[-0.998848855,-0.0479677692,0,0.0479677692,-0.998848855,0,0,0,1],"scale":1.07816291,"type":"italy_rockface_boulder_1"}
{"ctxid":0,"pos":[1885.17688,-1333.55652,161.872345],"rotationMatrix":[0.67144531,0.741054118,0,-0.741054118,0.67144531,0,0,0,1],"scale":1.10863578,"type":"italy_rockface_boulder_1"}
{"ctxid":0,"pos":[1888.71375,-1348.15869,161.899216],"rotationMatrix":[0.989776552,0.142626822,0,-0.142626822,0.989776552,0,0,0,1],"scale":1.03889585,"type":"italy_rockface_boulder_1"}
{"ctxid":0,"pos":[1888.81042,-1353.3949,162.432617],"rotationMatrix":[0.530610502,-0.847615778,0,0.847615778,0.530610502,0,0,0,1],"scale":1.05418301,"type":"italy_rockface_boulder_1"}
{"ctxid":0,"pos":[1886.625,-1332.68323,162.177826],"rotationMatrix":[-0.652794003,-0.757535458,0,0.757535458,-0.652794003,0,0,0,1],"scale":0.853184104,"type":"italy_rockface_boulder_1"}
{"ctxid":0,"pos":[1889.38159,-1302.75085,155.414062],"rotationMatrix":[0.408971876,0.912546992,0,-0.912546992,0.408971876,0,0,0,1],"scale":0.989607811,"type":"italy_rockface_boulder_1"}
{"ctxid":0,"pos":[1799.08997,-1433.89673,156.954468],"rotationMatrix":[0.984027386,0.178017214,0,-0.178017214,0.984027386,0,0,0,1],"scale":0.987079024,"type":"italy_rockface_boulder_1"}
{"ctxid":0,"pos":[1802.51733,-1423.18384,156.816635],"rotationMatrix":[0.856220067,0.516611278,0,-0.516611278,0.856220067,0,0,0,1],"scale":1.09050882,"type":"italy_rockface_boulder_1"}
{"ctxid":0,"pos":[1823.24023,-1412.36487,157.217804],"rotationMatrix":[0.853706241,-0.145551383,-0.49999994,-0.168068349,-0.985775352,0,-0.492887855,0.0840341747,-0.866024971],"scale":1.04613161,"type":"italy_rockface_boulder_1"}
{"ctxid":0,"pos":[1824.57483,-1410.08728,157.53212],"rotationMatrix":[-0.872524381,-0.488570601,0,0.126451045,-0.225825384,-0.965925455,0.471922964,-0.842793584,0.258818388],"scale":1.05984998,"type":"italy_rockface_boulder_1"}
{"ctxid":0,"pos":[1823.60742,-1415.53577,157.793228],"rotationMatrix":[-0.640012085,-0.768364847,0,0.768364847,-0.640012085,0,0,0,1],"scale":0.997853756,"type":"italy_rockface_boulder_1"}
{"ctxid":0,"pos":[262.221771,-131.093094,181.145157],"rotationMatrix":[-0.398338407,-0.917238533,0,0.917238533,-0.398338407,0,0,0,1],"scale":0.90505302,"type":"italy_rockface_boulder_1"}
{"ctxid":0,"pos":[257.843964,-169.511841,181.747955],"rotationMatrix":[-0.681954443,0.731394649,0,-0.731394649,-0.681954443,0,0,0,1],"scale":1.01564789,"type":"italy_rockface_boulder_1"}
{"ctxid":0,"pos":[245.521851,-166.458206,181.405029],"rotationMatrix":[-0.163003817,0.986625433,0,-0.986625433,-0.163003817,0,0,0,1],"scale":1.08900177,"type":"italy_rockface_boulder_1"}
{"ctxid":0,"pos":[309.650818,-47.9721069,182.340561],"rotationMatrix":[-0.826363802,-0.563136637,0,0.563136637,-0.826363802,0,0,0,1],"scale":0.917777777,"type":"italy_rockface_boulder_1"}
{"ctxid":0,"pos":[307.72464,-50.7940941,182.173355],"rotationMatrix":[-0.308919609,0.95108813,0,-0.95108813,-0.308919609,0,0,0,1],"scale":0.896702409,"type":"italy_rockface_boulder_1"}
{"ctxid":0,"pos":[310.576904,-51.0107727,181.921692],"rotationMatrix":[-0.668934882,0.743321002,0,-0.743321002,-0.668934882,0,0,0,1],"scale":0.813079298,"type":"italy_rockface_boulder_1"}
{"ctxid":0,"pos":[315.466736,-48.8754997,181.306137],"rotationMatrix":[-0.15197812,-0.98838383,0,0.98838383,-0.15197812,0,0,0,1],"scale":0.867848575,"type":"italy_rockface_boulder_1"}
{"ctxid":0,"pos":[325.253052,-57.3785439,182.432678],"rotationMatrix":[-0.993996501,0.10941191,0,-0.10941191,-0.993996501,0,0,0,1],"scale":0.882301748,"type":"italy_rockface_boulder_1"}
{"ctxid":0,"pos":[303.87915,-66.0762939,181.161652],"rotationMatrix":[-0.785939813,0.618303061,0,-0.618303061,-0.785939813,0,0,0,1],"scale":1.03985703,"type":"italy_rockface_boulder_1"}
{"ctxid":0,"pos":[206.766495,691.085388,159.331833],"rotationMatrix":[0.814398944,-0.580305398,0,0.580305398,0.814398944,0,0,0,1],"scale":0.884320498,"type":"italy_rockface_boulder_1"}
{"ctxid":0,"pos":[206.261856,687.456665,158.951569],"rotationMatrix":[0.617096603,-0.786887407,0,0.786887407,0.617096603,0,0,0,1],"scale":1.16473877,"type":"italy_rockface_boulder_1"}
{"ctxid":0,"pos":[208.901688,686.735474,159.335358],"rotationMatrix":[-0.719981074,0.693993688,0,-0.693993688,-0.719981074,0,0,0,1],"scale":1.11776865,"type":"italy_rockface_boulder_1"}
{"ctxid":0,"pos":[210.116257,682.455322,160.154861],"rotationMatrix":[-0.279568583,0.960125744,0,-0.960125744,-0.279568583,0,0,0,1],"scale":1.17439651,"type":"italy_rockface_boulder_1"}
{"ctxid":0,"pos":[214.435974,683.859985,160.016251],"rotationMatrix":[-0.541321158,-0.840815902,0,0.840815902,-0.541321158,0,0,0,1],"scale":0.892344058,"type":"italy_rockface_boulder_1"}
{"ctxid":0,"pos":[206.452087,697.858459,160.306793],"rotationMatrix":[-0.906887293,-0.421373308,0,0.421373308,-0.906887293,0,0,0,1],"scale":0.828675449,"type":"italy_rockface_boulder_1"}
{"ctxid":0,"pos":[190.079865,696.140564,165.728073],"rotationMatrix":[-0.363617092,-0.931548476,0,0.931548476,-0.363617092,0,0,0,1],"scale":0.830207646,"type":"italy_rockface_boulder_1"}
{"ctxid":0,"pos":[457.621002,859.096313,148.379013],"rotationMatrix":[0.279689014,0.960090637,0,-0.960090637,0.279689014,0,0,0,1],"scale":1.07384121,"type":"italy_rockface_boulder_1"}
{"ctxid":0,"pos":[469.20636,861.907227,148.926804],"rotationMatrix":[0.902654648,-0.430365622,0,0.430365622,0.902654648,0,0,0,1],"scale":0.908858955,"type":"italy_rockface_boulder_1"}
{"ctxid":0,"pos":[466.544434,860.698425,148.576965],"rotationMatrix":[0.949412286,0.314032406,0,-0.314032406,0.949412286,0,0,0,1],"scale":1.16923797,"type":"italy_rockface_boulder_1"}
{"ctxid":0,"pos":[455.710419,854.6828,150.660721],"rotationMatrix":[0.870254338,0.492602646,0,-0.492602646,0.870254338,0,0,0,1],"scale":1.01186788,"type":"italy_rockface_boulder_1"}
{"ctxid":0,"pos":[451.569397,852.930176,152.872177],"rotationMatrix":[-0.174433649,-0.984668911,0,0.984668911,-0.174433649,0,0,0,1],"scale":0.948035598,"type":"italy_rockface_boulder_1"}
{"ctxid":0,"pos":[-295.114807,-1366.96228,260.750031],"rotationMatrix":[-0.525710166,0.850663722,0,-0.850663722,-0.525710166,0,0,0,1],"scale":0.869379282,"type":"italy_rockface_boulder_1"}
{"ctxid":0,"pos":[-297.065125,-1358.0575,260.062042],"rotationMatrix":[-0.447307348,-0.894380331,0,0.894380331,-0.447307348,0,0,0,1],"scale":1.0856173,"type":"italy_rockface_boulder_1"}
{"ctxid":0,"pos":[-294.851532,-1368.80823,260.737457],"rotationMatrix":[-0.0855951607,0.996330023,0,0.604546607,0.0519368723,0.794874728,0.791957617,0.0680374205,-0.606773555],"scale":0.578744888,"type":"italy_rockface_boulder_1"}
{"ctxid":0,"pos":[-303.839569,-1153.49792,296.434479],"rotationMatrix":[-0.978724062,0.205181032,0,-0.205181032,-0.978724062,0,0,0,1],"scale":1.064744,"type":"italy_rockface_boulder_1"}
{"ctxid":0,"pos":[-309.099609,-1148.95264,297.025879],"rotationMatrix":[-0.627399921,-0.778697193,0,0.778697193,-0.627399921,0,0,0,1],"scale":1.08757043,"type":"italy_rockface_boulder_1"}
{"ctxid":0,"pos":[813.299988,-1272.48425,288.530426],"rotationMatrix":[-0.0480493419,-0.998844981,0,0.998844981,-0.0480493419,0,0,0,1],"scale":1.09758687,"type":"italy_rockface_boulder_1"}
{"ctxid":0,"pos":[796.656555,-1280.4165,289.752594],"rotationMatrix":[0.447597623,0.894235075,0,-0.894235075,0.447597623,0,0,0,1],"scale":0.980024755,"type":"italy_rockface_boulder_1"}
{"ctxid":0,"pos":[1239.57715,-356.570648,140.035965],"rotationMatrix":[0.919457972,-0.393188328,0,0.393188328,0.919457972,0,0,0,1],"scale":0.845972717,"type":"italy_rockface_boulder_1"}
{"ctxid":0,"pos":[1237.35852,-359.737671,140.125824],"rotationMatrix":[0.997162521,0.0752788261,0,-0.0752788261,0.997162521,0,0,0,1],"scale":1.13780606,"type":"italy_rockface_boulder_1"}
{"ctxid":0,"pos":[1219.07373,-831.362427,145.149002],"rotationMatrix":[-0.490648836,-0.871357381,0,0.871357381,-0.490648836,0,0,0,1],"scale":1.15030921,"type":"italy_rockface_boulder_1"}
{"ctxid":0,"pos":[1188.19238,-815.137634,146.127716],"rotationMatrix":[0.999619782,-0.0275742915,0,0.0275742915,0.999619782,0,0,0,1],"scale":0.901247084,"type":"italy_rockface_boulder_1"}
{"ctxid":0,"pos":[1266.40112,-835.64502,143.654755],"rotationMatrix":[0.356909901,0.934138834,0,-0.934138834,0.356909901,0,0,0,1],"scale":0.901665866,"type":"italy_rockface_boulder_1"}
{"ctxid":0,"pos":[1296.54651,-858.47699,144.452591],"rotationMatrix":[0.193638369,-0.981072962,0,0.981072962,0.193638369,0,0,0,1],"scale":1.00539458,"type":"italy_rockface_boulder_1"}
{"ctxid":0,"pos":[1305.09302,-848.557617,143.378815],"rotationMatrix":[-0.323390126,0.946265757,0,-0.946265757,-0.323390126,0,0,0,1],"scale":0.81330514,"type":"italy_rockface_boulder_1"}
{"ctxid":0,"pos":[1296.36584,-854.523926,144.255066],"rotationMatrix":[0.885940015,-0.463799864,0,0.463799864,0.885940015,0,0,0,1],"scale":1.0782764,"type":"italy_rockface_boulder_1"}
{"ctxid":0,"pos":[1150.13403,-378.682556,144.133179],"rotationMatrix":[0.400730878,0.91619581,0,-0.91619581,0.400730878,0,0,0,1],"scale":0.969935656,"type":"italy_rockface_boulder_1"}
{"ctxid":0,"pos":[1152.573,-374.56543,144.267212],"rotationMatrix":[-0.192130998,0.981369317,0,-0.981369317,-0.192130998,0,0,0,1],"scale":0.888409972,"type":"italy_rockface_boulder_1"}
{"ctxid":0,"pos":[1176.14294,-377.22522,139.394577],"rotationMatrix":[0.0950596631,0.995471597,0,-0.995471597,0.0950596631,0,0,0,1],"scale":1.19533348,"type":"italy_rockface_boulder_1"}
{"ctxid":0,"pos":[-893.451294,-358.613098,274.671936],"rotationMatrix":[-0.286975533,0.957937896,0,-0.957937896,-0.286975533,0,0,0,1],"scale":0.960119486,"type":"italy_rockface_boulder_1"}
{"ctxid":0,"pos":[-873.656189,-366.949432,274.024811],"rotationMatrix":[0.38508451,-0.922881305,0,0.922881305,0.38508451,0,0,0,1],"scale":1.08465421,"type":"italy_rockface_boulder_1"}
{"ctxid":0,"pos":[-669.840576,-289.364563,274.800049],"rotationMatrix":[-0.217782944,-0.97599721,0,0.97599721,-0.217782944,0,0,0,1],"scale":0.925294161,"type":"italy_rockface_boulder_1"}
{"ctxid":0,"pos":[-670.904968,-291.753113,276.104645],"rotationMatrix":[-0.813902974,-0.581000865,0,0.581000865,-0.813902974,0,0,0,1],"scale":0.811833262,"type":"italy_rockface_boulder_1"}
{"ctxid":0,"pos":[-650.846375,-283.768646,275.094788],"rotationMatrix":[-0.955787718,0.294057608,0,-0.294057608,-0.955787718,0,0,0,1],"scale":0.973752022,"type":"italy_rockface_boulder_1"}
{"ctxid":0,"pos":[-622.626343,-292.453552,275.07431],"rotationMatrix":[-0.760078132,0.649831712,0,-0.649831712,-0.760078132,0,0,0,1],"scale":1.04419351,"type":"italy_rockface_boulder_1"}
