{"ctxid":0,"pos":[-15,-273.5,189.5],"rotationMatrix":[1.93119049e-05,-1,0,1,1.93119049e-05,0,0,0,1],"scale":1,"type":"italy_wall_stone_bricktop"}
{"ctxid":0,"pos":[-15,-276.5,189.5],"rotationMatrix":[1.93119049e-05,-1,0,1,1.93119049e-05,0,0,0,1],"scale":1,"type":"italy_wall_stone_bricktop"}
{"ctxid":0,"pos":[-15,-279.5,189.5],"rotationMatrix":[1.93119049e-05,-1,0,1,1.93119049e-05,0,0,0,1],"scale":1,"type":"italy_wall_stone_bricktop"}
{"ctxid":0,"pos":[-10.5,-277.5,189.5],"rotationMatrix":[1,0,0,0,1,0,0,0,1],"scale":1,"type":"italy_wall_stone_bricktop"}
{"ctxid":0,"pos":[-7.5,-277.5,189.5],"rotationMatrix":[1,0,0,0,1,0,0,0,1],"scale":1,"type":"italy_wall_stone_bricktop"}
{"ctxid":0,"pos":[-13.5,-277.5,189.5],"rotationMatrix":[1,0,0,0,1,0,0,0,1],"scale":1,"type":"italy_wall_stone_bricktop"}
{"ctxid":0,"pos":[-2.5,-313,189.737],"rotationMatrix":[1.93119049e-05,-1,0,1,1.93119049e-05,0,0,0,1],"scale":1,"type":"italy_wall_stone_bricktop"}
{"ctxid":0,"pos":[-2.5,-316,189.729004],"rotationMatrix":[1.93119049e-05,-1,0,1,1.93119049e-05,0,0,0,1],"scale":1,"type":"italy_wall_stone_bricktop"}
{"ctxid":0,"pos":[-2.5,-319,189.731003],"rotationMatrix":[1.93119049e-05,-1,0,1,1.93119049e-05,0,0,0,1],"scale":1,"type":"italy_wall_stone_bricktop"}
{"ctxid":0,"pos":[-2.5,-310,189.737],"rotationMatrix":[1.93119049e-05,-1,0,1,1.93119049e-05,0,0,0,1],"scale":1,"type":"italy_wall_stone_bricktop"}
{"ctxid":0,"pos":[-2.5,-307,189.731995],"rotationMatrix":[1.93119049e-05,-1,0,1,1.93119049e-05,0,0,0,1],"scale":1,"type":"italy_wall_stone_bricktop"}
{"ctxid":0,"pos":[6177.3999,-2.65919995,0],"rotationMatrix":[-1,0,0,0,-1,0,0,0,1],"scale":1,"type":"italy_wall_stone_bricktop"}
{"ctxid":0,"pos":[1383.51001,-124.101997,173.671997],"rotationMatrix":[0.0221233368,-0.999527156,-0.0213549379,0.999755204,0.022126317,9.67417873e-05,0.000375810079,-0.0213518497,0.999771953],"scale":1,"type":"italy_wall_stone_bricktop"}
{"ctxid":0,"pos":[1383.42004,-121.165001,173.742004],"rotationMatrix":[0.0368251801,-0.998975337,-0.0263104867,0.999321163,0.036839962,-7.71613268e-05,0.00104635966,-0.0262897853,0.999653816],"scale":1,"type":"italy_wall_stone_bricktop"}
{"ctxid":0,"pos":[1383.30005,-118.227997,173.826004],"rotationMatrix":[0.0516755581,-0.998169959,-0.0314059108,0.998662531,0.051702261,-3.82238541e-05,0.00166191056,-0.0313619338,0.999506712],"scale":1,"type":"italy_wall_stone_bricktop"}
{"ctxid":0,"pos":[1383.12,-115.293999,173.927002],"rotationMatrix":[0.0658376217,-0.997146845,-0.0369259343,0.997827232,0.0658845901,-5.52469137e-05,0.00248793932,-0.0368420631,0.999318004],"scale":1,"type":"italy_wall_stone_bricktop"}
{"ctxid":0,"pos":[1382.91003,-112.364998,174.044006],"rotationMatrix":[0.0785109997,-0.995996892,-0.042733673,0.996907532,0.0785834789,-1.62716988e-05,0.00337436725,-0.0426002443,0.999086499],"scale":1,"type":"italy_wall_stone_bricktop"}
{"ctxid":0,"pos":[1382.66003,-109.439003,174.177994],"rotationMatrix":[0.0889260769,-0.994868577,-0.0482566729,0.996029079,0.0890283585,2.99442272e-05,0.00426642178,-0.048067715,0.998834968],"scale":1,"type":"italy_wall_stone_bricktop"}
{"ctxid":0,"pos":[1382.39001,-106.515999,174.326996],"rotationMatrix":[0.0952413082,-0.994022787,-0.0533644781,0.995440483,0.0953845978,-0.000138872434,0.00522819161,-0.0531079359,0.998575091],"scale":1,"type":"italy_wall_stone_bricktop"}
{"ctxid":0,"pos":[1382.10999,-103.594002,174.490997],"rotationMatrix":[0.0967222452,-0.99363482,-0.0577459782,0.995295525,0.0968854427,-2.65450344e-05,0.0056211208,-0.0574717484,0.998331308],"scale":1,"type":"italy_wall_stone_bricktop"}
{"ctxid":0,"pos":[1381.82996,-100.669998,174.666],"rotationMatrix":[0.0920433998,-0.993876874,-0.0611294769,0.995738983,0.0922162533,-6.48533205e-06,0.00564357731,-0.0608684085,0.998129845],"scale":1,"type":"italy_wall_stone_bricktop"}
{"ctxid":0,"pos":[1381.56995,-97.7451019,174.848999],"rotationMatrix":[0.0800979137,-0.99478811,-0.063094832,0.996774077,0.0802583694,-8.64654885e-06,0.00507248985,-0.0628906041,0.998007536],"scale":1,"type":"italy_wall_stone_bricktop"}
{"ctxid":0,"pos":[1381.35999,-94.8159027,175.035004],"rotationMatrix":[0.0615876913,-0.996106863,-0.0630721971,0.998093963,0.0617125034,-3.08253948e-05,0.00392304873,-0.0629500821,0.998008966],"scale":1,"type":"italy_wall_stone_bricktop"}
{"ctxid":0,"pos":[1381.20996,-91.8814011,175.220001],"rotationMatrix":[0.037129879,-0.997407496,-0.0616411939,0.999307871,0.0371996164,1.6272068e-05,0.00227679894,-0.0615991317,0.998098373],"scale":1,"type":"italy_wall_stone_bricktop"}
{"ctxid":0,"pos":[1381.14001,-88.9419022,175.397003],"rotationMatrix":[0.00902056694,-0.99822855,-0.0588078685,0.999959171,0.00903713703,-1.58097027e-05,0.000547236472,-0.0588053241,0.99826932],"scale":1,"type":"italy_wall_stone_bricktop"}
{"ctxid":0,"pos":[1381.16003,-86.0009995,175.563995],"rotationMatrix":[-0.0208928585,-0.998291254,-0.0545711629,0.999781072,-0.0209238529,-3.38265477e-06,-0.0011384621,-0.0545592867,0.998509884],"scale":1,"type":"italy_wall_stone_bricktop"}
{"ctxid":0,"pos":[1381.26001,-83.0615005,175.718994],"rotationMatrix":[-0.0420255661,-0.997840345,-0.0504826121,0.999114454,-0.0420755148,-7.33574343e-05,-0.0020508829,-0.0504409857,0.998724937],"scale":1,"type":"italy_wall_stone_bricktop"}
{"ctxid":0,"pos":[1381.40002,-80.1225967,175.863007],"rotationMatrix":[-0.0509179831,-0.997571766,-0.0475181229,0.998700082,-0.0509717464,-8.03971197e-05,-0.00234187976,-0.047460448,0.998870373],"scale":1,"type":"italy_wall_stone_bricktop"}
{"ctxid":0,"pos":[1381.56006,-77.185997,176],"rotationMatrix":[-0.0572601557,-0.997306883,-0.0458291098,0.998355567,-0.0573250055,0.000100941281,-0.00272782333,-0.0457479656,0.998949289],"scale":1,"type":"italy_wall_stone_bricktop"}
{"ctxid":0,"pos":[1381.72998,-74.2505035,176.134995],"rotationMatrix":[-0.0598849058,-0.997139573,-0.0461141504,0.99820137,-0.0599501133,3.10916876e-05,-0.00279555121,-0.0460293442,0.998936176],"scale":1,"type":"italy_wall_stone_bricktop"}
{"ctxid":0,"pos":[1381.90002,-71.3173981,176.272003],"rotationMatrix":[-0.0587594509,-0.997126758,-0.0478079841,0.998268187,-0.0588270426,6.82164273e-06,-0.00281920447,-0.0477247909,0.998856544],"scale":1,"type":"italy_wall_stone_bricktop"}
{"ctxid":0,"pos":[1382.06995,-68.3837967,176.416],"rotationMatrix":[-0.0550341606,-0.997228503,-0.0500658527,0.998480558,-0.0551049709,3.40918668e-05,-0.00279287482,-0.0499879047,0.998745918],"scale":1,"type":"italy_wall_stone_bricktop"}
{"ctxid":0,"pos":[1382.22998,-65.4502029,176.565994],"rotationMatrix":[-0.0510281324,-0.99732548,-0.0523261279,0.998693407,-0.0511021614,7.69589751e-05,-0.00275073131,-0.0522538312,0.998630047],"scale":1,"type":"italy_wall_stone_bricktop"}
{"ctxid":0,"pos":[1382.37,-62.5155983,176.723999],"rotationMatrix":[-0.0467435122,-0.997422218,-0.0544423163,0.998903692,-0.0468127728,-3.0638289e-06,-0.00254553999,-0.054382775,0.998516917],"scale":1,"type":"italy_wall_stone_bricktop"}
{"ctxid":0,"pos":[1382.5,-59.5811005,176.886002],"rotationMatrix":[-0.0430396795,-0.997487128,-0.0562762655,0.999070644,-0.0431033373,-8.27182375e-05,-0.00234318455,-0.0562275238,0.998415232],"scale":1,"type":"italy_wall_stone_bricktop"}
{"ctxid":0,"pos":[1382.63,-56.6455002,177.054001],"rotationMatrix":[-0.0399051905,-0.997528434,-0.057832364,0.999200523,-0.0399787426,0.000114911658,-0.00242669275,-0.0577815436,0.998326302],"scale":1,"type":"italy_wall_stone_bricktop"}
{"ctxid":0,"pos":[1382.73999,-53.7113991,177.227005],"rotationMatrix":[-0.0370645523,-0.997563839,-0.059098538,0.999310374,-0.0371314287,3.34657234e-05,-0.00222779741,-0.0590565428,0.998252153],"scale":1,"type":"italy_wall_stone_bricktop"}
{"ctxid":0,"pos":[1382.83997,-50.7753983,177.401993],"rotationMatrix":[-0.034516573,-0.997579277,-0.0603675134,0.999402046,-0.0345762968,-5.52896017e-05,-0.00203212933,-0.0603333265,0.998176217],"scale":1,"type":"italy_wall_stone_bricktop"}
{"ctxid":0,"pos":[1382.93994,-47.8389015,177.580994],"rotationMatrix":[-0.0327917337,-0.997637451,-0.0603675395,0.99946022,-0.0328514576,-3.15029479e-06,-0.0019800188,-0.0603350587,0.998176217],"scale":1,"type":"italy_wall_stone_bricktop"}
{"ctxid":0,"pos":[1383.04004,-44.9003983,177.755005],"rotationMatrix":[-0.0324386358,-0.997791529,-0.0579639524,0.999472141,-0.0324877501,-9.50754111e-05,-0.00178825296,-0.0579364374,0.998318672],"scale":1,"type":"italy_wall_stone_bricktop"}
{"ctxid":0,"pos":[1383.13,-41.9618988,177.921997],"rotationMatrix":[-0.0320725441,-0.997955561,-0.0552818663,0.999483764,-0.0321272612,0.00010113138,-0.0018769796,-0.0552500859,0.998470783],"scale":1,"type":"italy_wall_stone_bricktop"}
{"ctxid":0,"pos":[1383.22998,-39.0224991,178.080994],"rotationMatrix":[-0.0317103863,-0.998127043,-0.052314803,0.999495685,-0.0317548513,1.87679161e-05,-0.00167998159,-0.0522878245,0.998630643],"scale":1,"type":"italy_wall_stone_bricktop"}
{"ctxid":0,"pos":[1383.31995,-36.0825005,178.231003],"rotationMatrix":[-0.0313524008,-0.998289466,-0.0493472293,0.999507308,-0.0313873291,-6.71354137e-05,-0.00148185715,-0.0493250191,0.998781681],"scale":1,"type":"italy_wall_stone_bricktop"}
{"ctxid":0,"pos":[1383.41003,-33.1421013,178.371002],"rotationMatrix":[-0.030985713,-0.998462915,-0.045953773,0.999518812,-0.0310182571,-4.88911337e-06,-0.00142052444,-0.0459318124,0.998943567],"scale":1,"type":"italy_wall_stone_bricktop"}
{"ctxid":0,"pos":[1383.5,-30.2017002,178.501999],"rotationMatrix":[-0.0306305885,-0.998611927,-0.0428477637,0.999529839,-0.0306608677,4.95159547e-05,-0.00136319688,-0.0428261012,0.999081612],"scale":1,"type":"italy_wall_stone_bricktop"}
{"ctxid":0,"pos":[1383.58997,-27.2598,178.623001],"rotationMatrix":[-0.0299932957,-0.998765588,-0.0395942144,0.999549448,-0.030015707,-2.84439229e-05,-0.00116003945,-0.0395772271,0.999215841],"scale":1,"type":"italy_wall_stone_bricktop"}
{"ctxid":0,"pos":[1383.68005,-24.3178997,178.735001],"rotationMatrix":[-0.0293662548,-0.998892248,-0.0367675461,0.999568105,-0.0293869972,2.373403e-05,-0.00110419549,-0.0367509685,0.999323845],"scale":1,"type":"italy_wall_stone_bricktop"}
{"ctxid":0,"pos":[1383.77002,-21.3770008,178.839996],"rotationMatrix":[-0.028752923,-0.998995721,-0.0343623608,0.999586105,-0.0287674665,-7.11921311e-05,-0.000917397439,-0.0343501866,0.999409437],"scale":1,"type":"italy_wall_stone_bricktop"}
{"ctxid":0,"pos":[1383.84998,-18.4360008,178.938995],"rotationMatrix":[-0.0284471512,-0.99904263,-0.0332343802,0.999594867,-0.0284612179,-4.98379086e-05,-0.00089610077,-0.0332223363,0.999447584],"scale":1,"type":"italy_wall_stone_bricktop"}
{"ctxid":0,"pos":[1383.93005,-15.4951,179.037003],"rotationMatrix":[-0.0278782845,-0.999049366,-0.0335128456,0.999610901,-0.0278924704,-4.42281926e-05,-0.000890569936,-0.0335010402,0.999438286],"scale":1,"type":"italy_wall_stone_bricktop"}
{"ctxid":0,"pos":[1384.01001,-12.5565996,179.138],"rotationMatrix":[-0.0276254416,-0.998987973,-0.0354947746,0.999617934,-0.0276404619,-6.75532865e-05,-0.000913607015,-0.0354830772,0.99936986],"scale":1,"type":"italy_wall_stone_bricktop"}
{"ctxid":0,"pos":[1384.09998,-9.6182003,179.246994],"rotationMatrix":[-0.027687788,-0.998854339,-0.0390306339,0.999616027,-0.0277098417,2.40731442e-05,-0.00110557827,-0.0390149802,0.999238014],"scale":1,"type":"italy_wall_stone_bricktop"}
{"ctxid":0,"pos":[1384.18005,-6.68160009,179.369003],"rotationMatrix":[-0.0277799368,-0.998658597,-0.0436953977,0.999613225,-0.027810812,9.8749646e-05,-0.00131382165,-0.0436757505,0.999044895],"scale":1,"type":"italy_wall_stone_bricktop"}
{"ctxid":0,"pos":[1384.26001,-3.74659991,179.505005],"rotationMatrix":[-0.0279027224,-0.998405933,-0.0490617342,0.999609649,-0.0279374123,2.13329822e-05,-0.00139195693,-0.0490419902,0.998795748],"scale":1,"type":"italy_wall_stone_bricktop"}
{"ctxid":0,"pos":[1384.33997,-0.81099999,179.656998],"rotationMatrix":[-0.0280399323,-0.998115838,-0.0545754656,0.999605477,-0.0280861855,8.05626987e-05,-0.00161322753,-0.0545516759,0.998509645],"scale":1,"type":"italy_wall_stone_bricktop"}
{"ctxid":0,"pos":[1376,-167.248993,173.660004],"rotationMatrix":[-0.367225289,-0.930035889,0.0133715291,0.930119514,-0.367256999,9.02677784e-05,0.00482683536,0.0124702686,0.999910593],"scale":1,"type":"italy_wall_stone_bricktop"}
{"ctxid":0,"pos":[1377.05005,-164.498001,173.623001],"rotationMatrix":[-0.342528105,-0.939433992,0.0117590073,0.939499199,-0.342551112,6.11704018e-05,0.00397059554,0.0110685304,0.999930859],"scale":1,"type":"italy_wall_stone_bricktop"}
{"ctxid":0,"pos":[1378.02002,-161.720001,173.589996],"rotationMatrix":[-0.31838131,-0.947906494,0.0103232358,0.94795692,-0.318398595,-3.26306072e-05,0.00331783458,0.00977559388,0.999946713],"scale":1,"type":"italy_wall_stone_bricktop"}
{"ctxid":0,"pos":[1378.92004,-158.919006,173.561996],"rotationMatrix":[-0.294453859,-0.955625892,0.00872088876,0.95566231,-0.294464946,1.33577887e-05,0.0025552311,0.00833815802,0.999961972],"scale":1,"type":"italy_wall_stone_bricktop"}
{"ctxid":0,"pos":[1379.75,-156.097,173.539001],"rotationMatrix":[-0.270427585,-0.962712824,0.00727517856,0.962738335,-0.270434737,6.21411573e-07,0.00196686271,0.00700426102,0.999973536],"scale":1,"type":"italy_wall_stone_bricktop"}
{"ctxid":0,"pos":[1380.51001,-153.255005,173.520004],"rotationMatrix":[-0.245679021,-0.969335258,0.00556719163,0.969350219,-0.245682955,-2.34671934e-05,0.00139051175,0.00539079309,0.999984503],"scale":1,"type":"italy_wall_stone_bricktop"}
{"ctxid":0,"pos":[1381.18994,-150.393997,173.505997],"rotationMatrix":[-0.220237255,-0.975438774,0.00384470774,0.975445986,-0.220238924,-1.09793782e-05,0.00085746398,0.00374788651,0.999992609],"scale":1,"type":"italy_wall_stone_bricktop"}
{"ctxid":0,"pos":[1381.80005,-147.514999,173.496994],"rotationMatrix":[-0.193513393,-0.981095314,0.002128019,0.981097579,-0.193513751,3.85044295e-05,0.000374024443,0.00209524552,0.999997735],"scale":1,"type":"italy_wall_stone_bricktop"}
{"ctxid":0,"pos":[1382.32996,-144.621994,173.492996],"rotationMatrix":[-0.165559173,-0.986199856,0,0.986199856,-0.165559173,0,0,0,1],"scale":1,"type":"italy_wall_stone_bricktop"}
{"ctxid":0,"pos":[1382.77002,-141.712997,173.494995],"rotationMatrix":[-0.135223866,-0.990813613,-0.00168756687,0.990815043,-0.135223866,-0.000114626149,-0.000114626149,-0.00168756687,0.999998569],"scale":1,"type":"italy_wall_stone_bricktop"}
{"ctxid":0,"pos":[1383.13,-138.792007,173.503006],"rotationMatrix":[-0.102615833,-0.994713128,-0.00396560272,0.994720936,-0.102617025,9.77781674e-05,-0.00050419959,-0.00393463438,0.999992132],"scale":1,"type":"italy_wall_stone_bricktop"}
{"ctxid":0,"pos":[1383.38,-135.860992,173.518005],"rotationMatrix":[-0.066978097,-0.997734129,-0.00636605965,0.997754395,-0.0669790506,-6.35138131e-05,-0.000363022729,-0.00635601766,0.999979734],"scale":1,"type":"italy_wall_stone_bricktop"}
{"ctxid":0,"pos":[1383.52002,-132.923004,173.541],"rotationMatrix":[-0.0273383856,-0.999585211,-0.00905532856,0.999626219,-0.0273383856,-0.000123804712,-0.000123804712,-0.00905532856,0.999958992],"scale":1,"type":"italy_wall_stone_bricktop"}
{"ctxid":0,"pos":[1383.56006,-129.981995,173.572006],"rotationMatrix":[-0.00625348091,-0.999899387,-0.0127324965,0.99998045,-0.00625348091,-3.98132179e-05,-3.98132179e-05,-0.0127324965,0.999918938],"scale":1,"type":"italy_wall_stone_bricktop"}
{"ctxid":0,"pos":[1383.55005,-127.042,173.615997],"rotationMatrix":[0.00756931305,-0.99982971,-0.0168289971,0.99997133,0.00757169724,-7.79583497e-05,0.000205369142,-0.0168279242,0.999858379],"scale":1,"type":"italy_wall_stone_bricktop"}
{"ctxid":0,"pos":[1326.10999,-124.049004,198.988007],"rotationMatrix":[-0.861947298,-0.499058753,0.0893712565,0.501063406,-0.865410566,-5.05339221e-06,0.0773453563,0.044776313,0.995998383],"scale":1,"type":"italy_wall_stone_bricktop"}
{"ctxid":0,"pos":[1328.63,-122.480003,198.723999],"rotationMatrix":[-0.829342008,-0.55178982,0.0878624842,0.553928494,-0.832564235,-4.89082086e-05,0.0731781498,0.0486289747,0.996132612],"scale":1,"type":"italy_wall_stone_bricktop"}
{"ctxid":0,"pos":[1331.05005,-120.757004,198.464996],"rotationMatrix":[-0.795508862,-0.599753857,0.086376667,0.602000713,-0.798495531,-4.48914725e-05,0.068998307,0.0519631058,0.99626255],"scale":1,"type":"italy_wall_stone_bricktop"}
{"ctxid":0,"pos":[1333.35999,-118.883003,198.194],"rotationMatrix":[-0.74944365,-0.654463112,0.100061156,0.657764912,-0.7532233,8.51364439e-06,0.0753628239,0.0658230931,0.994981289],"scale":1,"type":"italy_wall_stone_bricktop"}
{"ctxid":0,"pos":[1335.52002,-116.833,197.862],"rotationMatrix":[-0.693177938,-0.710514903,0.121131696,0.715791821,-0.698313713,7.26039725e-05,0.0845363364,0.0867554098,0.992636442],"scale":1,"type":"italy_wall_stone_bricktop"}
{"ctxid":0,"pos":[1337.5,-114.624001,197.470993],"rotationMatrix":[-0.634365082,-0.760472,0.138792261,0.767905891,-0.640562654,1.97294921e-05,0.0888901353,0.106591918,0.990321517],"scale":1,"type":"italy_wall_stone_bricktop"}
{"ctxid":0,"pos":[1339.31006,-112.278999,197.033997],"rotationMatrix":[-0.575988054,-0.803072155,0.152685598,0.812606096,-0.582813263,6.75679621e-05,0.088932924,0.124112166,0.988274813],"scale":1,"type":"italy_wall_stone_bricktop"}
{"ctxid":0,"pos":[1340.93994,-109.820999,196.563004],"rotationMatrix":[-0.522129297,-0.837332368,0.162035435,0.848537683,-0.529134989,-9.55904034e-05,0.0858186632,0.137443259,0.986784935],"scale":1,"type":"italy_wall_stone_bricktop"}
{"ctxid":0,"pos":[1342.42004,-107.277,196.070007],"rotationMatrix":[-0.474259138,-0.864400864,0.167001337,0.876715481,-0.481009364,3.24238754e-05,0.0803011805,0.146428034,0.985956669],"scale":1,"type":"italy_wall_stone_bricktop"}
{"ctxid":0,"pos":[1343.77002,-104.665001,195.570007],"rotationMatrix":[-0.435054064,-0.884655714,0.16766715,0.897364795,-0.441289544,7.68492609e-05,0.0739217773,0.150492027,0.985843658],"scale":1,"type":"italy_wall_stone_bricktop"}
{"ctxid":0,"pos":[1345.02002,-102.001999,195.074005],"rotationMatrix":[-0.404500484,-0.89957583,0.164750472,0.912040055,-0.410101175,2.14809425e-05,0.0675450414,0.15026772,0.986335278],"scale":1,"type":"italy_wall_stone_bricktop"}
{"ctxid":0,"pos":[1346.18005,-99.3037033,194.591995],"rotationMatrix":[-0.382650495,-0.910219371,0.158364296,0.921844065,-0.387560964,-0.000135249284,0.0614989251,0.145935431,0.987380743],"scale":1,"type":"italy_wall_stone_bricktop"}
{"ctxid":0,"pos":[1347.30005,-96.5824966,194.134003],"rotationMatrix":[-0.369699001,-0.917105556,0.14913094,0.927471995,-0.373892546,-9.02042084e-05,0.0558416732,0.13828142,0.988817453],"scale":1,"type":"italy_wall_stone_bricktop"}
{"ctxid":0,"pos":[1348.39001,-93.847702,193.707001],"rotationMatrix":[-0.364575386,-0.920971334,0.137464806,0.929794908,-0.368077993,-6.5057844e-05,0.0506576896,0.127790362,0.990506649],"scale":1,"type":"italy_wall_stone_bricktop"}
{"ctxid":0,"pos":[1349.46997,-91.1063995,193.319],"rotationMatrix":[-0.366299391,-0.922269523,0.123465113,0.929376125,-0.369134068,-9.06571004e-05,0.0456587896,0.11471232,0.992348909],"scale":1,"type":"italy_wall_stone_bricktop"}
{"ctxid":0,"pos":[1350.57996,-88.3666992,192.975006],"rotationMatrix":[-0.374293089,-0.921076238,0.107346334,0.926428199,-0.376471519,-3.07772425e-05,0.0404411852,0.0994371474,0.994221687],"scale":1,"type":"italy_wall_stone_bricktop"}
{"ctxid":0,"pos":[1351.62,-85.6118011,192.712006],"rotationMatrix":[-0.322389007,-0.944177449,0.0677811056,0.946352422,-0.32313633,-6.51669689e-05,0.0219640657,0.0641238019,0.997700214],"scale":1,"type":"italy_wall_stone_bricktop"}
{"ctxid":0,"pos":[1352.48999,-82.7846985,192.563004],"rotationMatrix":[-0.266497612,-0.963211715,0.0346730687,0.963791251,-0.266657948,8.09489507e-08,0.00924577191,0.0334176235,0.999398708],"scale":1,"type":"italy_wall_stone_bricktop"}
{"ctxid":0,"pos":[1353.20996,-79.9048004,192.494003],"rotationMatrix":[-0.222461104,-0.974839807,0.0140838232,0.974936604,-0.22248292,1.82767708e-05,0.00311559322,0.0137349004,0.999900818],"scale":1,"type":"italy_wall_stone_bricktop"}
{"ctxid":0,"pos":[1353.81995,-76.9912033,192.468002],"rotationMatrix":[-0.190121531,-0.98174578,0.00539285177,0.981759965,-0.190124631,-6.32959127e-05,0.00108745438,0.00528245186,0.999985456],"scale":1,"type":"italy_wall_stone_bricktop"}
{"ctxid":0,"pos":[1354.34998,-74.0547028,192.451996],"rotationMatrix":[-0.16893208,-0.985598922,0.00753253605,0.985626817,-0.168937325,-6.09863673e-05,0.00133263459,0.00741396658,0.999971628],"scale":1,"type":"italy_wall_stone_bricktop"}
{"ctxid":0,"pos":[1354.83997,-71.1044998,192.412994],"rotationMatrix":[-0.158022165,-0.987232983,0.0200006347,0.987430632,-0.15805316,3.1459731e-05,0.00313010532,0.0197542105,0.999799967],"scale":1,"type":"italy_wall_stone_bricktop"}
{"ctxid":0,"pos":[1355.31006,-68.1464996,192.322006],"rotationMatrix":[-0.157095909,-0.986678302,0.0422712676,0.98756057,-0.15723896,-6.0045295e-05,0.00670593558,0.041736003,0.999106169],"scale":1,"type":"italy_wall_stone_bricktop"}
{"ctxid":0,"pos":[1355.78003,-65.1894989,192.153],"rotationMatrix":[-0.158350468,-0.984915137,0.0697662458,0.987319767,-0.158744097,-9.91375346e-05,0.0111726215,0.0688658953,0.997563362],"scale":1,"type":"italy_wall_stone_bricktop"}
{"ctxid":0,"pos":[1356.26001,-62.2416992,191.910004],"rotationMatrix":[-0.158776999,-0.983086109,0.0912771225,0.987206519,-0.159446716,-4.5638335e-05,0.0145987039,0.0901021287,0.995825529],"scale":1,"type":"italy_wall_stone_bricktop"}
{"ctxid":0,"pos":[1356.72998,-59.3022003,191.612],"rotationMatrix":[-0.159723282,-0.981379926,0.106686242,0.987012744,-0.160641909,-1.71039574e-05,0.017155068,0.105297953,0.994292736],"scale":1,"type":"italy_wall_stone_bricktop"}
{"ctxid":0,"pos":[1357.20996,-56.3721008,191.278],"rotationMatrix":[-0.161678433,-0.980000377,0.116014592,0.986663043,-0.162775874,1.48677318e-05,0.0188698061,0.114469714,0.993247509],"scale":1,"type":"italy_wall_stone_bricktop"}
{"ctxid":0,"pos":[1357.69995,-53.4473,190.925003],"rotationMatrix":[-0.163978577,-0.979173779,0.11970669,0.986263692,-0.165178537,-0.000103440558,0.0198742617,0.118045397,0.992809296],"scale":1,"type":"italy_wall_stone_bricktop"}
{"ctxid":0,"pos":[1358.18994,-50.528801,190.569],"rotationMatrix":[-0.167241216,-0.978826225,0.11802385,0.985714614,-0.168424129,-4.94887863e-05,0.0199265052,0.116329558,0.993010759],"scale":1,"type":"italy_wall_stone_bricktop"}
{"ctxid":0,"pos":[1358.68994,-47.6133003,190.227005],"rotationMatrix":[-0.170872211,-0.979007363,0.111118205,0.98510766,-0.171938539,-1.41194769e-05,0.0191193242,0.109460987,0.993807197],"scale":1,"type":"italy_wall_stone_bricktop"}
{"ctxid":0,"pos":[1359.20996,-44.6996994,189.912994],"rotationMatrix":[-0.17406702,-0.979603946,0.100383043,0.984578192,-0.174944997,5.76109851e-05,0.0175050739,0.0988449827,0.994948864],"scale":1,"type":"italy_wall_stone_bricktop"}
{"ctxid":0,"pos":[1359.72998,-41.778801,189.617996],"rotationMatrix":[-0.171810031,-0.980288327,0.0975507125,0.984985769,-0.172635555,-2.23624775e-05,0.016862642,0.096082218,0.995230556],"scale":1,"type":"italy_wall_stone_bricktop"}
{"ctxid":0,"pos":[1360.22998,-38.855999,189.330994],"rotationMatrix":[-0.1689713,-0.981019557,0.0951280743,0.985489547,-0.169736266,5.09952843e-05,0.0160966571,0.0937563404,0.99546504],"scale":1,"type":"italy_wall_stone_bricktop"}
{"ctxid":0,"pos":[1360.72998,-35.9301987,189.050995],"rotationMatrix":[-0.166126013,-0.981749356,0.0925761759,0.985983253,-0.166844368,-2.03722939e-05,0.0154658146,0.0912751779,0.995705605],"scale":1,"type":"italy_wall_stone_bricktop"}
{"ctxid":0,"pos":[1361.21997,-33.0023994,188.778],"rotationMatrix":[-0.162993312,-0.982499778,0.0901516378,0.986517668,-0.163654685,5.64470611e-05,0.0146982791,0.0889453888,0.995928049],"scale":1,"type":"italy_wall_stone_bricktop"}
{"ctxid":0,"pos":[1361.69995,-30.0718002,188.513],"rotationMatrix":[-0.159562111,-0.98326844,0.0878814161,0.987087488,-0.160182118,-2.92596405e-06,0.0140799088,0.0867461786,0.996130943],"scale":1,"type":"italy_wall_stone_bricktop"}
{"ctxid":0,"pos":[1362.17004,-27.1392002,188.255005],"rotationMatrix":[-0.156137824,-0.984018326,0.0856087506,0.987643421,-0.156717658,-5.31913065e-05,0.0134687442,0.0845426172,0.996328831],"scale":1,"type":"italy_wall_stone_bricktop"}
{"ctxid":0,"pos":[1362.63,-24.2050991,188.001999],"rotationMatrix":[-0.152731061,-0.984723926,0.0836181268,0.988183737,-0.15327394,-7.37575756e-05,0.0128891105,0.0826188028,0.996497869],"scale":1,"type":"italy_wall_stone_bricktop"}
{"ctxid":0,"pos":[1363.07996,-21.2681007,187.755997],"rotationMatrix":[-0.149038196,-0.985445738,0.0817575604,0.988756537,-0.149534464,5.36375555e-05,0.0121727157,0.0808463171,0.996652246],"scale":1,"type":"italy_wall_stone_bricktop"}
{"ctxid":0,"pos":[1363.52002,-18.3281002,187.514999],"rotationMatrix":[-0.14504981,-0.986180842,0.0800495297,0.989356339,-0.145513058,4.69760016e-05,0.0116019249,0.0792043284,0.996790886],"scale":1,"type":"italy_wall_stone_bricktop"}
{"ctxid":0,"pos":[1363.94995,-15.3872004,187.279007],"rotationMatrix":[-0.141068935,-0.986883402,0.0784904286,0.989936531,-0.141512156,-8.54159298e-05,0.0111916456,0.0776884928,0.996914864],"scale":1,"type":"italy_wall_stone_bricktop"}
{"ctxid":0,"pos":[1364.35999,-12.4428997,187.046997],"rotationMatrix":[-0.136513472,-0.987614214,0.0773449615,0.990580916,-0.136928439,-6.2438754e-05,0.0106523903,0.0766079202,0.99700439],"scale":1,"type":"italy_wall_stone_bricktop"}
{"ctxid":0,"pos":[1364.76001,-9.49709988,186.817001],"rotationMatrix":[-0.13197732,-0.98829782,0.0764811411,0.991200864,-0.13236618,-1.53527653e-05,0.0101386895,0.0758061484,0.997071028],"scale":1,"type":"italy_wall_stone_bricktop"}
{"ctxid":0,"pos":[1365.15002,-6.5479002,186.589996],"rotationMatrix":[-0.127460361,-0.988923848,0.0760493949,0.991795301,-0.127836227,-7.50426261e-05,0.00979607925,0.0754158646,0.997104049],"scale":1,"type":"italy_wall_stone_bricktop"}
{"ctxid":0,"pos":[1365.52002,-3.59719992,186.363007],"rotationMatrix":[-0.122373462,-0.989567518,0.0760322362,0.992440343,-0.122727871,1.11820273e-05,0.0093202088,0.0754588246,0.99710536],"scale":1,"type":"italy_wall_stone_bricktop"}
{"ctxid":0,"pos":[1365.88,-0.644500017,186.136002],"rotationMatrix":[-0.117019773,-0.9901613,0.0767262951,0.993088663,-0.117366672,-1.21360308e-05,0.00901712663,0.0761945993,0.997052193],"scale":1,"type":"italy_wall_stone_bricktop"}
{"ctxid":0,"pos":[1358.23999,-193.666,174.350998],"rotationMatrix":[-0.780411839,-0.624876082,0.0220739655,0.625029922,-0.780600786,9.06729183e-05,0.0171742961,0.013867652,0.999756336],"scale":1,"type":"italy_wall_stone_bricktop"}
{"ctxid":0,"pos":[1250.14001,-167.681,208.033005],"rotationMatrix":[-0.457629323,-0.881945193,0.112907551,0.887625337,-0.460566282,8.11352875e-05,0.0519298539,0.100256726,0.993605494],"scale":1,"type":"italy_wall_stone_bricktop"}
{"ctxid":0,"pos":[1251.5,-165.048004,207.695007],"rotationMatrix":[-0.455264926,-0.883097887,0.113454878,0.888840318,-0.458217025,6.48405548e-05,0.0519296937,0.100872792,0.993543148],"scale":1,"type":"italy_wall_stone_bricktop"}
{"ctxid":0,"pos":[1252.85999,-162.414993,207.356003],"rotationMatrix":[-0.455605865,-0.882900298,0.11362388,0.88865447,-0.458577394,-1.69129416e-05,0.0521202758,0.100964665,0.993523836],"scale":1,"type":"italy_wall_stone_bricktop"}
{"ctxid":0,"pos":[1254.21997,-159.783005,207.016998],"rotationMatrix":[-0.458676934,-0.881286681,0.113794677,0.887052834,-0.461667895,7.82511052e-05,0.0524663851,0.100977778,0.993504286],"scale":1,"type":"italy_wall_stone_bricktop"}
{"ctxid":0,"pos":[1255.59998,-157.160004,206.677002],"rotationMatrix":[-0.465477467,-0.87773174,0.113656148,0.883451104,-0.468523383,-9.91489069e-05,0.0533375889,0.1003635,0.993520141],"scale":1,"type":"italy_wall_stone_bricktop"}
{"ctxid":0,"pos":[1257,-154.550003,206.339005],"rotationMatrix":[-0.476058364,-0.872113466,0.113077395,0.877743244,-0.479131341,8.4499294e-07,0.0541781895,0.0992533192,0.993586183],"scale":1,"type":"italy_wall_stone_bricktop"}
{"ctxid":0,"pos":[1258.43994,-151.962006,206.003006],"rotationMatrix":[-0.491485,-0.863615096,0.112300597,0.869116664,-0.494607091,6.81669335e-05,0.0554857999,0.097635828,0.993674278],"scale":1,"type":"italy_wall_stone_bricktop"}
{"ctxid":0,"pos":[1259.93994,-149.404999,205.669998],"rotationMatrix":[-0.512855649,-0.851273,0.11096561,0.856558323,-0.51605022,-7.96785025e-05,0.0573316552,0.0950076506,0.993824244],"scale":1,"type":"italy_wall_stone_bricktop"}
{"ctxid":0,"pos":[1261.51001,-146.893005,205.341003],"rotationMatrix":[-0.541715503,-0.833485484,0.108840697,0.838467002,-0.544952393,6.14248802e-06,0.059307877,0.0912626535,0.994059205],"scale":1,"type":"italy_wall_stone_bricktop"}
{"ctxid":0,"pos":[1263.18005,-144.447006,205.020996],"rotationMatrix":[-0.580035686,-0.80769664,0.10575778,0.812255859,-0.583301306,6.49542199e-05,0.0616361909,0.0859400555,0.994391918],"scale":1,"type":"italy_wall_stone_bricktop"}
{"ctxid":0,"pos":[1264.98999,-142.095001,204.712997],"rotationMatrix":[-0.631028891,-0.769160986,0.10096503,0.773109376,-0.634272695,-3.40151928e-05,0.0640655234,0.0780355483,0.994889975],"scale":1,"type":"italy_wall_stone_bricktop"}
{"ctxid":0,"pos":[1266.95996,-139.888,204.423004],"rotationMatrix":[-0.69787395,-0.710105717,0.0933905691,0.71322608,-0.700934052,4.94492197e-05,0.0654255152,0.066643104,0.995629549],"scale":1,"type":"italy_wall_stone_bricktop"}
{"ctxid":0,"pos":[1269.17004,-137.912003,204.162003],"rotationMatrix":[-0.783758759,-0.615733325,0.0812078491,0.617776096,-0.786354065,3.73455041e-05,0.0638351291,0.050197538,0.996697187],"scale":1,"type":"italy_wall_stone_bricktop"}
{"ctxid":0,"pos":[1271.62,-136.244995,203.931],"rotationMatrix":[-0.854188323,-0.514077544,0.0780165642,0.51565665,-0.856795311,0.000110984867,0.0667871684,0.0403245613,0.996952057],"scale":1,"type":"italy_wall_stone_bricktop"}
{"ctxid":0,"pos":[1274.25,-134.854004,203.692993],"rotationMatrix":[-0.903742075,-0.420377612,0.0808265209,0.421752006,-0.906711221,-7.49989267e-05,0.0733178407,0.0340209678,0.996728182],"scale":1,"type":"italy_wall_stone_bricktop"}
{"ctxid":0,"pos":[1277.01001,-133.744003,203.449005],"rotationMatrix":[-0.940545321,-0.32940042,0.0828846395,0.330529422,-0.943795681,-0.000106043684,0.0782610923,0.0272960719,0.996559143],"scale":1,"type":"italy_wall_stone_bricktop"}
{"ctxid":0,"pos":[1279.85999,-132.893997,203.199005],"rotationMatrix":[-0.965802073,-0.245305851,0.0839725584,0.246173546,-0.969225764,-2.18151163e-05,0.0813937187,0.0206507538,0.996468067],"scale":1,"type":"italy_wall_stone_bricktop"}
{"ctxid":0,"pos":[1282.76001,-132.272995,202.947998],"rotationMatrix":[-0.980874896,-0.175260305,0.084665589,0.175901413,-0.984407783,0.000114106275,0.083325468,0.0150047205,0.996409416],"scale":1,"type":"italy_wall_stone_bricktop"}
{"ctxid":0,"pos":[1285.69995,-131.837006,202.695007],"rotationMatrix":[-0.988829255,-0.12252187,0.0848828405,0.122962996,-0.992411256,-3.14937606e-05,0.0842425451,0.010406306,0.996390939],"scale":1,"type":"italy_wall_stone_bricktop"}
{"ctxid":0,"pos":[1288.66003,-131.537003,202.440994],"rotationMatrix":[-0.992812872,-0.0840465128,0.0851984993,0.0843522251,-0.996436,-1.17226109e-05,0.0848958343,0.00717504462,0.996363997],"scale":1,"type":"italy_wall_stone_bricktop"}
{"ctxid":0,"pos":[1291.62,-131.330994,202.186996],"rotationMatrix":[-0.994407296,-0.0619140342,0.0855615661,0.0621371716,-0.998067617,-5.53725004e-05,0.0853996575,0.00526149059,0.996332884],"scale":1,"type":"italy_wall_stone_bricktop"}
{"ctxid":0,"pos":[1294.58997,-131.173996,201.931],"rotationMatrix":[-0.995205164,-0.0463164411,0.0861479491,0.0465046726,-0.998918056,0.000178326125,0.0860464796,0.00418375339,0.996282339],"scale":1,"type":"italy_wall_stone_bricktop"}
{"ctxid":0,"pos":[1297.56006,-131.029999,201.673004],"rotationMatrix":[-0.994805813,-0.0532596372,0.0867456347,0.05344918,-0.998570561,-0.000137778043,0.0866289809,0.00449942099,0.996230483],"scale":1,"type":"italy_wall_stone_bricktop"}
{"ctxid":0,"pos":[1300.52002,-130.862,201.412994],"rotationMatrix":[-0.994008422,-0.0654248148,0.0875605568,0.0656705275,-0.997841358,-7.45425205e-05,0.0873764232,0.00567605207,0.996159196],"scale":1,"type":"italy_wall_stone_bricktop"}
{"ctxid":0,"pos":[1303.48999,-130.638,201.151001],"rotationMatrix":[-0.992414474,-0.0854393542,0.0883947238,0.0857750922,-0.996314526,-3.13248705e-07,0.088068977,0.00758175459,0.996085525],"scale":1,"type":"italy_wall_stone_bricktop"}
{"ctxid":0,"pos":[1306.43994,-130.326996,200.884995],"rotationMatrix":[-0.988830328,-0.11920283,0.0894721672,0.119684979,-0.992811918,2.40387835e-05,0.0888261646,0.0107322447,0.995989323],"scale":1,"type":"italy_wall_stone_bricktop"}
{"ctxid":0,"pos":[1309.38,-129.904999,200.617004],"rotationMatrix":[-0.982466102,-0.163053676,0.0904093981,0.163720891,-0.986506701,-3.67240173e-05,0.0891954601,0.0147658261,0.995904684],"scale":1,"type":"italy_wall_stone_bricktop"}
{"ctxid":0,"pos":[1312.30005,-129.345993,200.345993],"rotationMatrix":[-0.972940564,-0.212366521,0.0910336003,0.213254601,-0.97699666,2.92518525e-05,0.0889333114,0.0194417946,0.995847821],"scale":1,"type":"italy_wall_stone_bricktop"}
{"ctxid":0,"pos":[1315.18005,-128.632996,200.074005],"rotationMatrix":[-0.959484935,-0.266472816,0.0915472433,0.267598808,-0.963530421,2.58741529e-05,0.0882016644,0.0245227609,0.995800734],"scale":1,"type":"italy_wall_stone_bricktop"}
{"ctxid":0,"pos":[1318.02002,-127.750999,199.800995],"rotationMatrix":[-0.941747665,-0.323613495,0.0915731266,0.324987561,-0.945718288,9.897774e-05,0.0865703523,0.0298533384,0.995798349],"scale":1,"type":"italy_wall_stone_bricktop"}
{"ctxid":0,"pos":[1320.79004,-126.692001,199.528],"rotationMatrix":[-0.919002533,-0.383535534,0.0912953243,0.385148376,-0.922854662,5.22895243e-05,0.0842322633,0.0352103002,0.99582386],"scale":1,"type":"italy_wall_stone_bricktop"}
{"ctxid":0,"pos":[1323.48999,-125.457001,199.257004],"rotationMatrix":[-0.892113686,-0.442658454,0.0904802531,0.444475412,-0.895791054,-7.60755865e-05,0.0810850784,0.0401483774,0.995898247],"scale":1,"type":"italy_wall_stone_bricktop"}
{"ctxid":0,"pos":[1279.07996,-249.701996,178.026993],"rotationMatrix":[-0.874106288,-0.483813107,0.0431635007,0.484264672,-0.87492156,6.4812848e-06,0.0377615429,0.0209082235,0.999068022],"scale":1,"type":"italy_wall_stone_bricktop"}
{"ctxid":0,"pos":[1281.63,-248.242004,177.895996],"rotationMatrix":[-0.860980868,-0.506479144,0.0468060747,0.507030725,-0.861927986,-0.000103028025,0.0403956473,0.0236434117,0.99890399],"scale":1,"type":"italy_wall_stone_bricktop"}
{"ctxid":0,"pos":[1284.15002,-246.718994,177.75],"rotationMatrix":[-0.847914577,-0.527555883,0.0522077121,0.528278887,-0.849070907,5.76915263e-05,0.0442976169,0.0276291501,0.998636246],"scale":1,"type":"italy_wall_stone_bricktop"}
{"ctxid":0,"pos":[1286.62,-245.128006,177.587006],"rotationMatrix":[-0.831839204,-0.551971734,0.0580583885,0.552905858,-0.833243728,3.11643307e-05,0.0483595878,0.0321267471,0.998313189],"scale":1,"type":"italy_wall_stone_bricktop"}
{"ctxid":0,"pos":[1289.05005,-243.462006,177.408005],"rotationMatrix":[-0.813553929,-0.578028679,0.0633469671,0.579188466,-0.815193653,-6.70877707e-05,0.0516788214,0.0366352536,0.997991562],"scale":1,"type":"italy_wall_stone_bricktop"}
{"ctxid":0,"pos":[1291.42004,-241.720001,177.214996],"rotationMatrix":[-0.794230103,-0.603855252,0.0675086007,0.605237663,-0.796044827,3.18108432e-05,0.0537206605,0.0408840105,0.997718692],"scale":1,"type":"italy_wall_stone_bricktop"}
{"ctxid":0,"pos":[1293.72998,-239.906998,177.013],"rotationMatrix":[-0.776881695,-0.625794828,0.0695392117,0.627316713,-0.778764248,6.1052262e-05,0.0541164465,0.0436705388,0.997579217],"scale":1,"type":"italy_wall_stone_bricktop"}
{"ctxid":0,"pos":[1295.98999,-238.037994,176.807999],"rotationMatrix":[-0.763720512,-0.641837001,0.0691103339,0.643370986,-0.765554547,-8.12755388e-05,0.0529598966,0.0444015115,0.997609019],"scale":1,"type":"italy_wall_stone_bricktop"}
{"ctxid":0,"pos":[1298.22998,-236.134995,176.608002],"rotationMatrix":[-0.756582022,-0.650504887,0.0665360764,0.651952565,-0.758259773,5.84505979e-05,0.0504136048,0.0434225835,0.997784019],"scale":1,"type":"italy_wall_stone_bricktop"}
{"ctxid":0,"pos":[1300.44995,-234.218002,176.417999],"rotationMatrix":[-0.755421758,-0.652294338,0.062049035,0.653551459,-0.756882071,-4.63635879e-05,0.0469940454,0.0405172147,0.998073101],"scale":1,"type":"italy_wall_stone_bricktop"}
{"ctxid":0,"pos":[1302.67004,-232.304001,176.242996],"rotationMatrix":[-0.758383512,-0.64930135,0.057116013,0.650362492,-0.759624004,-1.19054439e-05,0.043394424,0.0371370837,0.998367548],"scale":1,"type":"italy_wall_stone_bricktop"}
{"ctxid":0,"pos":[1304.91003,-230.404007,176.082993],"rotationMatrix":[-0.763976097,-0.643151581,0.051928807,0.644020379,-0.76500833,-2.26614952e-06,0.0397274271,0.0334414802,0.998650789],"scale":1,"type":"italy_wall_stone_bricktop"}
{"ctxid":0,"pos":[1307.17004,-228.524994,175.938004],"rotationMatrix":[-0.770710588,-0.635455072,0.0469255559,0.63615346,-0.771562576,-6.7967434e-05,0.0362491943,0.0297994707,0.998898387],"scale":1,"type":"italy_wall_stone_bricktop"}
{"ctxid":0,"pos":[1309.43994,-226.669006,175.807007],"rotationMatrix":[-0.777844429,-0.627022624,0.0424343385,0.627590537,-0.778543591,7.89377591e-05,0.0329874866,0.0266927909,0.999099255],"scale":1,"type":"italy_wall_stone_bricktop"}
{"ctxid":0,"pos":[1311.73999,-224.837006,175.688004],"rotationMatrix":[-0.784617662,-0.618794441,0.0383222364,0.619250536,-0.785193443,4.19470052e-05,0.0300644133,0.0237639789,0.999265432],"scale":1,"type":"italy_wall_stone_bricktop"}
{"ctxid":0,"pos":[1314.06006,-223.029999,175.580994],"rotationMatrix":[-0.791030169,-0.610794961,0.0346524455,0.611162245,-0.791505337,9.02499505e-06,0.0274220835,0.0211854056,0.999399424],"scale":1,"type":"italy_wall_stone_bricktop"}
{"ctxid":0,"pos":[1316.40002,-221.246002,175.483994],"rotationMatrix":[-0.797078729,-0.603056967,0.0314286873,0.603354871,-0.797472835,-8.00276393e-06,0.025068352,0.0189562738,0.999505997],"scale":1,"type":"italy_wall_stone_bricktop"}
{"ctxid":0,"pos":[1318.75,-219.483002,175.395996],"rotationMatrix":[-0.802761316,-0.59561193,0.028647976,0.595856786,-0.803090692,1.42455701e-05,0.0229984373,0.017081527,0.999589562],"scale":1,"type":"italy_wall_stone_bricktop"}
{"ctxid":0,"pos":[1321.12,-217.740997,175.315002],"rotationMatrix":[-0.808835506,-0.58743757,0.026500145,0.587644219,-0.809119463,1.27443836e-05,0.0214342959,0.0155829638,0.999648809],"scale":1,"type":"italy_wall_stone_bricktop"}
{"ctxid":0,"pos":[1323.51001,-216.031998,175.238007],"rotationMatrix":[-0.818734765,-0.573611557,0.0253603756,0.573795378,-0.818998694,-3.56378187e-05,0.0207905564,0.0145224882,0.999678373],"scale":1,"type":"italy_wall_stone_bricktop"}
{"ctxid":0,"pos":[1325.93994,-214.365005,175.164993],"rotationMatrix":[-0.827897787,-0.560344517,0.0244804863,0.560512841,-0.828145742,1.69965188e-05,0.0202638861,0.0137356976,0.999700308],"scale":1,"type":"italy_wall_stone_bricktop"}
{"ctxid":0,"pos":[1328.39001,-212.735001,175.093994],"rotationMatrix":[-0.836317539,-0.547729015,0.0237891916,0.547884047,-0.836554289,-1.84008016e-07,0.0199010503,0.0130335642,0.999716997],"scale":1,"type":"italy_wall_stone_bricktop"}
{"ctxid":0,"pos":[1330.85999,-211.139999,175.024994],"rotationMatrix":[-0.843604565,-0.536475897,0.0229113251,0.536616802,-0.843826056,1.01776652e-06,0.0193326268,0.0122954603,0.999737501],"scale":1,"type":"italy_wall_stone_bricktop"}
{"ctxid":0,"pos":[1333.34998,-209.576004,174.959],"rotationMatrix":[-0.849367142,-0.527342498,0.0220308732,0.527469695,-0.849573851,-4.39202777e-05,0.0187400151,0.0115833133,0.99975729],"scale":1,"type":"italy_wall_stone_bricktop"}
{"ctxid":0,"pos":[1335.85999,-208.035995,174.895004],"rotationMatrix":[-0.853984594,-0.519858003,0.0213997494,0.51997745,-0.854179978,2.01068797e-05,0.0182687845,0.011144558,0.999770999],"scale":1,"type":"italy_wall_stone_bricktop"}
{"ctxid":0,"pos":[1338.37,-206.514008,174.832993],"rotationMatrix":[-0.857065558,-0.514788449,0.020772269,0.514900625,-0.857249856,6.23515953e-05,0.0177749265,0.0107490942,0.999784231],"scale":1,"type":"italy_wall_stone_bricktop"}
