{"ctxid":0,"pos":[-72.8339996,-552,367.992004],"rotationMatrix":[0.548521757,0.438501596,0.711927116,-0.525679171,0.842982531,-0.114200905,-0.650219381,-0.311603576,0.692905426],"scale":1.55159998,"type":"italy_rockface_tall_narrow"}
{"ctxid":0,"pos":[-82.2414017,-554.77002,380.92099],"rotationMatrix":[-0.599388838,0.792225659,0.114505403,-0.456431419,-0.22074914,-0.861939788,-0.657573879,-0.568900943,0.493911266],"scale":0.953299999,"type":"italy_rockface_tall_narrow"}
{"ctxid":0,"pos":[-88.0167007,-573.854004,377.501007],"rotationMatrix":[0.783029079,0.313986987,-0.536914945,-0.620954573,0.344959259,-0.703859746,-0.0357890166,0.884542406,0.465084791],"scale":1.49189997,"type":"italy_rockface_tall_narrow"}
{"ctxid":0,"pos":[-34.6160011,-731.312012,390.635986],"rotationMatrix":[-0.370589256,0.928796828,-6.33019008e-05,-0.866804838,-0.345878959,-0.35918957,-0.333636045,-0.133056924,0.933264613],"scale":1.16209996,"type":"italy_rockface_tall_narrow"}
{"ctxid":0,"pos":[-180.899994,-535.922974,396.511993],"rotationMatrix":[-0.920990825,0.389584273,5.77469691e-05,-0.380956709,-0.900563955,-0.209419549,-0.081534557,-0.192895472,0.97782588],"scale":1,"type":"italy_rockface_tall_narrow"}
{"ctxid":0,"pos":[-134.746994,-554.830994,402.186005],"rotationMatrix":[-0.898943663,0.438064247,6.85592895e-05,-0.420178086,-0.862195492,-0.282965213,-0.123897836,-0.254398584,0.959130168],"scale":1.05060005,"type":"italy_rockface_tall_narrow"}
{"ctxid":0,"pos":[-199.078995,-522.325012,396.734009],"rotationMatrix":[-0.679427505,0.733742654,-6.47869019e-05,-0.66141355,-0.612490773,-0.432882398,-0.317663968,-0.29406935,0.901450396],"scale":1,"type":"italy_rockface_tall_narrow"}
{"ctxid":0,"pos":[-229.608002,-511.694,398.380005],"rotationMatrix":[-0.995767236,-0.0919106081,0.000228838777,0.086703904,-0.940177679,-0.32946679,0.030496642,-0.328052402,0.944167137],"scale":1,"type":"italy_rockface_tall_narrow"}
{"ctxid":0,"pos":[-8.34020042,-774.554016,388.963989],"rotationMatrix":[-0.47784555,0.878443897,3.79500889e-05,-0.847499847,-0.461001635,-0.2630997,-0.231100827,-0.125753179,0.964768648],"scale":1.12870002,"type":"italy_rockface_tall_narrow"}
{"ctxid":0,"pos":[-17.3836002,-762.213989,392.552002],"rotationMatrix":[-0.487717032,0.873001754,-9.9675286e-05,-0.790263653,-0.441542506,-0.424880683,-0.3709656,-0.20714277,0.905249357],"scale":1.20210004,"type":"italy_rockface_tall_narrow"}
{"ctxid":0,"pos":[-292.70401,-525.526978,400.902008],"rotationMatrix":[-0.778120875,-0.628114581,0,0.628114581,-0.778120875,0,0,0,1],"scale":1,"type":"italy_rockface_tall_narrow"}
{"ctxid":0,"pos":[-316.15799,-533.05603,402.766998],"rotationMatrix":[-0.98017633,-0.198127061,0.000182609525,0.185947075,-0.920236826,-0.344365895,0.0683962405,-0.337505341,0.938835502],"scale":1,"type":"italy_rockface_tall_narrow"}
{"ctxid":0,"pos":[-329.77301,-535.752991,402.609009],"rotationMatrix":[-0.999174237,0.0324317925,-0.0244749337,-0.0247781817,-0.963778377,-0.265550911,-0.0322007053,-0.264725178,0.963786125],"scale":1,"type":"italy_rockface_tall_narrow"}
{"ctxid":0,"pos":[-349.322998,-521.494995,390.743011],"rotationMatrix":[-0.999197483,0.0289623644,-0.0276689585,-0.0141795231,-0.901807904,-0.431904435,-0.037461061,-0.431165487,0.901494861],"scale":1,"type":"italy_rockface_tall_narrow"}
{"ctxid":0,"pos":[-313.278015,-536.791016,413.122986],"rotationMatrix":[-0.00967776775,0.344137192,-0.938869476,0.0714342743,-0.936276674,-0.343923151,-0.997398376,-0.070395872,-0.0155221224],"scale":1,"type":"italy_rockface_tall_narrow"}
{"ctxid":0,"pos":[-324.122986,-539.705017,413.85199],"rotationMatrix":[-0.0941203833,0.995553255,-0.00388377346,0.059059184,0.00168919563,-0.998253047,-0.993807495,-0.09418533,-0.0589555502],"scale":1,"type":"italy_rockface_tall_narrow"}
{"ctxid":0,"pos":[-336.497009,-537.711975,403.248993],"rotationMatrix":[-0.996002078,-0.0893300623,0,0.0893300623,-0.996002078,0,0,0,1],"scale":1,"type":"italy_rockface_tall_narrow"}
{"ctxid":0,"pos":[-250.003006,-500.556,389.743988],"rotationMatrix":[-0.986696124,-0.162575319,0.000162178636,0.144254342,-0.875962377,-0.460304886,0.0749762729,-0.45415765,0.887760878],"scale":1,"type":"italy_rockface_tall_narrow"}
{"ctxid":0,"pos":[-335.759003,-555.867981,435.884003],"rotationMatrix":[-0.631821752,-0.714259505,-0.301055849,0.771568537,-0.542449355,-0.332311064,0.0740488023,-0.442246586,0.893831491],"scale":1.10829997,"type":"italy_rockface_tall_narrow"}
{"ctxid":0,"pos":[-345.891998,-553.258972,413.795013],"rotationMatrix":[-0.826883316,-0.556517959,0.0809426531,0.562258124,-0.821021557,0.0989414975,0.0113929408,0.127323747,0.991795778],"scale":1.28170002,"type":"italy_rockface_tall_narrow"}
{"ctxid":0,"pos":[-251.154999,-515.716003,402.822998],"rotationMatrix":[-0.94559598,-0.325343281,-1.46306174e-05,0.32178095,-0.93523562,-0.147618949,0.0480131507,-0.139592603,0.989044309],"scale":1,"type":"italy_rockface_tall_narrow"}
{"ctxid":0,"pos":[-484.049011,-922.997009,310.122009],"rotationMatrix":[1,0,0,0,1,0,0,0,1],"scale":0.941699982,"type":"italy_rockface_tall_narrow"}
{"ctxid":0,"pos":[-468.851013,-919.927002,309.821991],"rotationMatrix":[0.975446701,-0.220235631,0,0.220235631,0.975446701,0,0,0,1],"scale":1.21140003,"type":"italy_rockface_tall_narrow"}
{"ctxid":0,"pos":[-919.295471,-821.592651,512.523987],"rotationMatrix":[-0.416062385,0.328015894,-0.848114133,0.625390708,-0.573859513,-0.528745532,-0.66013521,-0.750393808,0.0336232558],"scale":1.13680005,"type":"italy_rockface_tall_narrow"}
{"ctxid":0,"pos":[-1123.16919,-551.11615,410.871643],"rotationMatrix":[-0.0562688112,0.644473314,-0.762553573,-0.794383168,-0.491559982,-0.356825173,-0.604805112,0.585681558,0.539618254],"scale":1.34730005,"type":"italy_rockface_tall_narrow"}
{"ctxid":0,"pos":[-1131.69995,-544.978027,418.334015],"rotationMatrix":[0.610147476,0.735599279,0.294302225,-0.317943275,0.567568302,-0.759459198,-0.725694239,0.3698107,0.580179214],"scale":1.27359998,"type":"italy_rockface_tall_narrow"}
{"ctxid":0,"pos":[-1175.91003,-502.118011,427.566986],"rotationMatrix":[-0.747118831,0.664690495,-1.2923786e-05,-0.53044641,-0.596238852,-0.602599204,-0.40054968,-0.450206369,0.798043966],"scale":1,"type":"italy_rockface_tall_narrow"}
{"ctxid":0,"pos":[-1143.98999,-595.398987,409.098999],"rotationMatrix":[0.235657454,0.971836209,0,-0.971836209,0.235657454,0,0,0,1],"scale":1,"type":"italy_rockface_tall_narrow"}
{"ctxid":0,"pos":[-1201.66699,-516.687378,435.272491],"rotationMatrix":[-0.999911785,-0.013252872,-0.000885073794,0.011501071,-0.830554366,-0.556818783,0.00664434629,-0.556779861,0.830633521],"scale":1,"type":"italy_rockface_tall_narrow"}
{"ctxid":0,"pos":[-1752.29004,-105.182999,152.800003],"rotationMatrix":[1,0,0,0,0.119270086,-0.992861867,0,0.992861867,0.119270086],"scale":1,"type":"italy_rockface_tall_narrow"}
{"ctxid":0,"pos":[-1751.68994,-83.3358002,153.779007],"rotationMatrix":[-0.999889016,0.0107692052,0.0102946395,-0.0100716464,0.0205597878,-0.999737918,-0.0109780384,-0.999730647,-0.0204490423],"scale":1.19889998,"type":"italy_rockface_tall_narrow"}
{"ctxid":0,"pos":[-1753.52002,-107.871002,152.559998],"rotationMatrix":[-0.0338097811,0.96729058,0.251407623,0.0891036093,0.253467083,-0.963231504,-0.995448351,-0.0101653207,-0.094758749],"scale":1.2536,"type":"italy_rockface_tall_narrow"}
{"ctxid":0,"pos":[-1897.53003,-4.18170023,148.123993],"rotationMatrix":[-0.917480588,0.397773862,-0.00230896682,-0.0030341493,-0.0128026009,-0.999913454,-0.397768974,-0.917394161,0.012953043],"scale":1,"type":"italy_rockface_tall_narrow"}
{"ctxid":0,"pos":[-1904.13,-23.6338997,148.123993],"rotationMatrix":[0.984594822,-0.17475085,-0.00593097089,1.41072351e-05,0.0339994431,-0.999421835,0.174851462,0.984025478,0.0334781408],"scale":1,"type":"italy_rockface_tall_narrow"}
{"ctxid":0,"pos":[-1877.93994,-101.716003,147.126999],"rotationMatrix":[0.192324638,-0.981331348,8.53899255e-05,0.355584204,0.0696074963,-0.932048619,0.914642632,0.179286286,0.362333179],"scale":1.47940004,"type":"italy_rockface_tall_narrow"}
{"ctxid":0,"pos":[-1538.55005,-593.919006,251.285004],"rotationMatrix":[-0.705685377,-0.698907673,0.116345264,0.656602502,-0.706796169,-0.263272405,0.266235501,-0.109394908,0.957680225],"scale":1,"type":"italy_rockface_tall_narrow"}
{"ctxid":0,"pos":[-1524.40002,-568.416016,258.414001],"rotationMatrix":[-0.309148073,-0.951013923,-2.4339517e-05,0.846898973,-0.275291562,-0.454946935,0.432654172,-0.140666589,0.890518546],"scale":1,"type":"italy_rockface_tall_narrow"}
{"ctxid":0,"pos":[-1555.17004,-747.482971,354.781006],"rotationMatrix":[-0.940817356,-0.280088753,0.190821886,0.0507977791,-0.673216701,-0.737698376,0.335085481,-0.68434608,0.647601843],"scale":1,"type":"italy_rockface_tall_narrow"}
{"ctxid":0,"pos":[-1552.29004,-725.387024,315.322998],"rotationMatrix":[-0.977086425,-0.212842941,4.47568818e-05,0.199864939,-0.91758132,-0.343654662,0.0731855333,-0.335771352,0.939096093],"scale":2.24329996,"type":"italy_rockface_tall_narrow"}
{"ctxid":0,"pos":[-1590.53003,-699.357971,258.755005],"rotationMatrix":[-0.984061241,-0.14711532,0.0999027267,0.116899811,-0.958506942,-0.259997845,0.134007126,-0.244175196,0.960427284],"scale":1.33870006,"type":"italy_rockface_tall_narrow"}
{"ctxid":0,"pos":[-1572.85999,-710.161987,286.679993],"rotationMatrix":[-0.825506806,-0.564392149,1.65150141e-05,0.463297963,-0.677658319,-0.571081638,0.32232517,-0.471424103,0.820893288],"scale":2.18490005,"type":"italy_rockface_tall_narrow"}
{"ctxid":0,"pos":[-1636.83997,-744.578979,266.552002],"rotationMatrix":[-0.181479931,-0.983394623,-6.29395072e-05,0.954365909,-0.176107407,-0.241188452,0.23717235,-0.0438309312,0.970478296],"scale":1,"type":"italy_rockface_tall_narrow"}
{"ctxid":0,"pos":[-1642.42004,-758.16803,262.252014],"rotationMatrix":[-0.420960784,-0.907078862,0,0.907078862,-0.420960784,0,0,0,1],"scale":1.03299999,"type":"italy_rockface_tall_narrow"}
{"ctxid":0,"pos":[-1670.56006,-796.065002,263.292999],"rotationMatrix":[-0.864251733,-0.50292629,-0.0115803713,0.496403247,-0.84885788,-0.181725353,0.0815643668,-0.162804991,0.983281136],"scale":1,"type":"italy_rockface_tall_narrow"}
{"ctxid":0,"pos":[-352.760986,1145.90002,168.556],"rotationMatrix":[-0.999826312,-0.0183550902,-0.00323054148,0.0163679086,-0.781898856,-0.623190403,0.0089127589,-0.62313503,0.782063484],"scale":1.15859997,"type":"italy_rockface_tall_narrow"}
{"ctxid":0,"pos":[-337.628998,1145.75,168.876999],"rotationMatrix":[-0.992263556,0.124148987,0.000255768507,-0.104800187,-0.836509824,-0.537836611,-0.0665579215,-0.533702493,0.843049049],"scale":0.924099982,"type":"italy_rockface_tall_narrow"}
{"ctxid":0,"pos":[-340.68399,1013.40997,206.710999],"rotationMatrix":[-0.0761584044,0.997095704,2.00217855e-05,-0.891754508,-0.0681034327,-0.447365463,-0.44606483,-0.0340884924,0.894351244],"scale":1.11570001,"type":"italy_rockface_tall_narrow"}
{"ctxid":0,"pos":[-438.845001,1042.65002,206.753006],"rotationMatrix":[-0.895405054,-0.445252478,-9.86683808e-05,0.367153704,-0.738222599,-0.565884769,0.251888752,-0.506732285,0.824484348],"scale":1.15579998,"type":"italy_rockface_tall_narrow"}
{"ctxid":0,"pos":[-458.988007,1029.46997,208.647003],"rotationMatrix":[-0.939089298,-0.343673199,-0.00013694691,0.285355121,-0.779512525,-0.557613373,0.191530019,-0.52368784,0.830100775],"scale":0.922200024,"type":"italy_rockface_tall_narrow"}
{"ctxid":0,"pos":[-619.255005,1130.76001,205.490997],"rotationMatrix":[-0.800524831,0.59929961,-9.04831249e-05,-0.563109398,-0.752234817,-0.342126578,-0.205104381,-0.273829877,0.939653873],"scale":1.00179994,"type":"italy_rockface_tall_narrow"}
{"ctxid":0,"pos":[-591.38501,1104.17004,209.733002],"rotationMatrix":[-0.598934293,0.800798178,-7.31105465e-05,-0.672223032,-0.502819777,-0.54340452,-0.435194105,-0.325414449,0.839470983],"scale":1.05910003,"type":"italy_rockface_tall_narrow"}
{"ctxid":0,"pos":[-584.086487,1093.19482,217.982864],"rotationMatrix":[-0.59428966,0.804251075,-1.01405849e-05,-0.545919478,-0.403408527,-0.734325171,-0.590585947,-0.436396331,0.678797841],"scale":1.08538973,"type":"italy_rockface_tall_narrow"}
{"ctxid":0,"pos":[-682.057983,1241.89001,163.507996],"rotationMatrix":[-0.822397232,0.568913698,-0.000102907099,-0.496697605,-0.718092918,-0.487477243,-0.277406365,-0.400848836,0.873135686],"scale":1.02939999,"type":"italy_rockface_tall_narrow"}
{"ctxid":0,"pos":[-675.562988,1231.38,172.917007],"rotationMatrix":[-0.852887511,0.522094727,-1.3284498e-05,-0.413912565,-0.676177979,-0.609474957,-0.318212628,-0.519808114,0.792805314],"scale":1.87409997,"type":"italy_rockface_tall_narrow"}
{"ctxid":0,"pos":[-652.333008,1223.15002,163.772003],"rotationMatrix":[-0.533888578,0.841278911,0.0849283785,-0.830779016,-0.503211379,-0.237874955,-0.15738225,-0.197555438,0.967575669],"scale":1.42330003,"type":"italy_rockface_tall_narrow"}
{"ctxid":0,"pos":[-632.820984,1137.58997,204.565994],"rotationMatrix":[-0.801961184,0.597376168,0,-0.597376168,-0.801961184,0,0,0,1],"scale":0.958299994,"type":"italy_rockface_tall_narrow"}
{"ctxid":0,"pos":[-670.973022,1160.75,207.468994],"rotationMatrix":[-0.378545046,-0.337414742,0.861890316,-0.448607117,-0.747620225,-0.489709765,0.809601963,-0.572027326,0.131641269],"scale":1.26660001,"type":"italy_rockface_tall_narrow"}
{"ctxid":0,"pos":[-701.716003,1245.79004,164.054001],"rotationMatrix":[-0.967196107,0.254030883,1.33029534e-05,-0.24804233,-0.944383979,-0.215902537,-0.0548333488,-0.208823398,0.976414919],"scale":2.6177001,"type":"italy_rockface_tall_narrow"}
{"ctxid":0,"pos":[-747.192993,1215.19995,199.820007],"rotationMatrix":[-0.96668005,0.255987614,-0.000157919552,-0.205924019,-0.777992249,-0.593568325,-0.152069002,-0.573758125,0.804783583],"scale":1.12049997,"type":"italy_rockface_tall_narrow"}
{"ctxid":0,"pos":[-688.580017,1173,206.005997],"rotationMatrix":[-0.0746148825,0.049815286,0.995967388,-0.557795346,-0.829978466,-0.000275332161,0.826617777,-0.555566549,0.0897154808],"scale":1.00929999,"type":"italy_rockface_tall_narrow"}
{"ctxid":0,"pos":[-699.796997,1179.46997,206.867004],"rotationMatrix":[-0.624422789,-0.781023741,0.00990493596,0.0665275306,-0.0658146143,-0.995611608,0.778248191,-0.621023655,0.0930557251],"scale":1.11880004,"type":"italy_rockface_tall_narrow"}
{"ctxid":0,"pos":[-700.27002,1182.02002,205.669998],"rotationMatrix":[0.264433503,0.376100898,-0.888044477,-0.617482305,-0.64129889,-0.455468267,-0.740803957,0.668792844,0.0626547337],"scale":1.0575,"type":"italy_rockface_tall_narrow"}
{"ctxid":0,"pos":[-763.325012,1217.40002,199.587006],"rotationMatrix":[-0.999822974,0.0186713729,0.00232380652,-0.0186713729,-0.969318509,-0.24509795,-0.00232380652,-0.24509795,0.969495535],"scale":0.905499995,"type":"italy_rockface_tall_narrow"}
{"ctxid":0,"pos":[-967.783997,1044.01001,360.205994],"rotationMatrix":[-0.467772961,0.883848667,4.68566614e-05,-0.643511891,-0.340539455,-0.685510993,-0.605872035,-0.320693672,0.728062272],"scale":2.29349995,"type":"italy_rockface_tall_narrow"}
{"ctxid":0,"pos":[-985.067993,1041.81006,375.132996],"rotationMatrix":[-0.794873834,0.00862772763,-0.606713414,0.283216327,-0.87902081,-0.383550435,-0.536622882,-0.476705343,0.696267128],"scale":1.73440003,"type":"italy_rockface_tall_narrow"}
{"ctxid":0,"pos":[-354.01001,859.002991,219.472],"rotationMatrix":[-0.129981399,-0.129885674,0.982972324,-0.629378378,-0.755239725,-0.183018684,0.766151249,-0.642450511,0.0164198875],"scale":0.961000025,"type":"italy_rockface_tall_narrow"}
{"ctxid":0,"pos":[-338.651001,845.338989,219.809998],"rotationMatrix":[0.20116663,0.162618235,-0.965964437,-0.66463536,-0.701741934,-0.256550342,-0.719577491,0.693623483,-0.033085227],"scale":1.06330001,"type":"italy_rockface_tall_narrow"}
{"ctxid":0,"pos":[-330.450012,837.088013,220.061996],"rotationMatrix":[0.16512084,0.117764562,-0.97921735,-0.755231202,-0.623448968,-0.202329546,-0.634319305,0.772944272,-0.0140049458],"scale":1.01590002,"type":"italy_rockface_tall_narrow"}
{"ctxid":0,"pos":[-346.053986,845.796997,224.464996],"rotationMatrix":[-0.750328898,-0.661064684,0.000170758794,-0.000170758794,-6.44922256e-05,-1,0.661064684,-0.750328898,-6.44922256e-05],"scale":0.938899994,"type":"italy_rockface_tall_narrow"}
{"ctxid":0,"pos":[-346.973999,848.13501,223.029999],"rotationMatrix":[1.4424324e-05,3.70368944e-05,-1,-0.676331997,-0.736596942,-3.70368944e-05,-0.736596942,0.676331997,1.4424324e-05],"scale":1.00940001,"type":"italy_rockface_tall_narrow"}
{"ctxid":0,"pos":[-356.498993,854.125,224.237],"rotationMatrix":[0.525554657,0.850759864,-4.58710201e-05,4.58710201e-05,-8.22544098e-05,-1,-0.850759864,0.525554657,-8.22544098e-05],"scale":0.994799972,"type":"italy_rockface_tall_narrow"}
{"ctxid":0,"pos":[-353.391998,835.776978,231.223999],"rotationMatrix":[0.91606164,0.401037484,0.000113320297,-0.00980196334,0.0226724148,-0.999694884,-0.400917679,0.915781021,0.024700284],"scale":1.18550003,"type":"italy_rockface_tall_narrow"}
{"ctxid":0,"pos":[-359.881012,846.913025,231.764008],"rotationMatrix":[0.700353265,0.713796377,-1.32114119e-05,1.32114119e-05,-3.14712524e-05,-1,-0.713796377,0.700353265,-3.14712524e-05],"scale":1.03830004,"type":"italy_rockface_tall_narrow"}
{"ctxid":0,"pos":[-366.937988,856.098999,230.039001],"rotationMatrix":[6.84261322e-05,0.000194679495,-1,-0.625667632,-0.780089736,-0.000194679495,-0.780089736,0.625667632,6.84261322e-05],"scale":1.16820002,"type":"italy_rockface_tall_narrow"}
{"ctxid":0,"pos":[-377.569,862.942017,231.869003],"rotationMatrix":[0.476188898,0.87044102,-0.124806255,-0.0653502718,-0.106508017,-0.992161989,-0.876911342,0.480612636,0.00616562366],"scale":0.995400012,"type":"italy_rockface_tall_narrow"}
{"ctxid":0,"pos":[-634.862,736.549988,303.367004],"rotationMatrix":[0.831037402,-0.556216538,-4.32322231e-05,0.49765414,0.743574619,-0.446583867,0.248429477,0.371106386,0.894741774],"scale":1,"type":"italy_rockface_tall_narrow"}
{"ctxid":0,"pos":[-921.25,936.133972,373.368011],"rotationMatrix":[-0.763817668,0.645432055,0,-0.645432055,-0.763817668,0,0,0,1],"scale":1.08749998,"type":"italy_rockface_tall_narrow"}
{"ctxid":0,"pos":[-962.497986,840.784973,371.338989],"rotationMatrix":[1,0,0,0,0.96349597,-0.267722845,0,0.267722845,0.96349597],"scale":1.11889994,"type":"italy_rockface_tall_narrow"}
{"ctxid":0,"pos":[-810.638977,696.638977,300.984009],"rotationMatrix":[0.952739954,0.299819827,0.048935134,-0.288459241,0.943375587,-0.163810164,-0.0952777416,0.141952693,0.985277414],"scale":1,"type":"italy_rockface_tall_narrow"}
{"ctxid":0,"pos":[-792.314026,711.762024,304.002991],"rotationMatrix":[0.719395757,0.69218576,-0.0578669496,-0.649195254,0.640405893,-0.410397202,-0.247012764,0.332804948,0.910068989],"scale":1,"type":"italy_rockface_tall_narrow"}
{"ctxid":0,"pos":[-962.335022,80.6367035,283.056],"rotationMatrix":[-0.34354341,0.184230119,0.920889318,-0.92567879,0.0989817381,-0.365132093,-0.158419549,-0.977886438,0.13653338],"scale":1.29050004,"type":"italy_rockface_tall_narrow"}
{"ctxid":0,"pos":[-1248.93994,1279.5,207.082993],"rotationMatrix":[-0.998821497,-0.0485237017,0.00103330857,0.039377898,-0.822640896,-0.567196012,0.0283724926,-0.566486895,0.823582172],"scale":1.12360001,"type":"italy_rockface_tall_narrow"}
{"ctxid":0,"pos":[-1232.66003,1280.18005,207.503998],"rotationMatrix":[-0.998922467,-0.0316518582,-0.0339420736,0.0446476527,-0.855030775,-0.51665169,-0.0126685295,-0.517610431,0.855522633],"scale":1.02890003,"type":"italy_rockface_tall_narrow"}
{"ctxid":0,"pos":[-1216.72998,1279.18994,207.559998],"rotationMatrix":[-0.97372818,0.227713481,7.24258425e-05,-0.188996196,-0.807991266,-0.558059633,-0.127019182,-0.543412089,0.829800844],"scale":1.0402,"type":"italy_rockface_tall_narrow"}
{"ctxid":0,"pos":[-1106.92004,1196.54004,215.585999],"rotationMatrix":[-0.944931626,0.327267826,-2.31734521e-05,-0.31229803,-0.901730061,-0.298919439,-0.0978476033,-0.282451183,0.95427835],"scale":0.905900002,"type":"italy_rockface_tall_narrow"}
{"ctxid":0,"pos":[-1089.33997,1128.95996,292.091003],"rotationMatrix":[-0.811232328,-0.544652224,-0.212734789,0.550652087,-0.589228392,-0.591263175,0.196683422,-0.596794665,0.777915001],"scale":3.18499994,"type":"italy_rockface_tall_narrow"}
{"ctxid":0,"pos":[-1088.38,1020.67999,371.307007],"rotationMatrix":[-0.942937255,-0.33297044,-0.00015517784,0.326891303,-0.925632954,-0.190645516,0.0633356795,-0.179817483,0.981658936],"scale":1.19309998,"type":"italy_rockface_tall_narrow"}
{"ctxid":0,"pos":[-1062.23999,1043.01001,373.953003],"rotationMatrix":[-0.570057869,-0.814794302,-0.105566241,0.61439544,-0.337449193,-0.71319443,0.54548353,-0.47142151,0.692971468],"scale":1.13419998,"type":"italy_rockface_tall_narrow"}
{"ctxid":0,"pos":[-1070.06995,1046.03003,364.243011],"rotationMatrix":[0.549216747,-0.462708443,-0.695889235,0.574158251,0.813991308,-0.0880935043,0.607209444,-0.351168126,0.71272552],"scale":1.11249995,"type":"italy_rockface_tall_narrow"}
{"ctxid":0,"pos":[-1633.41003,1095.98999,175.423996],"rotationMatrix":[-0.269346356,0.195514292,-0.942988157,0.737728119,-0.587520361,-0.332531214,-0.619039357,-0.785234988,0.0140100718],"scale":0.985499978,"type":"italy_rockface_tall_narrow"}
{"ctxid":0,"pos":[-1024.19995,980.88501,387.144012],"rotationMatrix":[1,0,0,0,0.933095217,-0.359629422,0,0.359629422,0.933095217],"scale":1,"type":"italy_rockface_tall_narrow"}
{"ctxid":0,"pos":[-1110.65002,673.796021,367.863007],"rotationMatrix":[0.0389926434,-0.0290895849,-0.998816013,0.599900842,0.800074339,0.000118029129,0.799123585,-0.599195182,0.0486478806],"scale":1,"type":"italy_rockface_tall_narrow"}
{"ctxid":0,"pos":[-1293.02002,727.963013,332.709991],"rotationMatrix":[-0.935730219,-0.294188589,-0.194581673,0.329689771,-0.925568104,-0.186086908,-0.125353947,-0.238278732,0.963073015],"scale":1.34399998,"type":"italy_rockface_tall_narrow"}
{"ctxid":0,"pos":[-1220.12,451.782013,315.070007],"rotationMatrix":[0.185530901,0.982638419,2.11428996e-05,-0.873049438,0.164849401,-0.458921909,-0.450957775,0.0851257369,0.88847661],"scale":1,"type":"italy_rockface_tall_narrow"}
{"ctxid":0,"pos":[-1227.19995,437.285004,314.035004],"rotationMatrix":[0.590631723,0.806941211,-5.70115626e-05,-0.744604647,0.544977903,-0.38543874,-0.31099534,0.227694795,0.922733426],"scale":1.15680003,"type":"italy_rockface_tall_narrow"}
{"ctxid":0,"pos":[-1331.80908,282.945221,324.898376],"rotationMatrix":[-0.183105946,-0.981316864,-0.059070915,0.946766019,-0.15983808,-0.279438436,0.264775872,-0.107093178,0.958344817],"scale":1,"type":"italy_rockface_tall_narrow"}
{"ctxid":0,"pos":[-1337.48999,269.501007,324.934998],"rotationMatrix":[-0.173712015,-0.984796464,-5.61369998e-05,0.904082477,-0.159451962,-0.396497071,0.390459985,-0.0689270571,0.918035984],"scale":1,"type":"italy_rockface_tall_narrow"}
{"ctxid":0,"pos":[-1359.72998,233.688995,325.450012],"rotationMatrix":[-0.995106459,0.0889562964,-0.0430106185,0.0295739733,-0.147194266,-0.988665402,-0.0942789242,-0.985099316,0.143843174],"scale":1,"type":"italy_rockface_tall_narrow"}
{"ctxid":0,"pos":[-1359.47998,213.988998,326.891998],"rotationMatrix":[0.993884563,0.110416979,-0.00125142699,0.000121363126,-0.0124251842,-0.999922812,-0.110423997,0.993807673,-0.0123625994],"scale":1,"type":"italy_rockface_tall_narrow"}
{"ctxid":0,"pos":[1134.38,-350.203003,145.470993],"rotationMatrix":[0.676631212,0.736322105,0,-0.736322105,0.676631212,0,0,0,1],"scale":1,"type":"italy_rockface_tall_narrow"}
{"ctxid":0,"pos":[1144.76001,-327.815002,169.345001],"rotationMatrix":[0.719730496,0.694253564,-9.42254264e-05,-0.533372819,0.552859068,-0.640203297,-0.444411337,0.460824102,0.768205523],"scale":1.21519995,"type":"italy_rockface_tall_narrow"}
{"ctxid":0,"pos":[1126.25,-388.976013,145.716995],"rotationMatrix":[0.65220058,-0.494787425,0.574299395,0.467542678,-0.333781004,-0.818531692,0.596689403,0.802356303,0.0136420727],"scale":1,"type":"italy_rockface_tall_narrow"}
{"ctxid":0,"pos":[1119.46997,-368.075989,148.360001],"rotationMatrix":[0.690684795,0.723155916,4.68413491e-05,-0.6934219,0.662304282,-0.283758819,-0.205232903,0.195955426,0.958895683],"scale":1.34749997,"type":"italy_rockface_tall_narrow"}
{"ctxid":0,"pos":[1107.73999,-384.346008,144.643997],"rotationMatrix":[0.563989162,0.82578218,-3.842976e-05,-0.780032516,0.532727957,-0.328253299,-0.271045268,0.185161278,0.944589734],"scale":1,"type":"italy_rockface_tall_narrow"}
{"ctxid":0,"pos":[1100.34998,-398.545013,144.022003],"rotationMatrix":[0.500036716,0.866004229,-2.71437102e-06,-0.785338223,0.453458309,-0.421449214,-0.364975572,0.210742205,0.906852007],"scale":1,"type":"italy_rockface_tall_narrow"}
{"ctxid":0,"pos":[1002.15997,-629.616028,157.238007],"rotationMatrix":[-0.619646072,-0.784861922,0.00552377524,-0.0804052725,0.0564758778,-0.995160997,0.780752063,-0.617091775,-0.0981020927],"scale":1.15079999,"type":"italy_rockface_tall_narrow"}
{"ctxid":0,"pos":[1022.12,-642.697998,153.742004],"rotationMatrix":[0.409170866,0.911693513,-0.0373384245,-0.197725371,0.0486427546,-0.979049802,-0.890777111,0.407981426,0.200168133],"scale":1.29540002,"type":"italy_rockface_tall_narrow"}
{"ctxid":0,"pos":[1030.84998,-635.109009,152.419006],"rotationMatrix":[0.399849415,2.08192068e-05,-0.916580856,-0.914716005,0.0637664795,-0.399034441,0.0584388264,0.997964859,0.0255160332],"scale":1.02030003,"type":"italy_rockface_tall_narrow"}
{"ctxid":0,"pos":[1029.69995,-614.348022,153.639999],"rotationMatrix":[-0.997377872,-0.0723394379,-0.00209398009,-0.00207424746,0.057497263,-0.998343527,0.0723400116,-0.9957214,-0.0574965477],"scale":1.01470006,"type":"italy_rockface_tall_narrow"}
{"ctxid":0,"pos":[1510.48999,-1258.07996,258.006989],"rotationMatrix":[-0.826344013,0.563165665,8.71137818e-05,-0.55283314,-0.811153412,-0.190802619,-0.107382827,-0.157716766,0.981628418],"scale":1,"type":"italy_rockface_tall_narrow"}
{"ctxid":0,"pos":[1399.97998,-1202.43994,268.694],"rotationMatrix":[-0.901751757,0.432254285,-3.22035485e-05,-0.420181096,-0.876582623,-0.234628975,-0.101447605,-0.211563557,0.972084999],"scale":1,"type":"italy_rockface_tall_narrow"}
{"ctxid":0,"pos":[1412.83997,-1209.22998,269.686005],"rotationMatrix":[-0.854793429,0.518968403,8.37591942e-05,-0.510991693,-0.841626763,-0.174791023,-0.0906405225,-0.149453014,0.984605551],"scale":1,"type":"italy_rockface_tall_narrow"}
{"ctxid":0,"pos":[1354.66003,-1186.03003,280.848999],"rotationMatrix":[-0.87984395,0.475262702,2.86038558e-05,-0.434742093,-0.804804683,-0.404090017,-0.192025885,-0.35554859,0.914719224],"scale":1.61020005,"type":"italy_rockface_tall_narrow"}
{"ctxid":0,"pos":[1192.73926,-1077.65356,269.643005],"rotationMatrix":[-0.943084598,0.33255291,-0.000111008492,-0.324229687,-0.919554949,-0.222022101,-0.0739361718,-0.209349632,0.975041628],"scale":1,"type":"italy_rockface_tall_narrow"}
{"ctxid":0,"pos":[1148.54004,-1039.75,258.945007],"rotationMatrix":[-0.93475914,0.355282068,1.00746738e-05,-0.32025066,-0.842578053,-0.433014691,-0.153833866,-0.404767692,0.901386857],"scale":1,"type":"italy_rockface_tall_narrow"}
{"ctxid":0,"pos":[1134.86279,-1033.90125,258.591003],"rotationMatrix":[-0.947205544,0.320626974,3.21294647e-05,-0.307429969,-0.908190131,-0.284037828,-0.0910410136,-0.269052088,0.958813071],"scale":1,"type":"italy_rockface_tall_narrow"}
{"ctxid":0,"pos":[1180.37061,-1070.2395,268.657745],"rotationMatrix":[-0.857520103,0.514450431,6.24776876e-05,-0.464952558,-0.774961829,-0.428081453,-0.220178261,-0.367117494,0.903740466],"scale":1,"type":"italy_rockface_tall_narrow"}
{"ctxid":0,"pos":[1166.47998,-1065.43005,269.358002],"rotationMatrix":[-0.861991405,0.506922901,-9.96757881e-05,-0.424992085,-0.722780228,-0.544949949,-0.276319653,-0.46969983,0.838468552],"scale":1,"type":"italy_rockface_tall_narrow"}
{"ctxid":0,"pos":[953.273987,-23.9339619,232.755112],"rotationMatrix":[-0.690257072,-0.723564208,-0.000105641295,0.636148989,-0.606796324,-0.476563066,0.344759852,-0.329018205,0.879140139],"scale":1,"type":"italy_rockface_tall_narrow"}
{"ctxid":0,"pos":[895.452026,-352.466003,257.549988],"rotationMatrix":[0.931945562,0.358902782,-0.0516358167,-0.334663659,0.796571136,-0.503462672,-0.139562562,0.486480445,0.862472653],"scale":0.938399971,"type":"italy_rockface_tall_narrow"}
{"ctxid":0,"pos":[805.130981,-382.475006,256.647003],"rotationMatrix":[0.982262015,0.18751356,-2.63003699e-06,-0.172725379,0.904790878,-0.389254957,-0.0729881972,0.382350802,0.921130061],"scale":1.09549999,"type":"italy_rockface_tall_narrow"}
{"ctxid":0,"pos":[578.65802,-405.138,327.084991],"rotationMatrix":[0.892259121,0.451523721,0,-0.451523721,0.892259121,0,0,0,1],"scale":1.20550001,"type":"italy_rockface_tall_narrow"}
{"ctxid":0,"pos":[595.409973,-399.694,329.572998],"rotationMatrix":[0.889651775,0.456639588,-9.59656245e-05,-0.44660297,0.870054007,-0.208690703,-0.0952129439,0.185704917,0.977981687],"scale":1,"type":"italy_rockface_tall_narrow"}
{"ctxid":0,"pos":[997.252991,-645.58197,157.304993],"rotationMatrix":[-0.719877005,-0.694078505,0.00566712581,-0.0416363478,0.0350310802,-0.998518527,0.692851722,-0.719046474,-0.0541169643],"scale":1.1049,"type":"italy_rockface_tall_narrow"}
{"ctxid":0,"pos":[995.749023,-644.182007,157.873001],"rotationMatrix":[0.889297009,0.457330108,-9.50401009e-05,0.0102660172,-0.0201704502,-0.999743819,-0.457214862,0.889068246,-0.0226324797],"scale":0.981000006,"type":"italy_rockface_tall_narrow"}
{"ctxid":0,"pos":[249.386993,-617.528992,349.251007],"rotationMatrix":[-0.975499749,-0.220000535,-5.78541221e-05,0.209233284,-0.927675605,-0.309256196,0.0679828599,-0.301691473,0.950978756],"scale":1,"type":"italy_rockface_tall_narrow"}
{"ctxid":0,"pos":[233.796005,-619.455017,349.252991],"rotationMatrix":[-0.998155713,0.0607036389,-0.000490537612,-0.057942342,-0.955099463,-0.290564448,-0.0181068312,-0.290000141,0.956855297],"scale":1,"type":"italy_rockface_tall_narrow"}
{"ctxid":0,"pos":[241.326996,-601.677002,338.489014],"rotationMatrix":[-0.984890461,-0.173178449,5.59500404e-05,0.167544261,-0.952929616,-0.252693623,0.0438144095,-0.248866171,0.967546344],"scale":1,"type":"italy_rockface_tall_narrow"}
{"ctxid":0,"pos":[219.121475,-584.186951,331.010681],"rotationMatrix":[-0.461548388,0.770114124,0.440337896,-0.673748374,0.0185970701,-0.738726735,-0.577092826,-0.637635112,0.510279655],"scale":1.52139997,"type":"italy_rockface_tall_narrow"}
{"ctxid":0,"pos":[224.044937,-575.312439,324.975708],"rotationMatrix":[-0.795336425,0.242598712,-0.555504739,0.184965044,-0.775586784,-0.603533506,-0.577258945,-0.582761288,0.571980238],"scale":1,"type":"italy_rockface_tall_narrow"}
{"ctxid":0,"pos":[209.477005,-617.184021,349.63501],"rotationMatrix":[-0.997983336,0.0634763911,9.05004345e-05,-0.0603001267,-0.947598457,-0.313721299,-0.019828137,-0.313094079,0.949515104],"scale":1,"type":"italy_rockface_tall_narrow"}
{"ctxid":0,"pos":[188.419006,-599.577026,340.427002],"rotationMatrix":[-0.861860514,0.497290462,0.0994919538,-0.505224407,-0.824852467,-0.253705949,-0.0440993682,-0.268924892,0.962151051],"scale":1,"type":"italy_rockface_tall_narrow"}
{"ctxid":0,"pos":[157.772003,-611.989014,348.559998],"rotationMatrix":[-0.999712825,-0.0239631012,0.000194186592,0.0204252768,-0.85630095,-0.516073167,0.0125329951,-0.515920997,0.856544495],"scale":1.1128,"type":"italy_rockface_tall_narrow"}
{"ctxid":0,"pos":[1261.73999,1161.63,166.175995],"rotationMatrix":[0.271644711,-0.943452775,0.190015912,0.410449982,-0.0650110245,-0.909562767,0.870482624,0.325069934,0.369580269],"scale":1,"type":"italy_rockface_tall_narrow"}
{"ctxid":0,"pos":[1156.44995,232.024994,247.936996],"rotationMatrix":[-0.326296687,0.945267379,8.54167592e-05,-0.792794466,-0.27361536,-0.544620633,-0.514788747,-0.177775621,0.838682532],"scale":1,"type":"italy_rockface_tall_narrow"}
{"ctxid":0,"pos":[889.890015,1109.73999,148.212006],"rotationMatrix":[-0.907181978,-0.420738459,3.75919626e-05,0.393173069,-0.847778201,-0.355931252,0.149785846,-0.322879642,0.934512138],"scale":1,"type":"italy_rockface_tall_narrow"}
{"ctxid":0,"pos":[570.218994,1464.56006,137.488007],"rotationMatrix":[-0.999516726,0.0310603026,0.00125419744,-0.0258720256,-0.808837175,-0.58746326,-0.0172323436,-0.587211788,0.809249878],"scale":1,"type":"italy_rockface_tall_narrow"}
{"ctxid":0,"pos":[555.838013,1464.94995,137.947006],"rotationMatrix":[-0.999356747,-0.0358614326,-0.00022506027,0.0274233669,-0.760137558,-0.649183214,0.0231095627,-0.648771822,0.760632038],"scale":1,"type":"italy_rockface_tall_narrow"}
{"ctxid":0,"pos":[598.339172,1450.23816,143.285004],"rotationMatrix":[0.38177526,0.924176455,-0.0120609179,-0.0743481517,0.0177007783,-0.9970752,-0.921260059,0.381555408,0.0754685402],"scale":1,"type":"italy_rockface_tall_narrow"}
{"ctxid":0,"pos":[599.934875,1449.39917,143.225998],"rotationMatrix":[-0.512515247,-0.858558357,-0.0143431872,-0.0783556551,0.0633953586,-0.994907737,0.855095625,-0.508781493,-0.0997639894],"scale":1,"type":"italy_rockface_tall_narrow"}
{"ctxid":0,"pos":[616.126221,1439.96313,141.425003],"rotationMatrix":[0.532411754,0.838339567,0.117151946,-0.0253897831,0.15415144,-0.987720966,-0.846104741,0.522899806,0.1033573],"scale":1,"type":"italy_rockface_tall_narrow"}
{"ctxid":0,"pos":[567.874023,1376.35999,144.259003],"rotationMatrix":[-0.987238884,0.070164606,-0.142955631,0.0226850491,-0.826582074,-0.562358856,-0.157622248,-0.558425486,0.814442277],"scale":1.13639998,"type":"italy_rockface_tall_narrow"}
{"ctxid":0,"pos":[560.992981,1393.88,148.121002],"rotationMatrix":[-0.998552322,-0.04978057,0.0203753393,-0.0113178724,-0.175870657,-0.984348238,0.0525848381,-0.98315382,0.175052643],"scale":1.16799998,"type":"italy_rockface_tall_narrow"}
{"ctxid":0,"pos":[611.325012,1366.90002,146.175995],"rotationMatrix":[-0.0219385624,0.993855238,0.108491838,-0.98011446,2.62260437e-05,-0.198433056,-0.19721657,-0.110687755,0.974091291],"scale":0.948099971,"type":"italy_rockface_tall_narrow"}
{"ctxid":0,"pos":[568.999023,1252.64001,165.494003],"rotationMatrix":[-0.990285516,0.139048889,-6.9108326e-05,-0.136717051,-0.97376895,-0.181885898,-0.0253583267,-0.180109531,0.98331964],"scale":0.988099992,"type":"italy_rockface_tall_narrow"}
{"ctxid":0,"pos":[551.825989,1253.5,173.477005],"rotationMatrix":[0.0950635672,0.318095863,-0.943280399,-0.112991005,-0.938000083,-0.327702433,-0.989037871,0.137734756,-0.053227663],"scale":0.98299998,"type":"italy_rockface_tall_narrow"}
{"ctxid":0,"pos":[546.252014,1217.17004,164.830002],"rotationMatrix":[0.992075443,-0.125643581,6.73061077e-05,0.120489247,0.951224923,-0.283995569,0.0356181972,0.281753153,0.958825588],"scale":1,"type":"italy_rockface_tall_narrow"}
{"ctxid":0,"pos":[513.648987,1220.84998,165.445999],"rotationMatrix":[0.466940165,-0.803990901,0.368192255,0.877090156,0.368063211,-0.308613628,0.112604521,0.46704188,0.877035975],"scale":1,"type":"italy_rockface_tall_narrow"}
{"ctxid":0,"pos":[569.643005,1212.18005,164.524994],"rotationMatrix":[0.968528628,-0.248902172,-8.40974826e-05,0.238332108,0.927495718,-0.288009554,0.0717642009,0.278925449,0.957627535],"scale":1,"type":"italy_rockface_tall_narrow"}
{"ctxid":0,"pos":[591.255981,1240.81995,165.369003],"rotationMatrix":[-0.455458641,0.890256941,-8.09881385e-05,-0.785482764,-0.401898623,-0.470631808,-0.419015765,-0.21428971,0.882329702],"scale":1.00179994,"type":"italy_rockface_tall_narrow"}
{"ctxid":0,"pos":[326.260986,1678.73999,184.220993],"rotationMatrix":[0.492758751,0.870165944,-9.55495852e-06,-0.785463274,0.444788456,-0.430361152,-0.37448138,0.212071717,0.902656794],"scale":1,"type":"italy_rockface_tall_narrow"}
{"ctxid":0,"pos":[317.700012,1692.93005,191.604996],"rotationMatrix":[0.654809594,0.755793869,-0.000115155577,-0.670768678,0.581074715,-0.460892081,-0.348272502,0.301873803,0.887456179],"scale":1,"type":"italy_rockface_tall_narrow"}
{"ctxid":0,"pos":[326.027008,1704.01001,191.397995],"rotationMatrix":[0.555709481,0.831376553,-6.72138922e-05,-0.714763463,0.477721572,-0.510779083,-0.424617648,0.28389281,0.859712005],"scale":1,"type":"italy_rockface_tall_narrow"}
{"ctxid":0,"pos":[346.845001,1798.18005,187.278],"rotationMatrix":[0.509572744,0.860427558,-1.49737052e-05,-0.776736736,0.460000873,-0.430208325,-0.370156229,0.219234079,0.90272963],"scale":1.22959995,"type":"italy_rockface_tall_narrow"}
{"ctxid":0,"pos":[370.79599,1793.46997,184.707993],"rotationMatrix":[-0.970777988,0.0583072715,-0.232788235,0.236089036,0.0580875874,-0.969993711,-0.043035578,-0.996607304,-0.070155859],"scale":1.05009997,"type":"italy_rockface_tall_narrow"}
{"ctxid":0,"pos":[370.843994,1772.54004,182.647003],"rotationMatrix":[0.430382252,-0.0213866867,-0.902393341,-0.89256984,0.138880968,-0.428988546,0.134499907,0.990078092,0.0406827927],"scale":1.14660001,"type":"italy_rockface_tall_narrow"}
{"ctxid":0,"pos":[434.522003,1918.64001,183.808807],"rotationMatrix":[1,0,0,0,-0.0710625648,-0.997471869,0,0.997471869,-0.0710625648],"scale":1.45819998,"type":"italy_rockface_tall_narrow"}
{"ctxid":0,"pos":[430.877014,1942.64001,196.030457],"rotationMatrix":[-0.923331261,-0.383938313,-0.00712460699,0.0304661989,-0.0547478199,-0.998035312,0.382793933,-0.921734273,0.0622475147],"scale":1.00100005,"type":"italy_rockface_tall_narrow"}
{"ctxid":0,"pos":[402.819,1835.5,199.840942],"rotationMatrix":[-0.534287453,0.816022038,-0.220555931,-0.513675809,-0.520647526,-0.681955516,-0.671322644,-0.251066029,0.69734621],"scale":1.16600001,"type":"italy_rockface_tall_narrow"}
{"ctxid":0,"pos":[489.850006,1462.80005,134.391998],"rotationMatrix":[-0.999697328,-0.0245916788,-0.00070884492,0.0241467543,-0.975278854,-0.219654486,0.00471035112,-0.219605118,0.975577474],"scale":0.918600023,"type":"italy_rockface_tall_narrow"}
{"ctxid":0,"pos":[463.477997,1218.84998,166.354004],"rotationMatrix":[-0.000130534172,-0.917057574,-0.398754835,-8.55813705e-05,0.398754835,-0.917057574,1,-8.55813705e-05,-0.000130534172],"scale":1.16789997,"type":"italy_rockface_tall_narrow"}
{"ctxid":0,"pos":[379.403015,809.763,168.686996],"rotationMatrix":[-0.754062891,0.550361574,-0.35845685,-0.414972156,-0.822246909,-0.38949728,-0.509104371,-0.144955814,0.848410606],"scale":1,"type":"italy_rockface_tall_narrow"}
{"ctxid":0,"pos":[376.309998,822.742004,170.020004],"rotationMatrix":[-0.747583389,0.54165715,-0.384352207,-0.344785124,-0.81111443,-0.472458035,-0.567663908,-0.220682859,0.793130994],"scale":1,"type":"italy_rockface_tall_narrow"}
{"ctxid":0,"pos":[389.061005,821.23999,173.625],"rotationMatrix":[0.941784859,0.334112823,0.0375487059,1.63585482e-05,0.111634731,-0.993749321,-0.336216122,0.935898662,0.105130434],"scale":1,"type":"italy_rockface_tall_narrow"}
{"ctxid":0,"pos":[422.912994,771.797974,160.535995],"rotationMatrix":[-0.486762047,0.86174494,-0.143032596,-0.696864963,-0.481807709,-0.531263173,-0.526727557,-0.158924341,0.835045576],"scale":1,"type":"italy_rockface_tall_narrow"}
{"ctxid":0,"pos":[410.638,761.015991,166.686005],"rotationMatrix":[-0.0140601397,-0.0274269823,0.999524951,-0.495571047,0.868403792,0.0168579053,-0.868453622,-0.495098591,-0.025801897],"scale":1,"type":"italy_rockface_tall_narrow"}
{"ctxid":0,"pos":[361.479004,842.070984,172.205994],"rotationMatrix":[-0.591701984,0.760753572,0.266726106,-0.685158908,-0.300227642,-0.663641989,-0.424789429,-0.575428009,0.698882341],"scale":1,"type":"italy_rockface_tall_narrow"}
{"ctxid":0,"pos":[348.575012,850.432983,170.753006],"rotationMatrix":[-0.915991664,0.401197284,-4.91501742e-05,-0.328031629,-0.749014378,-0.575649798,-0.230985954,-0.527274311,0.817696333],"scale":1,"type":"italy_rockface_tall_narrow"}
{"ctxid":0,"pos":[339.509003,856.317993,171.817993],"rotationMatrix":[-0.915475368,0.402373999,-0.000123423728,-0.261308074,-0.594757438,-0.760251045,-0.305978656,-0.695958853,0.649629354],"scale":1,"type":"italy_rockface_tall_narrow"}
{"ctxid":0,"pos":[360.937012,852.859985,167.266998],"rotationMatrix":[0.826185942,-0.563397527,0,0.563397527,0.826185942,0,0,0,1],"scale":1,"type":"italy_rockface_tall_narrow"}
{"ctxid":0,"pos":[342.694,865.468994,176.391998],"rotationMatrix":[0.375621438,0.799343765,-0.468996853,-0.180489853,-0.433269739,-0.883006632,-0.909027994,0.41632539,-0.0184719563],"scale":1,"type":"italy_rockface_tall_narrow"}
