{"ctxid":0,"pos":[-59.5038986,-556.866028,369.60199],"rotationMatrix":[0.870049238,-0.491853684,-0.0330798998,0.492122501,0.870525956,-1.77035854e-05,0.028805621,-0.0162639599,0.99945271],"scale":1,"type":"italy_wall_stone_individual"}
{"ctxid":0,"pos":[-56.7564011,-558.869995,369.488007],"rotationMatrix":[0.740726233,-0.67094326,-0.0340559147,0.671331286,0.741157413,-5.49923498e-05,0.025277691,-0.0228220671,0.999419928],"scale":1,"type":"italy_wall_stone_individual"}
{"ctxid":0,"pos":[-54.4622002,-561.382996,369.369995],"rotationMatrix":[0.608955741,-0.792429209,-0.0350556038,0.79291898,0.609327078,0.000114181072,0.0212698486,-0.0278657842,0.999385357],"scale":1,"type":"italy_wall_stone_individual"}
{"ctxid":0,"pos":[-52.5876007,-564.224976,369.247986],"rotationMatrix":[0.496508837,-0.867280126,-0.03611359,0.867847979,0.496829867,9.74237264e-05,0.0178578179,-0.0313894786,0.999347687],"scale":1,"type":"italy_wall_stone_individual"}
{"ctxid":0,"pos":[-50.9863014,-567.229004,369.127991],"rotationMatrix":[0.474910259,-0.879428387,-0.0326483808,0.879898787,0.475161195,8.25527604e-05,0.0154406447,-0.0287664756,0.999466896],"scale":1,"type":"italy_wall_stone_individual"}
{"ctxid":0,"pos":[-49.3280983,-570.203003,369.023987],"rotationMatrix":[0.496487379,-0.867570102,-0.0286770761,0.867927313,0.496691227,1.7163271e-05,0.0142287612,-0.0248981379,0.999588728],"scale":1,"type":"italy_wall_stone_individual"}
{"ctxid":0,"pos":[-47.6105995,-573.145996,368.929993],"rotationMatrix":[0.51026535,-0.859588802,-0.0271355622,0.859905124,0.510453939,-2.66211246e-05,0.0138743371,-0.0233204234,0.999631763],"scale":1,"type":"italy_wall_stone_individual"}
{"ctxid":0,"pos":[-45.8540001,-576.065002,368.838013],"rotationMatrix":[0.519526243,-0.85403204,-0.026866328,0.854340971,0.519712925,3.9906754e-05,0.0139286965,-0.0229737367,0.999639034],"scale":1,"type":"italy_wall_stone_individual"}
{"ctxid":0,"pos":[-44.0708008,-578.971008,368.746002],"rotationMatrix":[0.525953412,-0.850063443,-0.0276617445,0.850387812,0.526156425,-7.12536785e-05,0.0146149751,-0.0234857351,0.999617338],"scale":1,"type":"italy_wall_stone_individual"}
{"ctxid":0,"pos":[-42.2677994,-581.862976,368.648987],"rotationMatrix":[0.532916307,-0.845686078,-0.0285521504,0.846031129,0.533133507,6.49642288e-06,0.0152166141,-0.0241594706,0.999592304],"scale":1,"type":"italy_wall_stone_individual"}
{"ctxid":0,"pos":[-40.4333992,-584.734985,368.553009],"rotationMatrix":[0.542351842,-0.839690268,-0.027833445,0.8400172,0.542559743,9.827756e-05,0.0150187835,-0.0234338734,0.99961257],"scale":1,"type":"italy_wall_stone_individual"}
{"ctxid":0,"pos":[-38.5740013,-587.591003,368.458008],"rotationMatrix":[0.54748702,-0.836330235,-0.0284559075,0.83667016,0.547707081,7.27858423e-05,0.0155246286,-0.0238480568,0.999595046],"scale":1,"type":"italy_wall_stone_individual"}
{"ctxid":0,"pos":[-36.7046013,-590.442017,368.358002],"rotationMatrix":[0.548010826,-0.83591795,-0.0304191168,0.83630389,0.548266172,-6.39612481e-05,0.0167312399,-0.0254045743,0.99953723],"scale":1,"type":"italy_wall_stone_individual"}
{"ctxid":0,"pos":[-34.8429985,-593.297974,368.247009],"rotationMatrix":[0.542181373,-0.839540243,-0.0348067731,0.840048254,0.542511702,-5.47406271e-05,0.0189290382,-0.0292096902,0.999394059],"scale":1,"type":"italy_wall_stone_individual"}
{"ctxid":0,"pos":[-80.1632996,-562.429016,370.295013],"rotationMatrix":[0.45612216,0.889667213,-0.0210912209,-0.88986516,0.456223607,-1.98955217e-06,0.00962054264,0.0187692493,0.999777555],"scale":1,"type":"italy_wall_stone_individual"}
{"ctxid":0,"pos":[-78.2444,-559.622009,370.222992],"rotationMatrix":[0.659829259,0.751113474,-0.0213048607,-0.751284242,0.659978747,-1.93453488e-05,0.0140462248,0.0160187706,0.999773026],"scale":1,"type":"italy_wall_stone_individual"}
{"ctxid":0,"pos":[-75.7070007,-557.359009,370.147003],"rotationMatrix":[0.819749117,0.572241843,-0.0234663431,-0.572398603,0.819975495,4.32161323e-05,0.0192665551,0.0133966757,0.999724627],"scale":1,"type":"italy_wall_stone_individual"}
{"ctxid":0,"pos":[-72.6996994,-555.768982,370.05899],"rotationMatrix":[0.934303045,0.355340511,-0.0284768492,-0.355486482,0.934681416,-6.77143835e-05,0.0265927203,0.0101864012,0.99959445],"scale":1,"type":"italy_wall_stone_individual"}
{"ctxid":0,"pos":[-69.3871994,-555.000977,369.947998],"rotationMatrix":[0.994923592,0.0936480463,-0.0368387066,-0.0937140733,0.995599151,-6.57952842e-05,0.036670424,0.00351776648,0.999321222],"scale":1,"type":"italy_wall_stone_individual"}
{"ctxid":0,"pos":[-65.9853973,-554.963013,369.826996],"rotationMatrix":[0.996858716,-0.0715245157,-0.0340138748,0.0715634525,0.997436047,-7.29685198e-05,0.0339318849,-0.002361411,0.999421358],"scale":1,"type":"italy_wall_stone_individual"}
{"ctxid":0,"pos":[-62.6362,-555.549011,369.713989],"rotationMatrix":[0.960771084,-0.275382221,-0.0329174176,0.275532395,0.96129179,2.6638736e-05,0.0316359103,-0.00909540895,0.999458075],"scale":1,"type":"italy_wall_stone_individual"}
{"ctxid":0,"pos":[-124.555,-534.156982,396.244995],"rotationMatrix":[0.882500648,-0.469253302,-0.0315270945,0.469485968,0.882939935,-2.53311482e-05,0.0278484188,-0.0147791738,0.999502897],"scale":1,"type":"italy_wall_stone_individual"}
{"ctxid":0,"pos":[-121.643997,-535.950012,396.126007],"rotationMatrix":[0.815526962,-0.577551603,-0.0367415808,0.577943504,0.816076756,5.74650257e-05,0.0299507603,-0.021281423,0.999324799],"scale":1,"type":"italy_wall_stone_individual"}
{"ctxid":0,"pos":[-119.000999,-538.109009,396.002991],"rotationMatrix":[0.730416298,-0.682158411,-0.0339402705,0.682550251,0.730838656,-5.59664804e-05,0.024843039,-0.0231250618,0.999423862],"scale":1,"type":"italy_wall_stone_individual"}
{"ctxid":0,"pos":[-116.668999,-540.596985,395.899994],"rotationMatrix":[0.636276722,-0.771048307,-0.0252284296,0.771294594,0.636478305,5.13569066e-05,0.0160177499,-0.0194912292,0.999681711],"scale":1,"type":"italy_wall_stone_individual"}
{"ctxid":0,"pos":[-114.660004,-543.353027,395.834015],"rotationMatrix":[0.542773485,-0.839774668,-0.0132462652,0.839848816,0.542820334,6.95839553e-05,0.00713190716,-0.0111626284,0.999912262],"scale":1,"type":"italy_wall_stone_individual"}
{"ctxid":0,"pos":[-112.957001,-546.309998,395.811005],"rotationMatrix":[0.455656528,-0.890152991,-0.00218262337,0.890155196,0.455657482,6.72394235e-05,0.000934675278,-0.00197351165,0.999997616],"scale":1,"type":"italy_wall_stone_individual"}
{"ctxid":0,"pos":[-111.589996,-549.463989,395.737],"rotationMatrix":[0.358664036,-0.932839155,-0.0342234559,0.933386266,0.358873367,2.79940268e-05,0.0122557729,-0.0319537446,0.999414206],"scale":1,"type":"italy_wall_stone_individual"}
{"ctxid":0,"pos":[-110.433998,-552.684998,395.605011],"rotationMatrix":[0.321288943,-0.946080983,-0.0412819684,0.946887374,0.32156539,-5.94544108e-05,0.0133311013,-0.0390702747,0.999147534],"scale":1,"type":"italy_wall_stone_individual"}
{"ctxid":0,"pos":[-109.375999,-555.932007,395.464996],"rotationMatrix":[0.29927659,-0.953349531,-0.0394736789,0.954093695,0.299508333,4.48849496e-05,0.0117799044,-0.0376750194,0.99922061],"scale":1,"type":"italy_wall_stone_individual"}
{"ctxid":0,"pos":[-108.385002,-559.197021,395.345001],"rotationMatrix":[0.282847524,-0.958726406,-0.0289993361,0.959130168,0.282965183,4.84121083e-05,0.00815938879,-0.0278278328,0.99957943],"scale":1,"type":"italy_wall_stone_individual"}
{"ctxid":0,"pos":[-81.2490997,-572.375,370.53299],"rotationMatrix":[-0.227245808,0.973496497,-0.0257659685,-0.973819733,-0.227321744,-1.85745139e-05,-0.00587524753,0.0250871871,0.999668002],"scale":1,"type":"italy_wall_stone_individual"}
{"ctxid":0,"pos":[-81.6723022,-569.000977,370.447998],"rotationMatrix":[-0.017452836,0.99955523,-0.0241816174,-0.999847651,-0.0174562931,6.81375677e-05,-0.000354014133,0.0241791215,0.99970758],"scale":1,"type":"italy_wall_stone_individual"}
{"ctxid":0,"pos":[-81.3251038,-565.620972,370.368988],"rotationMatrix":[0.220846891,0.975052774,-0.0223316699,-0.975296378,0.220900297,-7.72417625e-05,0.00485775806,0.0217970554,0.999750614],"scale":1,"type":"italy_wall_stone_individual"}
{"ctxid":0,"pos":[-154.557999,-528.789978,396.519989],"rotationMatrix":[0.998443127,0.0557792336,0,-0.0557792336,0.998443127,0,0,0,1],"scale":1,"type":"italy_wall_stone_individual"}
{"ctxid":0,"pos":[-151.136993,-528.687012,396.513],"rotationMatrix":[0.999977589,0.00521338778,-0.00420033047,-0.00521338778,0.99998641,1.09490993e-05,0.00420033047,1.09490993e-05,0.999991179],"scale":1,"type":"italy_wall_stone_individual"}
{"ctxid":0,"pos":[-147.716003,-528.754028,396.493011],"rotationMatrix":[0.999023676,-0.0435870402,-0.00720172049,0.0435905531,0.999049425,0.000331360323,0.00718043139,-0.000644963759,0.999974012],"scale":1,"type":"italy_wall_stone_individual"}
{"ctxid":0,"pos":[-144.302994,-528.986023,396.464996],"rotationMatrix":[0.995762348,-0.091501236,-0.00921245478,0.0915044174,0.995804667,-7.67517704e-05,0.009180828,-0.0007665538,0.999957561],"scale":1,"type":"italy_wall_stone_individual"}
{"ctxid":0,"pos":[-140.904007,-529.380981,396.432007],"rotationMatrix":[0.990177989,-0.139453173,-0.0100180432,0.139459163,0.990227818,-0.000102507693,0.00993444026,-0.00129560707,0.999949813],"scale":1,"type":"italy_wall_stone_individual"}
{"ctxid":0,"pos":[-137.531006,-529.942017,396.398987],"rotationMatrix":[0.982097149,-0.188148454,-0.00923857559,0.188156232,0.982139111,-2.74594477e-05,0.00907873269,-0.0017113277,0.999957323],"scale":1,"type":"italy_wall_stone_individual"}
{"ctxid":0,"pos":[-134.192993,-530.671997,396.371002],"rotationMatrix":[0.970936298,-0.239240453,-0.00683458382,0.239245147,0.970959187,-0.000134019851,0.00666816486,-0.00150501623,0.999976635],"scale":1,"type":"italy_wall_stone_individual"}
{"ctxid":0,"pos":[-130.899994,-531.583984,396.355011],"rotationMatrix":[0.955417752,-0.295253038,-0.00160129438,0.295253038,0.955419064,-0.000241783127,0.00160129438,-0.000241783127,0.999998689],"scale":1,"type":"italy_wall_stone_individual"}
{"ctxid":0,"pos":[-127.666,-532.718018,396.330994],"rotationMatrix":[0.928420305,-0.371147037,-0.0168998521,0.371200174,0.928552866,7.71269424e-06,0.0156895444,-0.00628038868,0.999857187],"scale":1,"type":"italy_wall_stone_individual"}
{"ctxid":0,"pos":[-186.947998,-553.91803,422.080994],"rotationMatrix":[0.94958806,-0.30031231,0.0899723545,0.301540703,0.953453302,-6.3081985e-05,-0.0857654884,0.0271902271,0.995944262],"scale":1,"type":"italy_wall_stone_individual"}
{"ctxid":0,"pos":[-183.695007,-554.922974,422.385986],"rotationMatrix":[0.953338146,-0.288589805,0.0886696801,0.289730936,0.95710814,1.08046856e-06,-0.0848667845,0.0256893169,0.996061087],"scale":1,"type":"italy_wall_stone_individual"}
{"ctxid":0,"pos":[-180.432007,-555.896973,422.686005],"rotationMatrix":[0.955780745,-0.281097978,0.0864123926,0.28215906,0.959367633,-6.84492479e-05,-0.0828820094,0.0244474635,0.996259451],"scale":1,"type":"italy_wall_stone_individual"}
{"ctxid":0,"pos":[-177.158997,-556.846985,422.97699],"rotationMatrix":[0.957874537,-0.274769276,0.0835357085,0.275730282,0.961235046,3.41470513e-05,-0.0803068355,0.0230006166,0.996504784],"scale":1,"type":"italy_wall_stone_individual"}
{"ctxid":0,"pos":[-173.880005,-557.776978,423.256989],"rotationMatrix":[0.95987165,-0.268826127,0.07986819,0.269680858,0.962949753,8.81946835e-05,-0.0769327655,0.0214542672,0.996805429],"scale":1,"type":"italy_wall_stone_individual"}
{"ctxid":0,"pos":[-170.593002,-558.687012,423.522003],"rotationMatrix":[0.962013721,-0.262492448,0.0750154778,0.263236046,0.964731455,-2.64839127e-05,-0.0723628402,0.0197722558,0.997182369],"scale":1,"type":"italy_wall_stone_individual"}
{"ctxid":0,"pos":[-167.296005,-559.572998,423.768005],"rotationMatrix":[0.96450913,-0.255002052,0.068528004,0.255601108,0.966782331,2.76220035e-05,-0.0662587062,0.0174891911,0.997649193],"scale":1,"type":"italy_wall_stone_individual"}
{"ctxid":0,"pos":[-163.988998,-560.429993,423.987],"rotationMatrix":[0.967851281,-0.244597435,0.0586173311,0.24501653,0.9695189,3.87751788e-05,-0.0568400957,0.0143246865,0.998280525],"scale":1,"type":"italy_wall_stone_individual"}
{"ctxid":0,"pos":[-160.662003,-561.244019,424.161987],"rotationMatrix":[0.972755432,-0.228130192,0.0412733033,0.228327364,0.973584414,-6.51058654e-05,-0.0401681922,0.00948715676,0.999147892],"scale":1,"type":"italy_wall_stone_individual"}
{"ctxid":0,"pos":[-157.348007,-562.059021,424.295013],"rotationMatrix":[0.963270664,-0.265005589,0.0433781855,0.265254885,0.964178324,8.79160598e-06,-0.0418266356,0.0114978077,0.999058723],"scale":1,"type":"italy_wall_stone_individual"}
{"ctxid":0,"pos":[-154.095001,-563.073975,424.460999],"rotationMatrix":[0.94119215,-0.333533436,0.0539701656,0.33402288,0.942564964,-5.14361491e-05,-0.0508532301,0.0180756822,0.998542547],"scale":1,"type":"italy_wall_stone_individual"}
{"ctxid":0,"pos":[-150.938004,-564.346008,424.661987],"rotationMatrix":[0.907108903,-0.416153133,0.0630080104,0.41697824,0.908916473,5.99270898e-05,-0.0572939552,0.026218608,0.99801302],"scale":1,"type":"italy_wall_stone_individual"}
{"ctxid":0,"pos":[-147.919006,-565.921021,424.889008],"rotationMatrix":[0.857384562,-0.509910703,0.0698769838,0.511164308,0.859483004,-6.8967769e-05,-0.0600229129,0.0357777551,0.997555614],"scale":1,"type":"italy_wall_stone_individual"}
{"ctxid":0,"pos":[-145.098007,-567.825989,425.13501],"rotationMatrix":[0.790209889,-0.608411849,0.0735074207,0.610068381,0.792348742,-0.000104973573,-0.0581796467,0.0449275076,0.997294664],"scale":1,"type":"italy_wall_stone_individual"}
{"ctxid":0,"pos":[-142.531006,-570.065002,425.388],"rotationMatrix":[0.708141088,-0.702255368,0.0733050108,0.704153776,0.710047483,-7.62744821e-05,-0.0519964732,0.0516720153,0.997309566],"scale":1,"type":"italy_wall_stone_individual"}
{"ctxid":0,"pos":[-140.259003,-572.606018,425.632996],"rotationMatrix":[0.617661595,-0.783346713,0.0697287843,0.78525579,0.6191715,5.17510816e-05,-0.0432146154,0.0547229685,0.997565985],"scale":1,"type":"italy_wall_stone_individual"}
{"ctxid":0,"pos":[-138.298004,-575.398987,425.860992],"rotationMatrix":[0.527033806,-0.847466469,0.0635288507,0.84917897,0.52810514,8.46108087e-05,-0.0336216204,0.053902775,0.997979999],"scale":1,"type":"italy_wall_stone_individual"}
{"ctxid":0,"pos":[-136.619003,-578.364014,426.074005],"rotationMatrix":[0.474644303,-0.877585769,0.0674980283,0.879592597,0.475727677,-2.63903949e-05,-0.0320875198,0.0593832955,0.997719407],"scale":1,"type":"italy_wall_stone_individual"}
{"ctxid":0,"pos":[-135.016006,-581.356018,426.338989],"rotationMatrix":[0.465867996,-0.880447268,0.088202402,0.883894682,0.467685938,-6.19414423e-05,-0.0411964841,0.0779904872,0.996102571],"scale":1,"type":"italy_wall_stone_individual"}
{"ctxid":0,"pos":[-133.455994,-584.362976,426.674011],"rotationMatrix":[0.448426843,-0.887179613,0.10874591,0.892469227,0.451108217,6.29912392e-05,-0.0491120592,0.0970241353,0.994069576],"scale":1,"type":"italy_wall_stone_individual"}
{"ctxid":0,"pos":[-131.970993,-587.403992,427.075989],"rotationMatrix":[0.420133591,-0.898622096,0.1263569,0.905884564,0.423524737,-3.03124361e-05,-0.0534880348,0.1144775,0.991984844],"scale":1,"type":"italy_wall_stone_individual"}
{"ctxid":0,"pos":[-130.598999,-590.492004,427.529999],"rotationMatrix":[0.381059647,-0.914150178,0.138286039,0.923012912,0.384768963,9.86032683e-05,-0.0532983132,0.12760222,0.990392327],"scale":1,"type":"italy_wall_stone_individual"}
{"ctxid":0,"pos":[-129.371994,-593.642029,428.010986],"rotationMatrix":[0.334067106,-0.931830227,0.141744956,0.94133532,0.337472677,-1.36339304e-05,-0.047822345,0.133434087,0.989903212],"scale":1,"type":"italy_wall_stone_individual"}
{"ctxid":0,"pos":[-128.309998,-596.859009,428.48999],"rotationMatrix":[0.284471273,-0.948862791,0.136877686,0.957882881,0.287159204,-0.000113048962,-0.0391984209,0.131144956,0.99058795],"scale":1,"type":"italy_wall_stone_individual"}
{"ctxid":0,"pos":[-127.414001,-600.132996,428.94101],"rotationMatrix":[0.237911224,-0.963139653,0.125540003,0.970822096,0.23980093,-6.125035e-05,-0.0300456174,0.121891581,0.992088556],"scale":1,"type":"italy_wall_stone_individual"}
{"ctxid":0,"pos":[-245.393005,-505.546997,398.945007],"rotationMatrix":[0.968063593,0.249957204,-0.0193462409,-0.250002652,0.968245149,7.1390954e-05,0.0187497493,0.0047675008,0.999812841],"scale":1,"type":"italy_wall_stone_individual"}
{"ctxid":0,"pos":[-242.031998,-504.712006,398.873993],"rotationMatrix":[0.972528934,0.231763393,-0.0217531659,-0.231819689,0.97275877,-6.827381e-05,0.0211447589,0.0051092105,0.99976337],"scale":1,"type":"italy_wall_stone_individual"}
{"ctxid":0,"pos":[-238.656006,-503.946991,398.794006],"rotationMatrix":[0.977535844,0.209382594,-0.0241372306,-0.209445149,0.977820396,-6.50433431e-05,0.0235882569,0.00511900801,0.999708652],"scale":1,"type":"italy_wall_stone_individual"}
{"ctxid":0,"pos":[-235.261002,-503.268005,398.707001],"rotationMatrix":[0.98294878,0.181987494,-0.0263105966,-0.182050183,0.983289242,1.31774887e-05,0.0258733258,0.00477689598,0.999653816],"scale":1,"type":"italy_wall_stone_individual"}
{"ctxid":0,"pos":[-231.848007,-502.695007,398.612],"rotationMatrix":[0.98855567,0.148142785,-0.0284851417,-0.148205578,0.988956571,-9.41620965e-05,0.0281566195,0.00431474112,0.999594212],"scale":1,"type":"italy_wall_stone_individual"}
{"ctxid":0,"pos":[-228.416,-502.252991,398.509003],"rotationMatrix":[0.99389863,0.106014132,-0.0304387435,-0.106062233,0.994359493,3.45094886e-05,0.0302707125,0.00319410209,0.999536633],"scale":1,"type":"italy_wall_stone_individual"}
{"ctxid":0,"pos":[-224.966995,-501.975006,398.401001],"rotationMatrix":[0.998055816,0.0533597283,-0.0322075821,-0.0533869602,0.998573899,1.44297592e-05,0.0321624205,0.00170506316,0.999481201],"scale":1,"type":"italy_wall_stone_individual"}
{"ctxid":0,"pos":[-221.507004,-501.903015,398.286987],"rotationMatrix":[0.9993577,-0.0129994033,-0.0333946459,0.0129994033,0.999915481,-0.000217124951,0.0333946459,-0.000217124951,0.99944222],"scale":1,"type":"italy_wall_stone_individual"}
{"ctxid":0,"pos":[-218.052002,-502.061005,398.173004],"rotationMatrix":[0.996300459,-0.0795041397,-0.0326264799,0.0795491636,0.99683094,8.22371803e-05,0.0325165465,-0.00267734216,0.999467611],"scale":1,"type":"italy_wall_stone_individual"}
{"ctxid":0,"pos":[-214.619995,-502.477997,398.062012],"rotationMatrix":[0.986065269,-0.163386509,-0.0313071124,0.163467839,0.986548662,3.90282439e-05,0.0308796149,-0.0051561906,0.999509811],"scale":1,"type":"italy_wall_stone_individual"}
{"ctxid":0,"pos":[-211.242004,-503.209015,397.957001],"rotationMatrix":[0.965257525,-0.259658724,-0.0292448588,0.259768844,0.965670824,-3.42486819e-05,0.0282498002,-0.00756384479,0.999572277],"scale":1,"type":"italy_wall_stone_individual"}
{"ctxid":0,"pos":[-207.957001,-504.286011,397.859985],"rotationMatrix":[0.931939602,-0.36161691,-0.0268662907,0.361748993,0.932275534,6.01274878e-05,0.0250250418,-0.00977488793,0.999639034],"scale":1,"type":"italy_wall_stone_individual"}
{"ctxid":0,"pos":[-204.809006,-505.713989,397.772003],"rotationMatrix":[0.886728287,-0.461674601,-0.023864096,0.461804509,0.886981726,-7.61932388e-05,0.0212021936,-0.0109529849,0.999715209],"scale":1,"type":"italy_wall_stone_individual"}
{"ctxid":0,"pos":[-201.834,-507.475006,397.695007],"rotationMatrix":[0.832642317,-0.553417563,-0.0208753031,0.55353719,0.832824469,-5.79821244e-05,0.0174175519,-0.0115069784,0.999782085],"scale":1,"type":"italy_wall_stone_individual"}
{"ctxid":0,"pos":[-199.056,-509.532013,397.627991],"rotationMatrix":[0.769613266,-0.638266265,-0.0176518653,0.638366044,0.769732952,2.15599121e-05,0.0135734612,-0.0112849437,0.999844193],"scale":1,"type":"italy_wall_stone_individual"}
{"ctxid":0,"pos":[-196.559998,-511.925995,397.571991],"rotationMatrix":[0.693195105,-0.720579445,-0.0156777166,0.720668674,0.693279624,6.06668218e-05,0.0108253257,-0.0113404924,0.999877095],"scale":1,"type":"italy_wall_stone_individual"}
{"ctxid":0,"pos":[-194.195007,-514.453979,397.515015],"rotationMatrix":[0.677791834,-0.735050857,-0.0172763597,0.735161424,0.677892089,7.2189323e-05,0.0116584441,-0.0127498414,0.99985075],"scale":1,"type":"italy_wall_stone_individual"}
{"ctxid":0,"pos":[-191.841995,-516.995972,397.450012],"rotationMatrix":[0.683965921,-0.72922045,-0.020691853,0.729376137,0.684112906,-3.42803432e-05,0.0141805615,-0.0150686968,0.9997859],"scale":1,"type":"italy_wall_stone_individual"}
{"ctxid":0,"pos":[-189.431,-519.482971,397.368011],"rotationMatrix":[0.711642027,-0.702013254,-0.0272582006,0.702275276,0.711905479,5.59883156e-05,0.019365957,-0.0191826038,0.999628425],"scale":1,"type":"italy_wall_stone_individual"}
{"ctxid":0,"pos":[-247.287003,-523.190002,417.419006],"rotationMatrix":[0.989182472,-0.142770752,0.0336830765,0.142852783,0.989743948,-2.90898079e-05,-0.0333334692,0.004840496,0.999432564],"scale":1,"type":"italy_wall_stone_individual"}
{"ctxid":0,"pos":[-243.940994,-523.856995,417.540985],"rotationMatrix":[0.968647718,-0.245564833,0.0376764312,0.245737106,0.96933651,6.00136445e-05,-0.0365358777,0.00920036528,0.999289989],"scale":1,"type":"italy_wall_stone_individual"}
{"ctxid":0,"pos":[-240.675003,-524.846985,417.673004],"rotationMatrix":[0.942387581,-0.332177311,0.0395459868,0.332434565,0.943126321,7.48030798e-05,-0.0373217091,0.0130759599,0.999217749],"scale":1,"type":"italy_wall_stone_individual"}
{"ctxid":0,"pos":[-237.503998,-526.111023,417.809998],"rotationMatrix":[0.912537217,-0.40702492,0.0400815532,0.407354236,0.913270235,-5.35374929e-05,-0.0365834981,0.0163762458,0.99919641],"scale":1,"type":"italy_wall_stone_individual"}
{"ctxid":0,"pos":[-234.438995,-527.616028,417.946991],"rotationMatrix":[0.880093098,-0.473148882,0.0395761207,0.473517746,0.880784273,6.05129826e-05,-0.0348866582,0.0186867397,0.999216557],"scale":1,"type":"italy_wall_stone_individual"}
{"ctxid":0,"pos":[-231.488007,-529.335999,418.079987],"rotationMatrix":[0.845643163,-0.532373369,0.03829116,0.5327636,0.846264124,1.6274229e-05,-0.032413099,0.0203863736,0.999266624],"scale":1,"type":"italy_wall_stone_individual"}
{"ctxid":0,"pos":[-228.658005,-531.247009,418.207001],"rotationMatrix":[0.810028911,-0.585233867,0.0368031003,0.585632861,0.810576439,-7.44920108e-05,-0.0297881309,0.0216134451,0.999322534],"scale":1,"type":"italy_wall_stone_individual"}
{"ctxid":0,"pos":[-225.953995,-533.296021,418.38501],"rotationMatrix":[0.785335541,-0.615245283,0.0687117204,0.616701484,0.787197113,2.54154875e-05,-0.0541053042,0.0423546582,0.997636557],"scale":1,"type":"italy_wall_stone_individual"}
{"ctxid":0,"pos":[-223.246002,-535.367004,418.63501],"rotationMatrix":[0.810028911,-0.582454026,0.0678267404,0.583797693,0.811899185,1.42487243e-05,-0.0550767742,0.0395855494,0.997697115],"scale":1,"type":"italy_wall_stone_individual"}
{"ctxid":0,"pos":[-220.378006,-537.242981,418.813995],"rotationMatrix":[0.864757538,-0.500102639,0.0457355417,0.50062418,0.865664721,5.84158879e-05,-0.0396208614,0.0228458047,0.998953581],"scale":1,"type":"italy_wall_stone_individual"}
{"ctxid":0,"pos":[-217.373001,-538.846008,418.990997],"rotationMatrix":[0.890932322,-0.450603008,0.0565379076,0.451329082,0.892357588,-8.22389848e-05,-0.0504149757,0.0255904719,0.99840045],"scale":1,"type":"italy_wall_stone_individual"}
{"ctxid":0,"pos":[-214.319,-540.357971,419.195007],"rotationMatrix":[0.89661932,-0.438355088,0.0625987947,0.439221144,0.898378968,-8.27225085e-05,-0.0562011786,0.0275688861,0.998038769],"scale":1,"type":"italy_wall_stone_individual"}
{"ctxid":0,"pos":[-211.259003,-541.856995,419.419006],"rotationMatrix":[0.894243002,-0.442269921,0.0687514916,0.443315029,0.896365881,6.28273337e-05,-0.0616542771,0.0304223858,0.997633815],"scale":1,"type":"italy_wall_stone_individual"}
{"ctxid":0,"pos":[-208.229004,-543.401001,419.669006],"rotationMatrix":[0.878937483,-0.470291018,0.0793427452,0.471784532,0.881713867,-8.83651155e-05,-0.0699160397,0.0375103466,0.996847391],"scale":1,"type":"italy_wall_stone_individual"}
{"ctxid":0,"pos":[-205.302002,-545.106995,419.981995],"rotationMatrix":[0.856852293,-0.505017281,0.103738666,0.50776279,0.861496925,-6.63530154e-05,-0.0893370286,0.0527314879,0.994604588],"scale":1,"type":"italy_wall_stone_individual"}
{"ctxid":0,"pos":[-202.354004,-546.791016,420.348999],"rotationMatrix":[0.868659735,-0.483142197,0.109562285,0.486073047,0.873918176,-4.89111262e-05,-0.0957248434,0.0532977618,0.993979931],"scale":1,"type":"italy_wall_stone_individual"}
{"ctxid":0,"pos":[-199.373993,-548.41803,420.726013],"rotationMatrix":[0.876253247,-0.469049454,0.110330649,0.471922427,0.881640077,8.3838393e-05,-0.0973112434,0.0519940406,0.993894935],"scale":1,"type":"italy_wall_stone_individual"}
{"ctxid":0,"pos":[-196.363998,-549.999023,421.100006],"rotationMatrix":[0.884371042,-0.454057395,0.108257689,0.456734329,0.889603138,7.64730212e-05,-0.0963411033,0.0493773744,0.994122863],"scale":1,"type":"italy_wall_stone_individual"}
{"ctxid":0,"pos":[-193.317001,-551.515015,421.460999],"rotationMatrix":[0.898143172,-0.427904159,0.101177402,0.430117279,0.902773023,-6.47535489e-05,-0.0913125202,0.0435763076,0.994868398],"scale":1,"type":"italy_wall_stone_individual"}
{"ctxid":0,"pos":[-190.179993,-552.849976,421.773987],"rotationMatrix":[0.939296126,-0.331578165,0.0881969854,0.332883,0.94296813,-9.16100689e-05,-0.0831365734,0.0294453278,0.996103048],"scale":1,"type":"italy_wall_stone_individual"}
{"ctxid":0,"pos":[-68.5205002,-811.059021,447.869995],"rotationMatrix":[0.636463761,-0.768493652,0.0658135042,0.770162344,0.6378479,2.46086893e-05,-0.041997917,0.050671421,0.997831941],"scale":1,"type":"italy_wall_stone_individual"}
{"ctxid":0,"pos":[-66.376503,-813.875,448.187012],"rotationMatrix":[0.573168874,-0.812385023,0.107275642,0.817097604,0.576499343,4.19260577e-05,-0.0618783981,0.0876306444,0.994229317],"scale":1,"type":"italy_wall_stone_individual"}
{"ctxid":0,"pos":[-64.4135971,-816.822021,448.613007],"rotationMatrix":[0.527526259,-0.839579105,0.129703432,0.846725821,0.53202951,8.29505952e-05,-0.0690756962,0.109779477,0.99155283],"scale":1,"type":"italy_wall_stone_individual"}
{"ctxid":0,"pos":[-62.5945015,-819.856995,449.102997],"rotationMatrix":[0.489884257,-0.859931052,0.143289849,0.868898273,0.494990706,-1.1848646e-05,-0.0709169507,0.124510102,0.989680767],"scale":1,"type":"italy_wall_stone_individual"}
{"ctxid":0,"pos":[-60.9028015,-822.961975,449.631989],"rotationMatrix":[0.455290318,-0.877280295,0.151953861,0.887592196,0.460630059,-6.88327927e-05,-0.0699341297,0.134904414,0.988387585],"scale":1,"type":"italy_wall_stone_individual"}
{"ctxid":0,"pos":[-59.331501,-826.127991,450.184998],"rotationMatrix":[0.421056986,-0.893337965,0.157029644,0.904563069,0.426339865,-4.46333906e-05,-0.0669081211,0.142062008,0.987593889],"scale":1,"type":"italy_wall_stone_individual"}
{"ctxid":0,"pos":[-57.8844986,-829.35199,450.752991],"rotationMatrix":[0.385001779,-0.909025669,0.159518033,0.92081815,0.389992237,-2.30522019e-05,-0.0621898398,0.146895975,0.987195015],"scale":1,"type":"italy_wall_stone_individual"}
{"ctxid":0,"pos":[-56.5719986,-832.63501,451.324005],"rotationMatrix":[0.34500885,-0.924987078,0.159272879,0.936952472,0.349456787,-8.72383389e-05,-0.0555782951,0.149261221,0.987234592],"scale":1,"type":"italy_wall_stone_individual"}
{"ctxid":0,"pos":[-55.4132004,-835.976013,451.890991],"rotationMatrix":[0.297672868,-0.941774786,0.156368405,0.953498006,0.301399231,0.000126050232,-0.0472480282,0.149059445,0.987698793],"scale":1,"type":"italy_wall_stone_individual"}
{"ctxid":0,"pos":[-54.4415016,-839.382019,452.44101],"rotationMatrix":[0.238507509,-0.959504306,0.149885446,0.970468163,0.241229296,-2.26280536e-05,-0.0361350477,0.14546445,0.98870337],"scale":1,"type":"italy_wall_stone_individual"}
{"ctxid":0,"pos":[-53.7187004,-842.85498,452.962006],"rotationMatrix":[0.158803701,-0.977214873,0.14082779,0.98704952,0.160415649,9.54194329e-05,-0.0226842258,0.138988853,0.990034103],"scale":1,"type":"italy_wall_stone_individual"}
{"ctxid":0,"pos":[-53.2958984,-846.380981,453.450989],"rotationMatrix":[0.0723791122,-0.988561928,0.132312268,0.997329354,0.0730350018,0.000104366947,-0.00976660009,0.131951362,0.991208076],"scale":1,"type":"italy_wall_stone_individual"}
{"ctxid":0,"pos":[-53.1893997,-849.934021,453.911011],"rotationMatrix":[-0.0165860653,-0.992063999,0.124635145,0.999860406,-0.0167096853,5.35345789e-05,0.00202950439,0.124618627,0.99220264],"scale":1,"type":"italy_wall_stone_individual"}
{"ctxid":0,"pos":[-53.3981018,-853.484985,454.346985],"rotationMatrix":[-0.103109121,-0.987556577,0.118745774,0.994593143,-0.103848338,-3.77447177e-05,0.0123688262,0.118099838,0.99292469],"scale":1,"type":"italy_wall_stone_individual"}
{"ctxid":0,"pos":[-53.9070015,-857.005005,454.765991],"rotationMatrix":[-0.182693243,-0.97635603,0.115551293,0.982941985,-0.183915734,8.33333906e-05,0.0211703386,0.113595448,0.993301511],"scale":1,"type":"italy_wall_stone_individual"}
{"ctxid":0,"pos":[-54.6832008,-860.476013,455.178986],"rotationMatrix":[-0.251640439,-0.960909486,0.115455955,0.967376351,-0.253343582,-7.99912159e-05,0.0293268897,0.111669235,0.993312597],"scale":1,"type":"italy_wall_stone_individual"}
{"ctxid":0,"pos":[-55.6869011,-863.88501,455.596985],"rotationMatrix":[-0.309133887,-0.943588674,0.118645035,0.950303495,-0.311325073,6.90517845e-05,0.0368720181,0.11277014,0.99293673],"scale":1,"type":"italy_wall_stone_individual"}
{"ctxid":0,"pos":[-63.5313988,-917.802002,460.819],"rotationMatrix":[0.266262293,-0.954815209,0.13203159,0.963247061,0.268616915,2.3726061e-05,-0.035488572,0.127172738,0.991245508],"scale":1,"type":"italy_wall_stone_individual"}
{"ctxid":0,"pos":[-62.5918999,-921.10199,461.332001],"rotationMatrix":[0.272858858,-0.948074698,0.163408846,0.960991383,0.276578307,1.14906943e-05,-0.0452062339,0.157031357,0.986558437],"scale":1,"type":"italy_wall_stone_individual"}
{"ctxid":0,"pos":[-61.6604004,-924.390991,461.946014],"rotationMatrix":[0.257425785,-0.947824419,0.188044801,0.965044498,0.262086153,-8.33713493e-05,-0.0492049158,0.181493059,0.982160449],"scale":1,"type":"italy_wall_stone_individual"}
{"ctxid":0,"pos":[-60.8377991,-927.710999,462.617004],"rotationMatrix":[0.203524828,-0.960075617,0.191917911,0.978261352,0.207375765,-2.11733677e-05,-0.0397787988,0.18775019,0.98141098],"scale":1,"type":"italy_wall_stone_individual"}
{"ctxid":0,"pos":[-60.269001,-931.114014,463.247986],"rotationMatrix":[0.10953474,-0.980681777,0.162065953,0.993819952,0.111004233,1.24732424e-05,-0.01800224,0.161063015,0.986779928],"scale":1,"type":"italy_wall_stone_individual"}
{"ctxid":0,"pos":[-60.0637016,-934.596985,463.726013],"rotationMatrix":[0.00335907936,-0.994263828,0.106902659,0.999994278,0.00337421894,-3.92547154e-05,-0.000321683445,0.106902182,0.99426949],"scale":1,"type":"italy_wall_stone_individual"}
{"ctxid":0,"pos":[-60.2085991,-938.098022,464.011993],"rotationMatrix":[-0.0795601606,-0.994928837,0.0615368523,0.996818244,-0.0797080994,5.09120873e-05,0.00485433172,0.0613451079,0.998104811],"scale":1,"type":"italy_wall_stone_individual"}
{"ctxid":0,"pos":[-60.4971008,-941.593994,464.165985],"rotationMatrix":[-0.0621728897,-0.997714698,0.0264548883,0.99806422,-0.0621916056,0.000115524774,0.00153001118,0.0264108591,0.999650002],"scale":1,"type":"italy_wall_stone_individual"}
{"ctxid":0,"pos":[-60.4684982,-945.101013,464.199005],"rotationMatrix":[0.105399609,-0.994405746,-0.00693958066,0.994429648,0.10540247,-4.68246581e-05,0.000778011628,-0.00689598965,0.99997592],"scale":1,"type":"italy_wall_stone_individual"}
{"ctxid":0,"pos":[-59.6134987,-948.484985,464.128998],"rotationMatrix":[0.387179375,-0.921506882,-0.0302856769,0.921930313,0.387355804,4.49941435e-05,0.0116898706,-0.0279387049,0.999541283],"scale":1,"type":"italy_wall_stone_individual"}
{"ctxid":0,"pos":[-57.8107986,-951.463013,464.006012],"rotationMatrix":[0.622189045,-0.781956851,-0.0377396606,0.782514393,0.622632504,3.43832448e-06,0.0234952495,-0.0295339655,0.999287605],"scale":1,"type":"italy_wall_stone_individual"}
{"ctxid":0,"pos":[-55.3809013,-953.95697,463.876007],"rotationMatrix":[0.750486374,-0.659886897,-0.0363242254,0.660322189,0.750982404,-1.77100937e-05,0.0272905417,-0.0239724033,0.999340057],"scale":1,"type":"italy_wall_stone_individual"}
{"ctxid":0,"pos":[-52.8905983,-956.392029,463.753998],"rotationMatrix":[0.664145231,-0.74684155,-0.0337466896,0.74726665,0.664524317,-2.31907143e-05,0.0224428158,-0.025202373,0.999430418],"scale":1,"type":"italy_wall_stone_individual"}
{"ctxid":0,"pos":[-50.7709999,-959.155029,463.639008],"rotationMatrix":[0.552144408,-0.833133042,-0.0320294872,0.83356154,0.552426577,4.74788831e-05,0.0176543836,-0.0267247651,0.999486923],"scale":1,"type":"italy_wall_stone_individual"}
{"ctxid":0,"pos":[-49.0438995,-962.18103,463.529999],"rotationMatrix":[0.441026926,-0.896955609,-0.031077927,0.897388637,0.441241026,-3.46048437e-05,0.0137438951,-0.0278737172,0.999516964],"scale":1,"type":"italy_wall_stone_individual"}
{"ctxid":0,"pos":[-47.6836014,-965.390991,463.42099],"rotationMatrix":[0.34278512,-0.938896358,-0.0311773475,0.939352036,0.342954397,-8.73270401e-05,0.0107743992,-0.0292565711,0.999513865],"scale":1,"type":"italy_wall_stone_individual"}
{"ctxid":0,"pos":[-46.6346016,-968.716003,463.311005],"rotationMatrix":[0.263017178,-0.964252412,-0.0322371423,0.964754164,0.263152719,3.96421892e-05,0.0084450664,-0.0311113447,0.999480247],"scale":1,"type":"italy_wall_stone_individual"}
{"ctxid":0,"pos":[-45.8306007,-972.109009,463.196014],"rotationMatrix":[0.201814294,-0.978834212,-0.03397879,0.979399145,0.201933861,-8.90010706e-05,0.00694858562,-0.0332608372,0.99942255],"scale":1,"type":"italy_wall_stone_individual"}
{"ctxid":0,"pos":[-273.842987,-528.375,416.471985],"rotationMatrix":[0.953306913,0.301390022,0.0192350764,-0.301446825,0.953482985,5.71437922e-05,-0.0183230955,-0.00585282827,0.999814987],"scale":1,"type":"italy_wall_stone_individual"}
{"ctxid":0,"pos":[-270.595001,-527.330994,416.553986],"rotationMatrix":[0.95049262,0.309434175,0.0285353437,-0.309558094,0.950880527,-7.88355392e-05,-0.0271580964,-0.00875841361,0.999592781],"scale":1,"type":"italy_wall_stone_individual"}
{"ctxid":0,"pos":[-267.352997,-526.275024,416.665985],"rotationMatrix":[0.951046467,0.306870103,0.0366245881,-0.307072788,0.951686025,-9.52217742e-05,-0.0348843299,-0.0111558549,0.99932909],"scale":1,"type":"italy_wall_stone_individual"}
{"ctxid":0,"pos":[-264.096985,-525.252991,416.800995],"rotationMatrix":[0.956435919,0.288869143,0.0422487557,-0.289128125,0.957290411,2.05115175e-05,-0.0404384062,-0.0122349216,0.999107122],"scale":1,"type":"italy_wall_stone_individual"}
{"ctxid":0,"pos":[-260.812988,-524.323975,416.950989],"rotationMatrix":[0.96717906,0.250196338,0.0443448126,-0.250442713,0.968131423,2.20068998e-07,-0.042931553,-0.0111060478,0.999016285],"scale":1,"type":"italy_wall_stone_individual"}
{"ctxid":0,"pos":[-257.481995,-523.56897,417.097992],"rotationMatrix":[0.981570721,0.186656594,0.0409662686,-0.186810911,0.982395887,-6.23096785e-05,-0.0402567238,-0.00759178447,0.999160528],"scale":1,"type":"italy_wall_stone_individual"}
{"ctxid":0,"pos":[-254.098007,-523.070984,417.223999],"rotationMatrix":[0.994520664,0.099638246,0.0316365138,-0.0996882394,0.995018721,3.15713214e-06,-0.0314786099,-0.00315692835,0.99949944],"scale":1,"type":"italy_wall_stone_individual"}
{"ctxid":0,"pos":[-250.684998,-522.911011,417.315002],"rotationMatrix":[0.99948597,-0.017602969,0.0267942566,0.017602969,0.999845028,0.000235889849,-0.0267942566,0.000235889849,0.999640942],"scale":1,"type":"italy_wall_stone_individual"}
{"ctxid":0,"pos":[-374.337006,-529.853027,401.563995],"rotationMatrix":[0.955702782,0.284584314,-0.0751263127,-0.285388052,0.958412051,3.8340746e-05,0.072012879,0.0214035101,0.997174025],"scale":1,"type":"italy_wall_stone_individual"}
{"ctxid":0,"pos":[-371.058014,-528.994995,401.31601],"rotationMatrix":[0.972060204,0.223734349,-0.0710063651,-0.224299207,0.974520326,1.87833284e-05,0.0692013428,0.0159084126,0.997475863],"scale":1,"type":"italy_wall_stone_individual"}
{"ctxid":0,"pos":[-367.731995,-528.33197,401.083008],"rotationMatrix":[0.983406067,0.168908089,-0.0662009493,-0.169278339,0.985568285,1.67514281e-05,0.0652483925,0.0111899134,0.997806311],"scale":1,"type":"italy_wall_stone_individual"}
{"ctxid":0,"pos":[-364.376007,-527.844971,400.865997],"rotationMatrix":[0.990867376,0.120213233,-0.0610788129,-0.12043412,0.992721319,6.53777824e-05,0.0606421009,0.00729119265,0.998132944],"scale":1,"type":"italy_wall_stone_individual"}
{"ctxid":0,"pos":[-360.998993,-527.513,400.666992],"rotationMatrix":[0.995440841,0.0770499706,-0.0562212989,-0.0771742165,0.997017622,-3.89361121e-05,0.0560506247,0.00437759329,0.998418331],"scale":1,"type":"italy_wall_stone_individual"}
{"ctxid":0,"pos":[-373.941986,-546.302979,408.298004],"rotationMatrix":[0.926083088,0.377222955,0.00854114071,-0.377236247,0.926117063,-6.05536552e-05,-0.00793293864,-0.00316595007,0.999963522],"scale":1,"type":"italy_wall_stone_individual"}
{"ctxid":0,"pos":[-370.94101,-545.16803,408.371002],"rotationMatrix":[0.946740389,0.318489969,0.0474002324,-0.318845809,0.947806597,-5.64513502e-05,-0.0449442342,-0.015059921,0.998875976],"scale":1,"type":"italy_wall_stone_individual"}
{"ctxid":0,"pos":[-367.878998,-544.268982,408.608002],"rotationMatrix":[0.965340614,0.241067067,0.100020841,-0.242279962,0.97020638,-2.11630177e-05,-0.097045958,-0.0242126156,0.994985342],"scale":1,"type":"italy_wall_stone_individual"}
{"ctxid":0,"pos":[-364.770996,-543.614014,409.006989],"rotationMatrix":[0.975221634,0.165046394,0.147317529,-0.166871786,0.985978603,3.23399763e-05,-0.145246595,-0.0246146768,0.989089251],"scale":1,"type":"italy_wall_stone_individual"}
{"ctxid":0,"pos":[-361.634003,-543.189026,409.542999],"rotationMatrix":[0.977932692,0.0974002033,0.184826538,-0.0991058722,0.995076895,-9.87591557e-06,-0.183917582,-0.018307738,0.982771158],"scale":1,"type":"italy_wall_stone_individual"}
{"ctxid":0,"pos":[-358.489014,-542.958984,410.182007],"rotationMatrix":[0.97670269,0.0438311361,0.210073054,-0.0448467992,0.998993874,7.11844841e-05,-0.209858567,-0.00949062966,0.97768569],"scale":1,"type":"italy_wall_stone_individual"}
{"ctxid":0,"pos":[-355.339996,-542.877014,410.882996],"rotationMatrix":[0.975018859,0.00726451864,0.222003266,-0.0074369926,0.999972343,-5.9052305e-05,-0.221997559,-0.00159345951,0.975045919],"scale":1,"type":"italy_wall_stone_individual"}
{"ctxid":0,"pos":[-352.187012,-542.88501,411.602997],"rotationMatrix":[0.975299597,-0.0106088528,0.220631257,0.0108743729,0.999940872,1.11195377e-05,-0.220618322,0.00238838163,0.975357294],"scale":1,"type":"italy_wall_stone_individual"}
{"ctxid":0,"pos":[-349.019012,-542.924011,412.299988],"rotationMatrix":[0.978353381,-0.0104156854,0.206678912,0.0106743714,0.999943018,-0.000136516217,-0.206665725,0.00233972864,0.978408813],"scale":1,"type":"italy_wall_stone_individual"}
{"ctxid":0,"pos":[-392.022003,-539.661987,403.028992],"rotationMatrix":[0.765335202,0.642093897,-0.0444681756,-0.642729461,0.766093254,8.16920237e-06,0.0340720154,0.0285747536,0.999010801],"scale":1,"type":"italy_wall_stone_individual"}
{"ctxid":0,"pos":[-389.364014,-537.530029,402.846985],"rotationMatrix":[0.79352951,0.605466187,-0.0610047467,-0.606599033,0.795007944,-6.17823171e-05,0.0484618507,0.0370544456,0.998137474],"scale":1,"type":"italy_wall_stone_individual"}
{"ctxid":0,"pos":[-386.596008,-535.554016,402.618988],"rotationMatrix":[0.830244303,0.552752197,-0.0718288347,-0.554183185,0.832394719,8.0009404e-06,0.0597943664,0.039799694,0.997416973],"scale":1,"type":"italy_wall_stone_individual"}
{"ctxid":0,"pos":[-383.700012,-533.780029,402.363007],"rotationMatrix":[0.86874938,0.489126265,-0.0776531547,-0.490600049,0.871384859,0.000112378126,0.0677207485,0.0379990116,0.996980429],"scale":1,"type":"italy_wall_stone_individual"}
{"ctxid":0,"pos":[-380.679993,-532.236023,402.095001],"rotationMatrix":[0.903936148,0.420228273,-0.0794206262,-0.421563089,0.906799078,-4.39629366e-05,0.0720000714,0.0335205421,0.996841192],"scale":1,"type":"italy_wall_stone_individual"}
