{"ctxid":0,"pos":[1369.98474,820.883667,195.260712],"rotationMatrix":[-0.928838074,-0.3704862,0,0.3704862,-0.928838074,0,0,0,1],"scale":1,"type":"italy_guardrails_basic_end_cw"}
{"ctxid":0,"pos":[1404.55273,979.049377,206.391678],"rotationMatrix":[-0.275649011,0.961258292,0,-0.961258292,-0.275649011,0,0,0,1],"scale":1,"type":"italy_guardrails_basic_end_cw"}
{"ctxid":0,"pos":[1410.4552,994.037903,207.514771],"rotationMatrix":[0.45112291,-0.892461896,0,0.892461896,0.45112291,0,0,0,1],"scale":1,"type":"italy_guardrails_basic_end_cw"}
{"ctxid":0,"pos":[1438.99976,1116.72815,213.513168],"rotationMatrix":[0.247030586,0.96900773,0,-0.96900773,0.247030586,0,0,0,1],"scale":1,"type":"italy_guardrails_basic_end_cw"}
{"ctxid":0,"pos":[1611.26221,1325.46118,216.630981],"rotationMatrix":[0.487246186,0.87326479,0,-0.87326479,0.487246186,0,0,0,1],"scale":1,"type":"italy_guardrails_basic_end_cw"}
{"ctxid":0,"pos":[1447.02905,899.455566,209.56134],"rotationMatrix":[0.522766352,0.852476001,0,-0.852476001,0.522766352,0,0,0,1],"scale":1,"type":"italy_guardrails_basic_end_cw"}
{"ctxid":0,"pos":[1407.55212,797.403748,207.239441],"rotationMatrix":[0.627403617,0.778694093,0,-0.778694093,0.627403617,0,0,0,1],"scale":1,"type":"italy_guardrails_basic_end_cw"}
{"ctxid":0,"pos":[873.348999,740.830811,180.830765],"rotationMatrix":[-0.932828844,-0.360320151,0,0.360320151,-0.932828844,0,0,0,1],"scale":1,"type":"italy_guardrails_basic_end_cw"}
{"ctxid":0,"pos":[706.128784,759.961243,178.273422],"rotationMatrix":[-0.841424644,0.540374219,0,-0.540374219,-0.841424644,0,0,0,1],"scale":1,"type":"italy_guardrails_basic_end_cw"}
{"ctxid":0,"pos":[576.136597,892.633911,172.607239],"rotationMatrix":[0.948540926,0.316654474,0,-0.316654474,0.948540926,0,0,0,1],"scale":1,"type":"italy_guardrails_basic_end_cw"}
{"ctxid":0,"pos":[501.342957,1260.05286,172.613953],"rotationMatrix":[0.883018792,-0.469337732,0,0.469337732,0.883018792,0,0,0,1],"scale":1,"type":"italy_guardrails_basic_end_cw"}
{"ctxid":0,"pos":[366.613586,1291.8042,167.654709],"rotationMatrix":[-0.930680454,0.365832776,0,-0.365832776,-0.930680454,0,0,0,1],"scale":1,"type":"italy_guardrails_basic_end_cw"}
{"ctxid":0,"pos":[481.051025,34.5613937,186.003647],"rotationMatrix":[0.55341804,0.832903326,0,-0.832903326,0.55341804,0,0,0,1],"scale":1,"type":"italy_guardrails_basic_end_cw"}
{"ctxid":0,"pos":[-212.91008,830.708191,206.597687],"rotationMatrix":[0.744033456,-0.6681422,0,0.6681422,0.744033456,0,0,0,1],"scale":1,"type":"italy_guardrails_basic_end_cw"}
{"ctxid":0,"pos":[-137.720245,686.092041,199.290649],"rotationMatrix":[-0.0486373901,-0.998816669,0,0.998816669,-0.0486373901,0,0,0,1],"scale":1,"type":"italy_guardrails_basic_end_cw"}
{"ctxid":0,"pos":[-1615.7312,1307.146,163.17276],"rotationMatrix":[-0.562129378,-0.827049315,0,0.827049315,-0.562129378,0,0,0,1],"scale":1,"type":"italy_guardrails_basic_end_cw"}
{"ctxid":0,"pos":[-1661.33545,1435.22302,153.75853],"rotationMatrix":[-0.768801749,0.639487565,0,-0.639487565,-0.768801749,0,0,0,1],"scale":1,"type":"italy_guardrails_basic_end_cw"}
{"ctxid":0,"pos":[-1665.86621,1452.85571,151.994064],"rotationMatrix":[0.487516582,-0.87311393,0,0.87311393,0.487516582,0,0,0,1],"scale":1,"type":"italy_guardrails_basic_end_cw"}
{"ctxid":0,"pos":[-1703.48315,1507.47461,143.063507],"rotationMatrix":[1,0,0,0,1,0,0,0,1],"scale":1,"type":"italy_guardrails_basic_end_cw"}
{"ctxid":0,"pos":[-1703.53259,1046.52271,169.531403],"rotationMatrix":[0.18309015,0.983096242,0,-0.983096242,0.18309015,0,0,0,1],"scale":1,"type":"italy_guardrails_basic_end_cw"}
{"ctxid":0,"pos":[-1692.66064,1030.29822,168.38681],"rotationMatrix":[-0.100632578,-0.994923234,0,0.994923234,-0.100632578,0,0,0,1],"scale":1,"type":"italy_guardrails_basic_end_cw"}
{"ctxid":0,"pos":[-1584.28735,773.486633,151.061707],"rotationMatrix":[-0.697313249,0.716766715,0,-0.716766715,-0.697313249,0,0,0,1],"scale":1,"type":"italy_guardrails_basic_end_cw"}
{"ctxid":0,"pos":[-1587.16174,381.537567,148.52507],"rotationMatrix":[0.0140871266,0.99990046,0,-0.99990046,0.0140871266,0,0,0,1],"scale":1,"type":"italy_guardrails_basic_end_cw"}
{"ctxid":0,"pos":[-1877.60437,-521.739868,153.785736],"rotationMatrix":[-0.0214049723,0.99977088,0,-0.99977088,-0.0214049723,0,0,0,1],"scale":1,"type":"italy_guardrails_basic_end_cw"}
{"ctxid":0,"pos":[-1817.08252,-670.353271,159.727692],"rotationMatrix":[0.724967957,-0.688782334,0,0.688782334,0.724967957,0,0,0,1],"scale":1,"type":"italy_guardrails_basic_end_cw"}
{"ctxid":0,"pos":[-1771.07361,-1185.47229,143.413193],"rotationMatrix":[0.49908331,-0.866553605,0,0.866553605,0.49908331,0,0,0,1],"scale":1,"type":"italy_guardrails_basic_end_cw"}
{"ctxid":0,"pos":[-1720.60291,-1277.41956,147.353546],"rotationMatrix":[-0.806998312,0.590553582,0,-0.590553582,-0.806998312,0,0,0,1],"scale":1,"type":"italy_guardrails_basic_end_cw"}
{"ctxid":0,"pos":[-1768.078,-1603.59497,170.157288],"rotationMatrix":[-0.995306969,0.0967683792,0,-0.0967683792,-0.995306969,0,0,0,1],"scale":1,"type":"italy_guardrails_basic_end_cw"}
{"ctxid":0,"pos":[-1778.74939,-1589.8717,170.058548],"rotationMatrix":[0.935542881,-0.353212953,0,0.353212953,0.935542881,0,0,0,1],"scale":1,"type":"italy_guardrails_basic_end_cw"}
{"ctxid":0,"pos":[-812.762085,-1470.43982,142.872391],"rotationMatrix":[-0.655637145,0.755075991,0,-0.755075991,-0.655637145,0,0,0,1],"scale":1,"type":"italy_guardrails_basic_end_cw"}
{"ctxid":0,"pos":[-473.480957,-1623.21484,143.013184],"rotationMatrix":[0.462703168,-0.886513054,0,0.886513054,0.462703168,0,0,0,1],"scale":1,"type":"italy_guardrails_basic_end_cw"}
{"ctxid":0,"pos":[-322.248322,-1750.06506,157.551788],"rotationMatrix":[0.338531911,-0.940954268,0,0.940954268,0.338531911,0,0,0,1],"scale":1,"type":"italy_guardrails_basic_end_cw"}
{"ctxid":0,"pos":[-188.452789,-1909.79236,155.877197],"rotationMatrix":[1,0,0,0,1,0,0,0,1],"scale":1,"type":"italy_guardrails_basic_end_cw"}
{"ctxid":0,"pos":[915.795959,-1756.91113,159.857056],"rotationMatrix":[-0.244979069,0.969528317,0,-0.969528317,-0.244979069,0,0,0,1],"scale":1,"type":"italy_guardrails_basic_end_cw"}
{"ctxid":0,"pos":[1436.17859,-1631.20105,166.519073],"rotationMatrix":[-0.0102224937,0.999947488,0,-0.999947488,-0.0102224937,0,0,0,1],"scale":1,"type":"italy_guardrails_basic_end_cw"}
{"ctxid":0,"pos":[1756.47681,-1479.87634,167.020355],"rotationMatrix":[-0.350639313,-0.936510444,0,0.936510444,-0.350639313,0,0,0,1],"scale":1,"type":"italy_guardrails_basic_end_cw"}
{"ctxid":0,"pos":[1768.37915,-1398.41125,169.56366],"rotationMatrix":[0.1954007,-0.9807235,0,0.9807235,0.1954007,0,0,0,1],"scale":1,"type":"italy_guardrails_basic_end_cw"}
{"ctxid":0,"pos":[942.412537,-603.975708,166.074036],"rotationMatrix":[0.968465328,0.249148324,0,-0.249148324,0.968465328,0,0,0,1],"scale":1,"type":"italy_guardrails_basic_end_cw"}
{"ctxid":0,"pos":[633.741516,1001.51984,173.570679],"rotationMatrix":[0.0434353277,0.999055982,0,-0.999055982,0.0434353277,0,0,0,1],"scale":1,"type":"italy_guardrails_basic_end_cw"}
{"ctxid":0,"pos":[416.630371,1217.13318,167.790192],"rotationMatrix":[1,0,0,0,1,0,0,0,1],"scale":1,"type":"italy_guardrails_basic_end_cw"}
{"ctxid":0,"pos":[-394.973846,743.101929,248.28215],"rotationMatrix":[0.154947788,-0.987922907,0,0.987922907,0.154947788,0,0,0,1],"scale":1,"type":"italy_guardrails_basic_end_cw"}
{"ctxid":0,"pos":[-746.557922,666.114624,269.944275],"rotationMatrix":[0.782807648,0.622264564,0,-0.622264564,0.782807648,0,0,0,1],"scale":1,"type":"italy_guardrails_basic_end_cw"}
{"ctxid":0,"pos":[-983.175842,415.780975,288.304596],"rotationMatrix":[0.691609025,0.722272336,0,-0.722272336,0.691609025,0,0,0,1],"scale":1,"type":"italy_guardrails_basic_end_cw"}
{"ctxid":0,"pos":[-1014.25385,402.26297,290.699249],"rotationMatrix":[-0.536642671,0.843809903,0,-0.843809903,-0.536642671,0,0,0,1],"scale":1,"type":"italy_guardrails_basic_end_cw"}
{"ctxid":0,"pos":[-1138.43884,603.079285,345.896759],"rotationMatrix":[-0.889999151,-0.45596227,0,0.45596227,-0.889999151,0,0,0,1],"scale":1,"type":"italy_guardrails_basic_end_cw"}
{"ctxid":0,"pos":[-1123.09717,673.168152,359.115631],"rotationMatrix":[0.736502171,-0.676434994,0,0.676434994,0.736502171,0,0,0,1],"scale":1,"type":"italy_guardrails_basic_end_cw"}
{"ctxid":0,"pos":[-1175.62427,657.313538,361.96344],"rotationMatrix":[-0.888400733,-0.459069073,0,0.459069073,-0.888400733,0,0,0,1],"scale":1,"type":"italy_guardrails_basic_end_cw"}
{"ctxid":0,"pos":[-1429.19495,773.620667,271.074829],"rotationMatrix":[0.976924241,0.213585153,0,-0.213585153,0.976924241,0,0,0,1],"scale":1,"type":"italy_guardrails_basic_end_cw"}
{"ctxid":0,"pos":[-1451.27637,859.926697,235.129242],"rotationMatrix":[-0.163497686,0.986543536,0,-0.986543536,-0.163497686,0,0,0,1],"scale":1,"type":"italy_guardrails_basic_end_cw"}
{"ctxid":0,"pos":[-1446.73132,1177.26282,220.335342],"rotationMatrix":[0.589234948,0.807961881,0,-0.807961881,0.589234948,0,0,0,1],"scale":1,"type":"italy_guardrails_basic_end_cw"}
{"ctxid":0,"pos":[-1219.27625,1288.22034,208.196442],"rotationMatrix":[1,0,0,0,1,0,0,0,1],"scale":1,"type":"italy_guardrails_basic_end_cw"}
{"ctxid":0,"pos":[-1683.13428,1087.97253,170.474411],"rotationMatrix":[0.605919838,-0.79552573,0,0.79552573,0.605919838,0,0,0,1],"scale":1,"type":"italy_guardrails_basic_end_cw"}
{"ctxid":0,"pos":[-1388.1582,167.536926,306.684204],"rotationMatrix":[0.0490028858,-0.998799086,0,0.998799086,0.0490028858,0,0,0,1],"scale":1,"type":"italy_guardrails_basic_end_cw"}
{"ctxid":0,"pos":[-1355.2085,373.848572,315.454163],"rotationMatrix":[0.237956047,0.971276045,0,-0.971276045,0.237956047,0,0,0,1],"scale":1,"type":"italy_guardrails_basic_end_cw"}
{"ctxid":0,"pos":[-1233.68884,471.181549,323.579285],"rotationMatrix":[0.718621016,-0.69540149,0,0.69540149,0.718621016,0,0,0,1],"scale":1,"type":"italy_guardrails_basic_end_cw"}
{"ctxid":0,"pos":[-1355.43396,200.532257,328.999878],"rotationMatrix":[0.225054979,0.974346101,0,-0.974346101,0.225054979,0,0,0,1],"scale":1,"type":"italy_guardrails_basic_end_cw"}
{"ctxid":0,"pos":[-1306.87524,2.96276617,335.839722],"rotationMatrix":[0.914477289,-0.404637158,0,0.404637158,0.914477289,0,0,0,1],"scale":1,"type":"italy_guardrails_basic_end_cw"}
{"ctxid":0,"pos":[-1249.47668,-128.585785,356.981232],"rotationMatrix":[0.739350975,-0.673319757,0,0.673319757,0.739350975,0,0,0,1],"scale":1,"type":"italy_guardrails_basic_end_cw"}
{"ctxid":0,"pos":[-1368.57068,-103.684334,370.595062],"rotationMatrix":[-0.742180645,0.670199931,0,-0.670199931,-0.742180645,0,0,0,1],"scale":1,"type":"italy_guardrails_basic_end_cw"}
{"ctxid":0,"pos":[-1295.22485,-149.623886,368.955353],"rotationMatrix":[0.838736296,-0.544537723,0,0.544537723,0.838736296,0,0,0,1],"scale":1,"type":"italy_guardrails_basic_end_cw"}
{"ctxid":0,"pos":[-1133.20874,-403.120026,391.399231],"rotationMatrix":[0.762937844,-0.646472156,0,0.646472156,0.762937844,0,0,0,1],"scale":1,"type":"italy_guardrails_basic_end_cw"}
{"ctxid":0,"pos":[-841.316589,-633.885864,407.25766],"rotationMatrix":[0.987239122,-0.159244761,0,0.159244761,0.987239122,0,0,0,1],"scale":1,"type":"italy_guardrails_basic_end_cw"}
{"ctxid":0,"pos":[-1121.05884,-514.679443,414.542023],"rotationMatrix":[0.652488589,-0.757798314,0,0.757798314,0.652488589,0,0,0,1],"scale":1,"type":"italy_guardrails_basic_end_cw"}
{"ctxid":0,"pos":[-1220.36743,-488.747192,425.444702],"rotationMatrix":[-0.863647521,0.504096508,0,-0.504096508,-0.863647521,0,0,0,1],"scale":1,"type":"italy_guardrails_basic_end_cw"}
{"ctxid":0,"pos":[-1145.13257,-546.623718,433.677521],"rotationMatrix":[0.224891394,-0.974383652,0,0.974383652,0.224891394,0,0,0,1],"scale":1,"type":"italy_guardrails_basic_end_cw"}
{"ctxid":0,"pos":[-1197.44202,-510.595581,439.899414],"rotationMatrix":[1,0,0,0,1,0,0,0,1],"scale":1,"type":"italy_guardrails_basic_end_cw"}
{"ctxid":0,"pos":[-1254.22412,-623.18512,450.476105],"rotationMatrix":[-0.908546209,-0.417784154,0,0.417784154,-0.908546209,0,0,0,1],"scale":1,"type":"italy_guardrails_basic_end_cw"}
{"ctxid":0,"pos":[-1261.31653,-571.21106,453.260864],"rotationMatrix":[0.0869618505,0.996211588,0,-0.996211588,0.0869618505,0,0,0,1],"scale":1,"type":"italy_guardrails_basic_end_cw"}
{"ctxid":0,"pos":[-1319.18542,-711.928406,470.359924],"rotationMatrix":[-0.969691813,0.2443313,0,-0.2443313,-0.969691813,0,0,0,1],"scale":1,"type":"italy_guardrails_basic_end_cw"}
{"ctxid":0,"pos":[-1289.26074,-690.008667,472.75293],"rotationMatrix":[0.791057587,0.611741543,0,-0.611741543,0.791057587,0,0,0,1],"scale":1,"type":"italy_guardrails_basic_end_cw"}
{"ctxid":0,"pos":[-1247.53931,-743.550964,480.234985],"rotationMatrix":[0.130502954,-0.991447926,0,0.991447926,0.130502954,0,0,0,1],"scale":1,"type":"italy_guardrails_basic_end_cw"}
{"ctxid":0,"pos":[-1305.09021,-714.308411,487.53421],"rotationMatrix":[0.877189398,0.473089367,-0.0820140913,-0.473017007,0.880790055,0.0215439759,0.0824293345,0.0198959336,0.996398568],"scale":1,"type":"italy_guardrails_basic_end_cw"}
{"ctxid":0,"pos":[-1351.24463,-745.503174,491.425629],"rotationMatrix":[0.142653033,0.989773095,0,-0.989773095,0.142653033,0,0,0,1],"scale":1,"type":"italy_guardrails_basic_end_cw"}
{"ctxid":0,"pos":[-1309.11108,-734.812561,493.021057],"rotationMatrix":[0.813250065,0.581914425,0,-0.581914425,0.813250065,0,0,0,1],"scale":1,"type":"italy_guardrails_basic_end_cw"}
{"ctxid":0,"pos":[-1267.9386,-784.189819,497.873413],"rotationMatrix":[0.720200896,-0.693765044,0,0.693765044,0.720200896,0,0,0,1],"scale":1,"type":"italy_guardrails_basic_end_cw"}
{"ctxid":0,"pos":[-1203.29688,-887.10553,507.750275],"rotationMatrix":[0.876848102,0.480767608,0,-0.480767608,0.876848102,0,0,0,1],"scale":1,"type":"italy_guardrails_basic_end_cw"}
{"ctxid":0,"pos":[-1039.37048,-868.023804,511.091949],"rotationMatrix":[0.720667243,0.693281353,0,-0.693281353,0.720667243,0,0,0,1],"scale":1,"type":"italy_guardrails_basic_end_cw"}
{"ctxid":0,"pos":[-907.641846,-782.985168,511.516693],"rotationMatrix":[0.733387113,0.679810405,0,-0.679810405,0.733387113,0,0,0,1],"scale":1,"type":"italy_guardrails_basic_end_cw"}
{"ctxid":0,"pos":[-816.453552,-780.770142,503.208496],"rotationMatrix":[0.96697408,0.254874706,0,-0.254874706,0.96697408,0,0,0,1],"scale":1,"type":"italy_guardrails_basic_end_cw"}
{"ctxid":0,"pos":[-691.452026,-781.299683,490.32547],"rotationMatrix":[-0.998134315,-0.0610536113,0,0.0610536113,-0.998134315,0,0,0,1],"scale":1,"type":"italy_guardrails_basic_end_cw"}
{"ctxid":0,"pos":[-581.925049,-749.280701,493.166656],"rotationMatrix":[0.983594358,0.180394739,0,-0.180394739,0.983594358,0,0,0,1],"scale":1,"type":"italy_guardrails_basic_end_cw"}
{"ctxid":0,"pos":[-431.109192,-755.974182,484.276031],"rotationMatrix":[-0.87492007,-0.479759693,0.065927051,0.480805725,-0.876827657,0,0.0578066632,0.0316981077,0.99782443],"scale":1,"type":"italy_guardrails_basic_end_cw"}
{"ctxid":0,"pos":[-342.740356,-707.922729,486.821228],"rotationMatrix":[-0.721987545,-0.691905618,0,0.691905618,-0.721987545,0,0,0,1],"scale":1,"type":"italy_guardrails_basic_end_cw"}
{"ctxid":0,"pos":[-160.447067,-839.218811,468.700439],"rotationMatrix":[-0.700544357,0.71360898,0,-0.71360898,-0.700544357,0,0,0,1],"scale":1,"type":"italy_guardrails_basic_end_cw"}
{"ctxid":0,"pos":[-109.039146,-938.203247,464.697266],"rotationMatrix":[-0.930478275,0.366347045,0,-0.366347045,-0.930478275,0,0,0,1],"scale":1,"type":"italy_guardrails_basic_end_cw"}
{"ctxid":0,"pos":[11.7370863,-1134.8717,446.358551],"rotationMatrix":[-0.404794961,0.914407253,0,-0.914407253,-0.404794961,0,0,0,1],"scale":1,"type":"italy_guardrails_basic_end_cw"}
{"ctxid":0,"pos":[-29.1046066,-1411.03528,438.876862],"rotationMatrix":[-0.762634456,0.646829665,0,-0.646829665,-0.762634456,0,0,0,1],"scale":1,"type":"italy_guardrails_basic_end_cw"}
{"ctxid":0,"pos":[122.382263,-1464.8551,438.20755],"rotationMatrix":[0.752048075,0.65910846,0,-0.65910846,0.752048075,0,0,0,1],"scale":1,"type":"italy_guardrails_basic_end_cw"}
{"ctxid":0,"pos":[353.159088,-1418.24194,410.023254],"rotationMatrix":[0.895403147,0.445256531,0,-0.445256531,0.895403147,0,0,0,1],"scale":1,"type":"italy_guardrails_basic_end_cw"}
{"ctxid":0,"pos":[349.490143,-1229.91528,336.007172],"rotationMatrix":[-0.627536178,-0.778587937,0,0.778587937,-0.627536178,0,0,0,1],"scale":1,"type":"italy_guardrails_basic_end_cw"}
{"ctxid":0,"pos":[741.03833,-553.235168,190.62677],"rotationMatrix":[-0.904956162,0.425504982,0,-0.425504982,-0.904956162,0,0,0,1],"scale":1,"type":"italy_guardrails_basic_end_cw"}
{"ctxid":0,"pos":[985.020996,-296.209076,259.858154],"rotationMatrix":[-0.603241801,-0.797558725,0,0.797558725,-0.603241801,0,0,0,1],"scale":1,"type":"italy_guardrails_basic_end_cw"}
{"ctxid":0,"pos":[816.089722,-293.779877,301.72699],"rotationMatrix":[0.470765412,0.877178431,-0.0945414901,-0.881191969,0.472756088,-0.00151581364,0.0433654264,0.0840228125,0.995519698],"scale":1,"type":"italy_guardrails_basic_end_cw"}
{"ctxid":0,"pos":[959.156494,-199.874878,279.526886],"rotationMatrix":[-0.998774767,-0.0494820848,0,0.0494820848,-0.998774767,0,0,0,1],"scale":1,"type":"italy_guardrails_basic_end_cw"}
{"ctxid":0,"pos":[1021.3645,-159.075027,273.50473],"rotationMatrix":[0.686054587,0.727550149,0,-0.727550149,0.686054587,0,0,0,1],"scale":1,"type":"italy_guardrails_basic_end_cw"}
{"ctxid":0,"pos":[1038.89612,-121.548058,273.736176],"rotationMatrix":[0.0107943201,-0.999942183,0,0.999942183,0.0107943201,0,0,0,1],"scale":1,"type":"italy_guardrails_basic_end_cw"}
{"ctxid":0,"pos":[918.934753,-7.40400314,213.116104],"rotationMatrix":[-0.635068297,-0.772456288,0,0.772456288,-0.635068297,0,0,0,1],"scale":1,"type":"italy_guardrails_basic_end_cw"}
{"ctxid":0,"pos":[-252.218323,200.082321,181.122696],"rotationMatrix":[0.24683252,-0.950204611,0.19022277,0.967877328,0.251423299,0,-0.0478264391,0.184112296,0.981740832],"scale":1,"type":"italy_guardrails_basic_end_cw"}
{"ctxid":0,"pos":[-445.643341,11.5527077,224.324478],"rotationMatrix":[0.724757135,0.689004481,0,-0.689004481,0.724757135,0,0,0,1],"scale":1,"type":"italy_guardrails_basic_end_cw"}
{"ctxid":0,"pos":[-519.233826,-135.045944,231.425293],"rotationMatrix":[-0.234813467,-0.972040117,0,0.972040117,-0.234813467,0,0,0,1],"scale":1,"type":"italy_guardrails_basic_end_cw"}
{"ctxid":0,"pos":[-528.371399,-189.053284,230.990875],"rotationMatrix":[0.312146306,0.950033844,0,-0.950033844,0.312146306,0,0,0,1],"scale":1,"type":"italy_guardrails_basic_end_cw"}
{"ctxid":0,"pos":[-485.464874,-199.180695,249.877457],"rotationMatrix":[-0.697697461,-0.71196419,-0.0795326829,0.714226723,-0.699914575,0,-0.0556660891,-0.0568043701,0.996832192],"scale":1,"type":"italy_guardrails_basic_end_cw"}
{"ctxid":0,"pos":[-476.531128,-162.193771,254.012711],"rotationMatrix":[0.664798498,0.743335664,0.0741276667,-0.745386362,0.666632712,0,-0.0494159237,-0.0552537516,0.997248769],"scale":1,"type":"italy_guardrails_basic_end_cw"}
{"ctxid":0,"pos":[-340.224152,-40.1017075,273.696625],"rotationMatrix":[0.933736324,-0.357961446,0,0.357961446,0.933736324,0,0,0,1],"scale":1,"type":"italy_guardrails_basic_end_cw"}
{"ctxid":0,"pos":[246.015961,-594.44043,344.02124],"rotationMatrix":[0.879380882,0.476118565,0,-0.476118565,0.879380882,0,0,0,1],"scale":1,"type":"italy_guardrails_basic_end_cw"}
{"ctxid":0,"pos":[-725.275818,211.096695,221.533768],"rotationMatrix":[0.486197829,-0.870713413,-0.0739662796,0.873835266,0.484926194,0.0354891308,0.00496732071,-0.0818891004,0.996629477],"scale":1,"type":"italy_guardrails_basic_end_cw"}
{"ctxid":0,"pos":[-720.057434,57.0377274,201.520874],"rotationMatrix":[-0.575879216,-0.813853681,0.0775010437,0.816816688,-0.576756358,0.0128064509,0.0342766196,0.0706790686,0.996909976],"scale":1,"type":"italy_guardrails_basic_end_cw"}
{"ctxid":0,"pos":[-655.797485,132.623688,193.337555],"rotationMatrix":[-0.416121781,-0.909308851,0,0.909308851,-0.416121781,0,0,0,1],"scale":1,"type":"italy_guardrails_basic_end_cw"}
{"ctxid":0,"pos":[-391.775177,-905.882507,309.645935],"rotationMatrix":[-0.989839911,-0.142187923,0,0.142187923,-0.989839911,0,0,0,1],"scale":1,"type":"italy_guardrails_basic_end_cw"}
{"ctxid":0,"pos":[-101.232521,-1486.64514,394.067932],"rotationMatrix":[-0.97409606,0.226134315,0,-0.226134315,-0.97409606,0,0,0,1],"scale":1,"type":"italy_guardrails_basic_end_cw"}
{"ctxid":0,"pos":[161.176224,-1609.49414,422.256195],"rotationMatrix":[0.794939756,-0.598390937,-0.0999960229,0.604363382,0.795478821,0.0442532226,0.0530639924,-0.0956125855,0.994002998],"scale":1,"type":"italy_guardrails_basic_end_cw"}
{"ctxid":0,"pos":[109.856987,-1585.03284,427.130371],"rotationMatrix":[-0.931889951,0.362740993,0,-0.362740993,-0.931889951,0,0,0,1],"scale":1,"type":"italy_guardrails_basic_end_cw"}
{"ctxid":0,"pos":[41.335434,-1527.98608,430.578888],"rotationMatrix":[-0.878527522,0.468492419,0.0933018997,-0.472805649,-0.880659342,-0.0299067982,0.0681561306,-0.0703876019,0.995188475],"scale":1,"type":"italy_guardrails_basic_end_cw"}
{"ctxid":0,"pos":[1553.94324,-972.540955,163.332214],"rotationMatrix":[0.989861369,0.135588646,0.0423109457,-0.135989383,0.990687311,0.00672896579,-0.0410045572,-0.0124145783,0.999081731],"scale":1,"type":"italy_guardrails_basic_end_cw"}
{"ctxid":0,"pos":[1618.77625,-1196.08728,169.902527],"rotationMatrix":[-0.952938318,0.303162307,0,-0.303162307,-0.952938318,0,0,0,1],"scale":1,"type":"italy_guardrails_basic_end_cw"}
{"ctxid":0,"pos":[1216.62097,538.71814,198.558273],"rotationMatrix":[-0.772269547,-0.634489775,-0.0319955349,0.634370327,-0.772883534,0.0150593277,-0.0342838056,-0.00866715983,0.999374509],"scale":1,"type":"italy_guardrails_basic_end_cw"}
{"ctxid":0,"pos":[859.749329,1162.00378,151.356689],"rotationMatrix":[-0.894448459,0.447170317,0,-0.447170317,-0.894448459,0,0,0,1],"scale":1,"type":"italy_guardrails_basic_end_cw"}
{"ctxid":0,"pos":[702.478882,1227.35413,159.286453],"rotationMatrix":[0.435064137,0.900399268,0,-0.900399268,0.435064137,0,0,0,1],"scale":1,"type":"italy_guardrails_basic_end_cw"}
{"ctxid":0,"pos":[596.065613,429.769287,173.151321],"rotationMatrix":[-0.737698317,0.675130367,0,-0.675130367,-0.737698317,0,0,0,1],"scale":1,"type":"italy_guardrails_basic_end_cw"}
{"ctxid":0,"pos":[665.602844,386.49472,170.521774],"rotationMatrix":[0.844416201,-0.535687447,0,0.535687447,0.844416201,0,0,0,1],"scale":1,"type":"italy_guardrails_basic_end_cw"}
{"ctxid":0,"pos":[-884.48938,217.948853,252.117462],"rotationMatrix":[-0.995850384,0.0910100043,0,-0.0910100043,-0.995850384,0,0,0,1],"scale":1,"type":"italy_guardrails_basic_end_cw"}
{"ctxid":0,"pos":[-901.362061,226.764694,252.5065],"rotationMatrix":[1,0,0,0,1,0,0,0,1],"scale":1,"type":"italy_guardrails_basic_end_cw"}
{"ctxid":0,"pos":[-824.731506,58.3500633,239.408722],"rotationMatrix":[-0.757862806,0.652413905,0,-0.652413905,-0.757862806,0,0,0,1],"scale":1,"type":"italy_guardrails_basic_end_cw"}
{"ctxid":0,"pos":[-1191.21729,1651.13672,152.417145],"rotationMatrix":[1,0,0,0,1,0,0,0,1],"scale":1,"type":"italy_guardrails_basic_end_cw"}
{"ctxid":0,"pos":[-1577.56311,1528.34875,161.251633],"rotationMatrix":[-0.943882346,-0.330281138,0,0.330281138,-0.943882346,0,0,0,1],"scale":1,"type":"italy_guardrails_basic_end_cw"}
{"ctxid":0,"pos":[-1602.69373,1423.20679,164.17897],"rotationMatrix":[0.526741743,0.850025773,0,-0.850025773,0.526741743,0,0,0,1],"scale":1,"type":"italy_guardrails_basic_end_cw"}
{"ctxid":0,"pos":[-1637.37769,1318.93127,163.319565],"rotationMatrix":[-0.974923611,0.222536042,0,-0.222536042,-0.974923611,0,0,0,1],"scale":1,"type":"italy_guardrails_basic_end_cw"}
{"ctxid":0,"pos":[-1437.29041,862.850586,235.443512],"rotationMatrix":[0.0906446874,-0.995883346,0,0.995883346,0.0906446874,0,0,0,1],"scale":1,"type":"italy_guardrails_basic_end_cw"}
{"ctxid":0,"pos":[-447.659576,869.409241,243.099442],"rotationMatrix":[0.534206033,-0.84535414,0,0.84535414,0.534206033,0,0,0,1],"scale":1,"type":"italy_guardrails_basic_end_cw"}
{"ctxid":0,"pos":[353.214478,1772.68164,187.771545],"rotationMatrix":[-0.263589472,-0.964634955,0,0.964634955,-0.263589472,0,0,0,1],"scale":1,"type":"italy_guardrails_basic_end_cw"}
{"ctxid":0,"pos":[359.998688,1805.19946,186.657715],"rotationMatrix":[0.983905017,-0.178693473,0,0.178693473,0.983905017,0,0,0,1],"scale":1,"type":"italy_guardrails_basic_end_cw"}
{"ctxid":0,"pos":[342.436584,1689.03186,183.351471],"rotationMatrix":[-0.514444828,-0.857523501,0,0.857523501,-0.514444828,0,0,0,1],"scale":1,"type":"italy_guardrails_basic_end_cw"}
{"ctxid":0,"pos":[168.717361,1496.12292,183.450287],"rotationMatrix":[0.0674270093,0.994465768,-0.080568932,-0.997702301,0.0677392036,0.00114495878,0.00659629749,0.0803066194,0.996748388],"scale":1,"type":"italy_guardrails_basic_end_cw"}
{"ctxid":0,"pos":[-1419.31836,763.665588,271.841187],"rotationMatrix":[-0.851849735,-0.52378577,0,0.52378577,-0.851849735,0,0,0,1],"scale":1,"type":"italy_guardrails_basic_end_cw"}
{"ctxid":0,"pos":[-1354.50842,749.9953,308.532623],"rotationMatrix":[-0.747711182,-0.664024115,0,0.664024115,-0.747711182,0,0,0,1],"scale":1,"type":"italy_guardrails_basic_end_cw"}
{"ctxid":0,"pos":[-1272.60291,935.920959,329.109955],"rotationMatrix":[0.649579287,0.758173585,0.056738086,-0.759397089,0.650627434,0,-0.0369153544,-0.0430867374,0.998389184],"scale":1,"type":"italy_guardrails_basic_end_cw"}
{"ctxid":0,"pos":[-1284.68066,732.272705,336.084595],"rotationMatrix":[-0.937285244,-0.34856239,0,0.34856239,-0.937285244,0,0,0,1],"scale":1,"type":"italy_guardrails_basic_end_cw"}
{"ctxid":0,"pos":[-1287.84155,744.66687,335.821564],"rotationMatrix":[0.789381444,0.600630045,0.126963839,-0.60459429,0.796482682,-0.00894694775,-0.106498353,-0.0696990788,0.991867125],"scale":1,"type":"italy_guardrails_basic_end_cw"}
{"ctxid":0,"pos":[-772.536804,756.622986,310.751526],"rotationMatrix":[0.640282631,0.760489762,-0.108137295,-0.764975607,0.644059241,0,0.0696468577,0.0827224106,0.994135797],"scale":1,"type":"italy_guardrails_basic_end_cw"}
{"ctxid":0,"pos":[1253.93176,1021.37354,173.804001],"rotationMatrix":[-0.0590934828,0.998252213,0,-0.998252213,-0.0590934828,0,0,0,1],"scale":1,"type":"italy_guardrails_basic_end_cw"}
{"ctxid":0,"pos":[331.859772,-245.144287,197.503662],"rotationMatrix":[0.65354228,-0.756890118,0,0.756890118,0.65354228,0,0,0,1],"scale":1,"type":"italy_guardrails_basic_end_cw"}
{"ctxid":0,"pos":[544.916992,-1316.89148,421.061035],"rotationMatrix":[0.972036421,0.234830573,0,-0.234830573,0.972036421,0,0,0,1],"scale":1,"type":"italy_guardrails_basic_end_cw"}
{"ctxid":0,"pos":[-1852.3822,-649.567383,160.071381],"rotationMatrix":[-0.516145289,0.856501043,0,-0.856501043,-0.516145289,0,0,0,1],"scale":1,"type":"italy_guardrails_basic_end_cw"}
{"ctxid":0,"pos":[-1749.22986,-1008.74707,140.875626],"rotationMatrix":[0.200543553,0.979684651,0,-0.979684651,0.200543553,0,0,0,1],"scale":1,"type":"italy_guardrails_basic_end_cw"}
{"ctxid":0,"pos":[1498.34204,1287.58142,151.90918],"rotationMatrix":[0.726432264,0.687238097,0,-0.687238097,0.726432264,0,0,0,1],"scale":1,"type":"italy_guardrails_basic_end_cw"}
{"ctxid":0,"pos":[1405.24011,1229.58423,163.441635],"rotationMatrix":[0.717654705,0.69639802,0,-0.69639802,0.717654705,0,0,0,1],"scale":1,"type":"italy_guardrails_basic_end_cw"}
{"ctxid":0,"pos":[-84.643692,-594.379517,394.690613],"rotationMatrix":[0.710412741,-0.703785837,0,0.703785837,0.710412741,0,0,0,1],"scale":1,"type":"italy_guardrails_basic_end_cw"}
{"ctxid":0,"pos":[-1358.97559,1503.85449,164.315796],"rotationMatrix":[1,0,0,0,1,0,0,0,1],"scale":1,"type":"italy_guardrails_basic_end_cw"}
{"ctxid":0,"pos":[893.742493,-228.421539,289.483002],"rotationMatrix":[0.623396933,0.766594052,-0.153977558,-0.775846601,0.630921066,0,0.0971476957,0.119462982,0.988074362],"scale":1,"type":"italy_guardrails_basic_end_cw"}
{"ctxid":0,"pos":[914.114685,-211.07663,285.109131],"rotationMatrix":[-0.575406313,-0.810498893,0.109542295,0.815405786,-0.578889847,0,0.0634129196,0.0893214121,0.993982196],"scale":1,"type":"italy_guardrails_basic_end_cw"}
{"ctxid":0,"pos":[1556.74731,1645.66125,148.331039],"rotationMatrix":[0.804833949,0.585622132,0.0963763297,-0.588921785,0.808156371,0.00736528123,-0.0735738501,-0.0626859218,0.995317698],"scale":1,"type":"italy_guardrails_basic_end_cw"}
{"ctxid":0,"pos":[1334.27258,-295.195862,147.77121],"rotationMatrix":[0.993481398,0.113994904,0,-0.113994904,0.993481398,0,0,0,1],"scale":1,"type":"italy_guardrails_basic_end_cw"}
{"ctxid":0,"pos":[-596.556396,1216.01257,162.412582],"rotationMatrix":[-0.876739264,0.480965465,0,-0.480965465,-0.876739264,0,0,0,1],"scale":1,"type":"italy_guardrails_basic_end_cw"}
{"ctxid":0,"pos":[-601.990234,1201.67603,162.935028],"rotationMatrix":[-0.918672979,0.395018667,0,-0.395018667,-0.918672979,0,0,0,1],"scale":1,"type":"italy_guardrails_basic_end_cw"}
{"ctxid":0,"pos":[-1758.47803,91.0009308,148.566879],"rotationMatrix":[0.574062288,0.818811774,0,-0.818811774,0.574062288,0,0,0,1],"scale":1,"type":"italy_guardrails_basic_end_cw"}
{"ctxid":0,"pos":[1200.4624,-807.123413,145.340179],"rotationMatrix":[0.85520649,-0.518287659,0,0.518287659,0.85520649,0,0,0,1],"scale":1,"type":"italy_guardrails_basic_end_cw"}
{"ctxid":0,"pos":[-1791.79492,-1143.37439,143.835129],"rotationMatrix":[0.363867193,0.930105329,-0.0500438735,-0.931272268,0.364323676,0,0.0182321724,0.0466044918,0.998746932],"scale":1,"type":"italy_guardrails_basic_end_cw"}
