{"ctxid":0,"pos":[-226.199997,-515.603027,407.561005],"rotationMatrix":[0.919870019,0.0638222322,-0.386995971,-0.0588416383,0.997961283,0.0247171931,0.387784481,3.48713547e-05,0.921750069],"scale":1,"type":"italy_rockface_short_wide"}
{"ctxid":0,"pos":[-362.695007,-540.908997,408.595001],"rotationMatrix":[0.981591463,0.112303548,0.154486611,-0.161742792,0.918956518,0.359663993,-0.101574935,-0.378030211,0.920204163],"scale":1,"type":"italy_rockface_short_wide"}
{"ctxid":0,"pos":[-354.02301,-540.231018,410.089996],"rotationMatrix":[0.978781462,-0.00384206208,0.204870909,0.0059020631,-0.998880744,-0.0469300002,0.204821914,0.0471433774,-0.977663279],"scale":1,"type":"italy_rockface_short_wide"}
{"ctxid":0,"pos":[-343.898987,-540.028992,412.242004],"rotationMatrix":[0.986946821,0.00655648531,0.160912976,-0.0248876885,0.993377209,0.112170957,-0.159111828,-0.114711523,0.980573654],"scale":1.10249996,"type":"italy_rockface_short_wide"}
{"ctxid":0,"pos":[-1521.43994,-655.658997,282.587006],"rotationMatrix":[0.380325794,0.910447955,0.162594065,-0.923898578,0.381999016,0.0220933799,-0.0419959016,-0.158623114,0.986445665],"scale":1.93560004,"type":"italy_rockface_short_wide"}
{"ctxid":0,"pos":[-1531.33997,-672.56897,279.756989],"rotationMatrix":[-0.670440316,-0.737955511,-0.0770156831,0.740549386,-0.671953321,-0.00808276329,-0.0457862243,-0.0624529272,0.996997118],"scale":2.30180001,"type":"italy_rockface_short_wide"}
{"ctxid":0,"pos":[-1615.90002,-693.827026,249.363007],"rotationMatrix":[0.879255891,0.473919481,0.0480563864,-0.474469334,0.880272031,3.96553769e-05,-0.0422839001,-0.0228361487,0.998844624],"scale":1.40540004,"type":"italy_rockface_short_wide"}
{"ctxid":0,"pos":[-1627.58997,-702.057983,248.237],"rotationMatrix":[0.759758711,0.64466393,0.0847059637,0.0646465868,0.0547350645,-0.996405959,-0.646983385,0.762504101,-8.98838043e-05],"scale":1.56229997,"type":"italy_rockface_short_wide"}
{"ctxid":0,"pos":[-1638.95996,-711.72699,247.686005],"rotationMatrix":[0.625019431,0.78060919,-6.45222498e-09,0.78060919,-0.625019431,1.34318059e-08,6.45222498e-09,-1.34318059e-08,-1],"scale":1.57720006,"type":"italy_rockface_short_wide"}
{"ctxid":0,"pos":[-372.187012,1080.13,208.533005],"rotationMatrix":[0.977021575,0.205845848,0.0552840717,-0.206164747,0.978517294,6.65417756e-05,-0.0540827252,-0.0114626391,0.998470664],"scale":1.00100005,"type":"italy_rockface_short_wide"}
{"ctxid":0,"pos":[-363.231995,1080.03003,208.729996],"rotationMatrix":[0.997081518,-0.0763442591,0,0.0763442591,0.997081518,0,0,0,1],"scale":0.902499974,"type":"italy_rockface_short_wide"}
{"ctxid":0,"pos":[-611.380005,1197.54004,165.376007],"rotationMatrix":[0.885483265,-0.464671254,0.000102011589,0.433994919,0.827104449,0.357136726,-0.166035548,-0.316194326,0.93405211],"scale":1.62090003,"type":"italy_rockface_short_wide"}
{"ctxid":0,"pos":[-596.205017,1189.44995,165.311005],"rotationMatrix":[0.889496684,-0.456458539,0.0210058372,-0.435542107,-0.860846758,-0.263146222,0.138198152,0.224918783,-0.964527249],"scale":1.91890001,"type":"italy_rockface_short_wide"}
{"ctxid":0,"pos":[-583.807068,1183.47583,166.54718],"rotationMatrix":[0.843237102,-0.53753984,-0.00148088706,-0.0142885428,-0.0196603425,-0.99970454,0.537352085,0.843008995,-0.0242589042],"scale":1.14189994,"type":"italy_rockface_short_wide"}
{"ctxid":0,"pos":[-994.789001,1195.67004,260.005005],"rotationMatrix":[1,0,0,0,1,0,0,0,1],"scale":1.05270004,"type":"italy_rockface_short_wide"}
{"ctxid":0,"pos":[-318.294006,569.598999,200.699997],"rotationMatrix":[0.875,0.484122932,0,-0.484122932,0.875,0,0,0,1],"scale":1.04560006,"type":"italy_rockface_short_wide"}
{"ctxid":0,"pos":[-192.085999,484.687012,177.931],"rotationMatrix":[0.929079771,0.367225856,0.0442261025,-0.334172279,0.884622335,-0.325226396,-0.158554941,0.287382126,0.944601417],"scale":1,"type":"italy_rockface_short_wide"}
{"ctxid":0,"pos":[-618.494995,714.01001,304.919006],"rotationMatrix":[0.93353343,-0.358490348,0,0.358490348,0.93353343,0,0,0,1],"scale":1,"type":"italy_rockface_short_wide"}
{"ctxid":0,"pos":[-609.487,710.627014,304.52301],"rotationMatrix":[0.953407288,-0.296775848,-0.0542091466,-0.0517308339,0.0162037611,-0.998529613,0.297217876,0.954809666,9.6321106e-05],"scale":1,"type":"italy_rockface_short_wide"}
{"ctxid":0,"pos":[-627.057007,718.900024,305.041992],"rotationMatrix":[-0.832463622,0.554079711,0,-0.554079711,-0.832463622,0,0,0,1],"scale":1,"type":"italy_rockface_short_wide"}
{"ctxid":0,"pos":[-801.116028,711.590027,313.196991],"rotationMatrix":[0.771045208,0.633795142,-0.0615871213,-0.63500154,0.772510886,-1.96940309e-05,0.0475642383,0.0391230993,0.998101711],"scale":1,"type":"italy_rockface_short_wide"}
{"ctxid":0,"pos":[-1008.90002,1191.97998,258.85199],"rotationMatrix":[0.973041534,0.230629951,0,-0.230629951,0.973041534,0,0,0,1],"scale":2.08100009,"type":"italy_rockface_short_wide"}
{"ctxid":0,"pos":[-1025.45996,1185.16003,259.972992],"rotationMatrix":[0.870929837,0.487348288,-0.0630306304,-0.488324165,0.872662306,-8.88841387e-05,0.0549611375,0.0308567919,0.998011589],"scale":2.02509999,"type":"italy_rockface_short_wide"}
{"ctxid":0,"pos":[-1050.56995,1010.03998,383.381012],"rotationMatrix":[0.0597752333,0.998154461,0.0107067265,-0.971739173,0.0557328463,0.229383603,0.228363544,-0.0241156034,0.973277211],"scale":0.999599993,"type":"italy_rockface_short_wide"}
{"ctxid":0,"pos":[-1294.25,1269.43994,211.548996],"rotationMatrix":[0.732673287,0.680580556,0,-0.680580556,0.732673287,0,0,0,1],"scale":1.08200002,"type":"italy_rockface_short_wide"}
{"ctxid":0,"pos":[-1050.06995,999.890991,383.803986],"rotationMatrix":[-0.0916985273,0.995786667,0.000518617919,0.961746395,0.088698864,-0.259184003,-0.258137971,-0.0232680123,-0.965827823],"scale":1.07729995,"type":"italy_rockface_short_wide"}
{"ctxid":0,"pos":[-1160.06995,679.926025,365.390015],"rotationMatrix":[0.989204407,0.0986384675,0.108374782,-0.0992242917,0.995065093,1.30225008e-05,-0.107838683,-0.0107662939,0.994110107],"scale":1,"type":"italy_rockface_short_wide"}
{"ctxid":0,"pos":[-1261.98999,671.875977,369.694],"rotationMatrix":[0.710357428,-0.702253699,0.0472446159,0.702958345,0.711227179,0.0023332017,-0.0352401547,0.0315535888,0.998880625],"scale":1,"type":"italy_rockface_short_wide"}
{"ctxid":0,"pos":[-1236.70996,432.178986,324.381012],"rotationMatrix":[0.733987808,0.679162621,0,-0.679162621,0.733987808,0,0,0,1],"scale":1,"type":"italy_rockface_short_wide"}
{"ctxid":0,"pos":[-1230.37,439.438995,324.122009],"rotationMatrix":[0.541671038,0.840590537,2.736434e-05,-2.736434e-05,5.01871109e-05,-1,-0.840590537,0.541671038,5.01871109e-05],"scale":1,"type":"italy_rockface_short_wide"}
{"ctxid":0,"pos":[1502.91003,-1256.70996,267.332001],"rotationMatrix":[0.879977465,-0.473981112,-0.0313298926,0.474212021,0.880410671,-6.82278987e-05,0.0276155099,-0.0147969723,0.999509096],"scale":1,"type":"italy_rockface_short_wide"}
{"ctxid":0,"pos":[1487.05005,-1246.10999,267.415985],"rotationMatrix":[0.847206116,-0.531264365,0,0.531264365,0.847206116,0,0,0,1],"scale":1,"type":"italy_rockface_short_wide"}
{"ctxid":0,"pos":[1462.44995,-1230.45996,267.557007],"rotationMatrix":[0.87188077,-0.489718199,0,0.489718199,0.87188077,0,0,0,1],"scale":0.951900005,"type":"italy_rockface_short_wide"}
{"ctxid":0,"pos":[1454.79004,-1224.92004,267.604004],"rotationMatrix":[-0.743587375,0.668638766,-1.82004205e-05,-0.66377449,-0.738181114,-0.120383032,-0.0805061981,-0.0895032212,0.992727518],"scale":1,"type":"italy_rockface_short_wide"}
{"ctxid":0,"pos":[1470.15002,-1234.15002,267.644012],"rotationMatrix":[0.921036601,-0.389476031,0,0.389476031,0.921036601,0,0,0,1],"scale":1,"type":"italy_rockface_short_wide"}
{"ctxid":0,"pos":[1494.96997,-1251.39001,267.416992],"rotationMatrix":[-0.823714495,0.566633463,0.0205165055,-0.129916564,-0.22383368,0.965929687,0.551920414,0.792984843,0.257990122],"scale":1,"type":"italy_rockface_short_wide"}
{"ctxid":0,"pos":[1236.40002,-1102.41003,270.497986],"rotationMatrix":[0.871779561,-0.489898354,0,0.489898354,0.871779561,0,0,0,1],"scale":1,"type":"italy_rockface_short_wide"}
{"ctxid":0,"pos":[994.096375,-678.036987,158.555405],"rotationMatrix":[-0.134878799,0.989885926,-0.0439731628,-0.96848166,-0.141081154,-0.205276668,-0.20940423,0.0148997363,0.977715373],"scale":0.953800023,"type":"italy_rockface_short_wide"}
{"ctxid":0,"pos":[130.878006,-603.991028,353.562988],"rotationMatrix":[0.99004221,-0.108155839,-0.0901040435,0.107703611,0.994133949,-0.00988046918,0.0906441137,7.75507797e-05,0.995883346],"scale":1.11080003,"type":"italy_rockface_short_wide"}
{"ctxid":0,"pos":[628.368286,1434.97437,139.889999],"rotationMatrix":[0.943713903,-0.32359606,-0.0684811324,-0.21825707,-0.453658462,-0.864035785,0.24853152,0.830349088,-0.498750925],"scale":1,"type":"italy_rockface_short_wide"}
{"ctxid":0,"pos":[627.867981,1356.81995,154.569885],"rotationMatrix":[-6.15119934e-05,1,-7.09590167e-05,0.141906142,-6.15119934e-05,-0.989880145,-0.989880145,-7.09590167e-05,-0.141906142],"scale":1,"type":"italy_rockface_short_wide"}
{"ctxid":0,"pos":[620.395325,1438.81982,140.718994],"rotationMatrix":[0.883385658,-0.459982753,-0.0896974578,0.461848944,0.886958599,5.63851099e-05,0.0795319974,-0.0414764844,0.995969057],"scale":1,"type":"italy_rockface_short_wide"}
{"ctxid":0,"pos":[563.913025,1458.28003,144.763],"rotationMatrix":[1,0,0,0,1,0,0,0,1],"scale":1,"type":"italy_rockface_short_wide"}
{"ctxid":0,"pos":[555.190002,1458.5,144.878998],"rotationMatrix":[1,0,0,0,0.258725166,-0.965950966,0,0.965950966,0.258725166],"scale":1,"type":"italy_rockface_short_wide"}
{"ctxid":0,"pos":[504.093994,1459.25,142.572998],"rotationMatrix":[1,0,0,0,1.93119049e-05,-1,0,1,1.93119049e-05],"scale":1.06780005,"type":"italy_rockface_short_wide"}
{"ctxid":0,"pos":[623.544983,1361.35999,154.763],"rotationMatrix":[1,0,0,0,1,0,0,0,1],"scale":1,"type":"italy_rockface_short_wide"}
{"ctxid":0,"pos":[613.987976,1361.10999,154.742004],"rotationMatrix":[1,0,0,0,0.091987133,-0.995760202,0,0.995760202,0.091987133],"scale":1,"type":"italy_rockface_short_wide"}
{"ctxid":0,"pos":[517.52002,1255.13,172.459],"rotationMatrix":[0.976856709,-0.206024006,0.0574898496,0.20636721,0.978474617,-3.36362282e-05,-0.0562454276,0.0118968775,0.99834609],"scale":0.904699981,"type":"italy_rockface_short_wide"}
{"ctxid":0,"pos":[697.315979,1220.27002,158.029007],"rotationMatrix":[0.116613626,0.993177354,0,-0.993177354,0.116613626,0,0,0,1],"scale":0.928799987,"type":"italy_rockface_short_wide"}
{"ctxid":0,"pos":[694.179993,1211.95996,158.082993],"rotationMatrix":[0.512067676,0.858552337,-0.0259732548,-0.858841658,0.512241125,2.86502163e-05,0.0133291669,0.0222922433,0.999662638],"scale":1.1092,"type":"italy_rockface_short_wide"}
{"ctxid":0,"pos":[711.408997,1215.46997,157.623993],"rotationMatrix":[0.537026405,0.842879534,-0.034010414,-0.843368351,0.537335873,-4.85442324e-05,0.0182340983,0.0287093762,0.999421477],"scale":1.14619994,"type":"italy_rockface_short_wide"}
{"ctxid":0,"pos":[530.197021,1223.28003,174.365005],"rotationMatrix":[0.996848822,-0.0777340308,0.0158065427,0.0777434781,0.996973395,1.69058094e-05,-0.0157600157,0.00121200306,0.999875069],"scale":1,"type":"italy_rockface_short_wide"}
{"ctxid":0,"pos":[548.840027,1220.58997,174.518005],"rotationMatrix":[0.993644476,-0.108642884,0.0294512939,0.025608886,-0.0365948677,-0.99900198,0.109612226,0.993407011,-0.0335800648],"scale":1,"type":"italy_rockface_short_wide"}
{"ctxid":0,"pos":[558.267029,1218.68005,174.546997],"rotationMatrix":[-0.980448127,0.196777716,0,-0.196777716,-0.980448127,0,0,0,1],"scale":1,"type":"italy_rockface_short_wide"}
{"ctxid":0,"pos":[572.984985,1214.77002,174.391006],"rotationMatrix":[0.995411158,-0.0956902653,0,0.0956902653,0.995411158,0,0,0,1],"scale":1,"type":"italy_rockface_short_wide"}
{"ctxid":0,"pos":[567.698975,1216.81995,174.481003],"rotationMatrix":[0.982177258,-0.187957004,0,0.187957004,0.982177258,0,0,0,1],"scale":1,"type":"italy_rockface_short_wide"}
{"ctxid":0,"pos":[339.712006,1711.48999,191.725006],"rotationMatrix":[0.395321727,0.917956531,-0.0328101628,0.91848129,-0.395456076,0.00256394385,-0.0106213894,-0.0311491042,-0.999458313],"scale":1,"type":"italy_rockface_short_wide"}
{"ctxid":0,"pos":[368.714996,1767.14001,183.537003],"rotationMatrix":[0.135650396,0.99075675,0,-0.99075675,0.135650396,0,0,0,1],"scale":0.928799987,"type":"italy_rockface_short_wide"}
{"ctxid":0,"pos":[367.343994,1757.83997,183.488007],"rotationMatrix":[0.158377171,0.987378657,-0.000110756788,0.000110756788,-0.000129938126,-1,-0.987378657,0.158377156,-0.000129938126],"scale":1.11860001,"type":"italy_rockface_short_wide"}
{"ctxid":0,"pos":[386.764008,1445.02002,156.886993],"rotationMatrix":[0.0380527973,0.999154508,0.0155633735,-0.999275565,0.0380573273,5.10680547e-06,-0.000587197894,-0.0155522926,0.999878883],"scale":1,"type":"italy_rockface_short_wide"}
{"ctxid":0,"pos":[387.080994,1453.93005,156.733994],"rotationMatrix":[-0.0111196041,0.99993819,5.12700317e-05,-0.902534723,-0.0100585222,0.430499643,0.430473536,0.0047407127,0.902590752],"scale":1,"type":"italy_rockface_short_wide"}
{"ctxid":0,"pos":[490.686005,1460.01001,142.850998],"rotationMatrix":[1,0,0,0,1,0,0,0,1],"scale":0.97420001,"type":"italy_rockface_short_wide"}
{"ctxid":0,"pos":[439.48349,1073.5365,155.069],"rotationMatrix":[0.699410319,-0.714062333,0.030663019,0.714332759,0.699800134,0.00290861633,-0.0235349182,0.0198692847,0.999525547],"scale":1,"type":"italy_rockface_short_wide"}
{"ctxid":0,"pos":[424.581512,1086.49109,155.36821],"rotationMatrix":[0.855907857,-0.51620096,0.0309548602,0.516451061,0.856316686,-9.93410431e-05,-0.0264558755,0.0160716921,0.999520898],"scale":1,"type":"italy_rockface_short_wide"}
{"ctxid":0,"pos":[446.316498,1066.80652,155.195999],"rotationMatrix":[0.710683346,-0.703412414,0.0118394056,0.703460693,0.710734129,0.000116937728,-0.00849692523,0.00824545138,0.999929905],"scale":1,"type":"italy_rockface_short_wide"}
{"ctxid":0,"pos":[738.927002,191.716003,182.570007],"rotationMatrix":[0.74986589,-0.638729751,0.172410607,0.648441136,0.761264801,-8.06261323e-06,-0.131244987,0.11180418,0.985025167],"scale":1,"type":"italy_rockface_short_wide"}
{"ctxid":0,"pos":[724.771973,73.736702,199.151993],"rotationMatrix":[0.970895529,-0.167904601,0.170792043,0.170397505,0.985375404,6.37299017e-05,-0.16830498,0.0290406607,0.985307097],"scale":1,"type":"italy_rockface_short_wide"}
{"ctxid":0,"pos":[397.427002,586.827026,172.794006],"rotationMatrix":[0.977311492,0.19081369,-0.0919368342,-0.203520954,0.966221571,-0.15809837,0.0586640164,0.173222423,0.983134031],"scale":1,"type":"italy_rockface_short_wide"}
{"ctxid":0,"pos":[357.96701,577.856018,173.104996],"rotationMatrix":[0.980989933,0.158064157,0.11258097,0.132354006,-0.120696545,-0.983826578,-0.141919583,0.980024517,-0.139322519],"scale":1,"type":"italy_rockface_short_wide"}
{"ctxid":0,"pos":[71.1363678,1259.71924,137.972031],"rotationMatrix":[0.159069151,0.987267077,0,-0.987267077,0.159069151,0,0,0,1],"scale":0.909799457,"type":"italy_rockface_short_wide"}
{"ctxid":0,"pos":[68.7791367,1249.97522,137.82663],"rotationMatrix":[-0.297890067,-0.954599917,0,4.47034836e-08,0,-0.999999881,0.954599738,-0.297890067,2.98023224e-08],"scale":1.11924243,"type":"italy_rockface_short_wide"}
{"ctxid":0,"pos":[65.7158661,1242.33984,137.803268],"rotationMatrix":[0.423441797,0.905923486,0,-0.905923486,0.423441797,0,0,0,1],"scale":0.930202186,"type":"italy_rockface_short_wide"}
{"ctxid":0,"pos":[71.7216187,1268.88965,137.618073],"rotationMatrix":[-0.0340608992,0.999419391,0,-0.999419391,-0.0340608992,0,0,0,1],"scale":1.07831061,"type":"italy_rockface_short_wide"}
{"ctxid":0,"pos":[868.761169,732.976257,180.613861],"rotationMatrix":[0.894741476,0.446584493,0,-0.446584493,0.894741476,0,0,0,1],"scale":0.930647671,"type":"italy_rockface_short_wide"}
{"ctxid":0,"pos":[978.518127,-605.656799,161.36644],"rotationMatrix":[0.522274852,0.850984216,0.0552677773,-0.852286875,0.523074329,0,-0.0289091542,-0.0471039973,0.998471618],"scale":1.1572448,"type":"italy_rockface_short_wide"}
{"ctxid":0,"pos":[1116.68811,1032.13977,158.77919],"rotationMatrix":[0.0260159671,0.999661326,0,-0.496955633,0.0129331658,0.86767906,0.867385268,-0.0225735102,0.497123837],"scale":0.780325651,"type":"italy_rockface_short_wide"}
{"ctxid":0,"pos":[1003.133,1092.98645,156.10585],"rotationMatrix":[1,0,0,0,1,0,0,0,1],"scale":1.00512326,"type":"italy_rockface_short_wide"}
{"ctxid":0,"pos":[1018.68268,1061.09802,158.276276],"rotationMatrix":[0.776572764,-0.630028009,0,0.528539956,0.651478648,-0.54426235,0.342900515,0.422659338,0.83891499],"scale":0.925737798,"type":"italy_rockface_short_wide"}
{"ctxid":0,"pos":[1086.89258,1075.88098,156.608582],"rotationMatrix":[-0.0465477519,0.998915911,0,-0.998915911,-0.0465477519,0,0,0,1],"scale":1.11835456,"type":"italy_rockface_short_wide"}
{"ctxid":0,"pos":[1086.75574,1083.93726,156.624878],"rotationMatrix":[-0.10055659,0.994931042,0,-0.994931042,-0.10055659,0,0,0,1],"scale":0.976839125,"type":"italy_rockface_short_wide"}
{"ctxid":0,"pos":[1218.81665,1046.46191,168.843933],"rotationMatrix":[-5.96046448e-08,0.999999881,0,-0.999999881,-5.96046448e-08,0,0,0,1],"scale":0.947531879,"type":"italy_rockface_short_wide"}
{"ctxid":0,"pos":[1208.146,1095.99622,163.453766],"rotationMatrix":[-0.0761922523,0.997093141,0,-0.997093141,-0.0761922523,0,0,0,1],"scale":0.874686599,"type":"italy_rockface_short_wide"}
{"ctxid":0,"pos":[1208.57214,1101.96155,163.367859],"rotationMatrix":[0.0303089432,0.999540806,0,-0.999540806,0.0303089432,0,0,0,1],"scale":1.15019405,"type":"italy_rockface_short_wide"}
{"ctxid":0,"pos":[1249.81128,1011.93683,172.122864],"rotationMatrix":[2.98023224e-08,0.999999881,0,-0.999999881,2.98023224e-08,0,0,0,1],"scale":0.987409472,"type":"italy_rockface_short_wide"}
{"ctxid":0,"pos":[1246.45605,1027.37769,172.025879],"rotationMatrix":[0.988560081,-0.146205455,0.0370530561,0.146305919,0.989239395,0,-0.0366543382,0.00542108109,0.999313295],"scale":1.13397968,"type":"italy_rockface_short_wide"}
{"ctxid":0,"pos":[1245.8866,1078.97754,170.393219],"rotationMatrix":[0.179111078,0.982902586,-0.0426868238,-0.983799219,0.179274485,0,0.00765265804,0.0419952571,0.999088526],"scale":1.16291261,"type":"italy_rockface_short_wide"}
{"ctxid":0,"pos":[1172.39258,1083.30579,159.05925],"rotationMatrix":[-0.045608826,0.990230739,-0.131763697,-0.993816137,-0.0316108093,0.106439099,0.101234153,0.135803461,0.985549986],"scale":0.657888412,"type":"italy_rockface_short_wide"}
{"ctxid":0,"pos":[1172.08862,1078.25281,159.79834],"rotationMatrix":[-1.05852962e-08,0.991859794,-0.127335191,0.999999642,2.98023117e-08,1.49011612e-07,1.51593525e-07,-0.127335206,-0.991859436],"scale":0.66917181,"type":"italy_rockface_short_wide"}
{"ctxid":0,"pos":[1171.1416,1057.17737,163.042572],"rotationMatrix":[2.97914458e-08,0.999634981,-0.027012974,-0.99999994,2.98023224e-08,0,8.05049361e-10,0.027012974,0.999635041],"scale":0.658836186,"type":"italy_rockface_short_wide"}
{"ctxid":0,"pos":[1183.13306,1025.91565,165.263962],"rotationMatrix":[0.48690486,-0.872616172,0.0382722206,0.873255968,0.487261862,0,-0.0186485946,0.0334214456,0.99926728],"scale":0.973117471,"type":"italy_rockface_short_wide"}
{"ctxid":0,"pos":[1203.38599,1001.71991,170.176956],"rotationMatrix":[1,0,0,0,1,0,0,0,1],"scale":0.52370894,"type":"italy_rockface_short_wide"}
{"ctxid":0,"pos":[1201.18994,998.032959,170.011047],"rotationMatrix":[-5.96046448e-08,0.999999881,0,-0.999999881,-5.96046448e-08,0,0,0,1],"scale":0.760485411,"type":"italy_rockface_short_wide"}
{"ctxid":0,"pos":[1247.12573,1008.90552,172.478989],"rotationMatrix":[0.994734168,0,0.102488853,0,1,0,-0.102488853,0,0.994734168],"scale":0.739735723,"type":"italy_rockface_short_wide"}
{"ctxid":0,"pos":[1241.21741,1008.9115,172.106186],"rotationMatrix":[0.993877232,0,0.110490292,0,1,0,-0.110490292,0,0.993877232],"scale":0.556581974,"type":"italy_rockface_short_wide"}
{"ctxid":0,"pos":[-250.336014,598.100891,198.318878],"rotationMatrix":[0.93260771,0.355803609,-0.0603892244,-0.356454164,0.93431282,0,0.0564224273,0.0215259902,0.998174965],"scale":0.947814226,"type":"italy_rockface_short_wide"}
{"ctxid":0,"pos":[-223.98819,477.332214,178.605347],"rotationMatrix":[0.742093325,0.668067873,-0.0546125174,-0.669066429,0.743202507,0,0.0405881554,0.0365394019,0.998507559],"scale":1.16551554,"type":"italy_rockface_short_wide"}
{"ctxid":0,"pos":[-231.61792,470.628143,178.553482],"rotationMatrix":[0.792555213,0.609102905,0.0291528478,-0.609361887,0.792892218,0,-0.0231150649,-0.0177646335,0.999575019],"scale":1.13563156,"type":"italy_rockface_short_wide"}
{"ctxid":0,"pos":[-239.4534,462.953217,178.696594],"rotationMatrix":[0.61895442,0.784806609,-0.0312135778,0.0193292648,0.0245085545,0.999512553,0.785189033,-0.619256079,-5.94381682e-08],"scale":1.05601072,"type":"italy_rockface_short_wide"}
{"ctxid":0,"pos":[-245.884735,455.14563,178.803558],"rotationMatrix":[0.599335492,0.800498128,0,-0.800498128,0.599335492,0,0,0,1],"scale":1.11882949,"type":"italy_rockface_short_wide"}
{"ctxid":0,"pos":[191.258499,-1247.36292,381.737427],"rotationMatrix":[0.781355202,-0.621511102,-0.0566401593,0.622510374,0.782611668,0,0.0443272516,-0.0352590904,0.998394668],"scale":1.04735219,"type":"italy_rockface_short_wide"}
{"ctxid":0,"pos":[1080.70325,1012.14368,163.582092],"rotationMatrix":[0.948355019,-0.317211092,0,0.317211092,0.948355019,0,0,0,1],"scale":1.13726401,"type":"italy_rockface_short_wide"}
{"ctxid":0,"pos":[1070.72888,1015.00995,163.57373],"rotationMatrix":[0.959654272,-0.27708742,0.0478217006,0.0497705936,4.75235765e-07,-0.99876076,0.276743948,0.960844874,0.0137913302],"scale":1.13660717,"type":"italy_rockface_short_wide"}
{"ctxid":0,"pos":[1064.87244,1017.64795,164.032913],"rotationMatrix":[0.958416462,-0.285263002,0.00795085635,-0.285304874,-0.958425403,0.0047053732,0.00627801381,-0.0067781359,-0.999957263],"scale":0.916660607,"type":"italy_rockface_short_wide"}
{"ctxid":0,"pos":[1056.47778,1020.45447,163.709137],"rotationMatrix":[0.950404406,-0.311016738,0,2.23517418e-08,0,0.999999881,-0.311016679,-0.950404227,2.98023224e-08],"scale":1.13690567,"type":"italy_rockface_short_wide"}
{"ctxid":0,"pos":[762.227539,1143.03015,162.448547],"rotationMatrix":[0.953539193,-0.300053924,-0.0270328969,0.300163597,0.953887701,0,0.0257863477,-0.00811429136,0.999634564],"scale":0.9618119,"type":"italy_rockface_short_wide"}
{"ctxid":0,"pos":[753.726257,1146.31335,162.285187],"rotationMatrix":[0.943209231,-0.332198977,0,-1.49011612e-08,-2.98023224e-08,-0.999999881,0.332198977,0.943209231,-5.96046448e-08],"scale":1.01142514,"type":"italy_rockface_short_wide"}
{"ctxid":0,"pos":[745.50116,1149.82507,162.060425],"rotationMatrix":[0.912970841,-0.395212799,0.101444252,0.397262186,0.917705059,0,-0.0930959061,0.0402999632,0.994841337],"scale":0.959299147,"type":"italy_rockface_short_wide"}
{"ctxid":0,"pos":[1165.75708,989.599487,164.873352],"rotationMatrix":[0.577065885,-0.816697419,0,0.816697419,0.577065885,0,0,0,1],"scale":1.11182487,"type":"italy_rockface_short_wide"}
{"ctxid":0,"pos":[1091.11877,1007.91632,163.577927],"rotationMatrix":[0.921222746,-0.38903439,0,0.38903439,0.921222746,0,0,0,1],"scale":1.06130564,"type":"italy_rockface_short_wide"}
{"ctxid":0,"pos":[-88.5904236,-96.3564682,242.786469],"rotationMatrix":[0.812919199,0.582376719,0,-0.582376719,0.812919199,0,0,0,1],"scale":1.04322302,"type":"italy_rockface_short_wide"}
{"ctxid":0,"pos":[-66.660141,-76.7843628,243.343369],"rotationMatrix":[0.661601186,0.749855995,0,-0.749855995,0.661601186,0,0,0,1],"scale":1.13605154,"type":"italy_rockface_short_wide"}
{"ctxid":0,"pos":[-715.98877,-1041.88245,305.375549],"rotationMatrix":[0.638421774,0.769263387,-0.0255192854,-0.748899162,0.613184571,-0.25130561,-0.177672192,0.179550335,0.967571437],"scale":0.929708421,"type":"italy_rockface_short_wide"}
{"ctxid":0,"pos":[444.460846,-1170.97339,365.813171],"rotationMatrix":[0.461354136,-0.886144698,0.0435871109,0.886987627,0.461793005,0,-0.0201282222,0.0386612266,0.999049664],"scale":0.953471303,"type":"italy_rockface_short_wide"}
{"ctxid":0,"pos":[451.254608,-1178.04846,366.000275],"rotationMatrix":[0.822682023,-0.568502128,0,0.568502128,0.822682023,0,0,0,1],"scale":1.14170754,"type":"italy_rockface_short_wide"}
{"ctxid":0,"pos":[459.666321,-1182.35864,365.87915],"rotationMatrix":[0.989716113,-0.143044829,0,0.143044829,0.989716113,0,0,0,1],"scale":1.13542473,"type":"italy_rockface_short_wide"}
{"ctxid":0,"pos":[269.994873,-1360.29504,368.585602],"rotationMatrix":[0.952176869,-0.277586699,-0.127692103,0.276496857,0.960648239,-0.0265433416,0.130035207,-0.0100325001,0.991458952],"scale":0.980648637,"type":"italy_rockface_short_wide"}
{"ctxid":0,"pos":[260.260284,-1357.34375,369.255493],"rotationMatrix":[0.933236182,-0.354053319,-0.0609631985,0.354712993,0.934975207,0,0.0569990575,-0.0216244385,0.998140037],"scale":1.09558964,"type":"italy_rockface_short_wide"}
{"ctxid":0,"pos":[251.305023,-1352.83728,369.802795],"rotationMatrix":[0.838254869,-0.54171592,-0.0622332878,-0.542373121,-0.840105891,0.00726336008,-0.0562172532,0.0276650712,-0.998034835],"scale":1.16182363,"type":"italy_rockface_short_wide"}
{"ctxid":0,"pos":[242.883621,-1347.42151,370.494904],"rotationMatrix":[0.849034727,-0.525297225,-0.0565928705,0.526140511,0.850397587,0,0.0481264368,-0.0297757983,0.99839735],"scale":1.00239956,"type":"italy_rockface_short_wide"}
{"ctxid":0,"pos":[235.14241,-1342.05115,370.88678],"rotationMatrix":[0.817143917,-0.575701475,-0.0290397126,0.575944424,0.81748867,0,0.0237396415,-0.0167252608,0.999578238],"scale":1.07181823,"type":"italy_rockface_short_wide"}
{"ctxid":0,"pos":[-576.108521,-967.657349,307.411774],"rotationMatrix":[0.590065718,0.807355344,0,-0.807355344,0.590065718,0,0,0,1],"scale":1.1676898,"type":"italy_rockface_short_wide"}
{"ctxid":0,"pos":[-568.497192,-959.860352,307.396484],"rotationMatrix":[0.741856039,0.670558989,0,-0.670558989,0.741856039,0,0,0,1],"scale":1.11074054,"type":"italy_rockface_short_wide"}
{"ctxid":0,"pos":[-854.818359,-968.222534,469.289459],"rotationMatrix":[-0.254018784,-0.963496745,-0.0845576897,0.899832428,-0.2674779,0.344612062,-0.354649603,0.0114501379,0.934929311],"scale":0.987891316,"type":"italy_rockface_short_wide"}
{"ctxid":0,"pos":[-852.024048,-958.770386,469.670715],"rotationMatrix":[0.279950142,0.956758261,0.0790058374,-0.949122548,0.288196653,-0.126921162,-0.144202098,-0.0394546613,0.988761246],"scale":0.978076994,"type":"italy_rockface_short_wide"}
{"ctxid":0,"pos":[-862.86853,-1044.70129,469.360779],"rotationMatrix":[0.913032413,-0.407886416,0,0.407886416,0.913032413,0,0,0,1],"scale":1.00578856,"type":"italy_rockface_short_wide"}
{"ctxid":0,"pos":[-854.67865,-1045.49915,468.891174],"rotationMatrix":[0.963530004,0.260495692,-0.0612516366,-0.260985732,0.965342581,0,0.0591288097,0.0159858037,0.998122334],"scale":1.03285766,"type":"italy_rockface_short_wide"}
{"ctxid":0,"pos":[-848.598572,-1041.63745,468.570557],"rotationMatrix":[0.687817991,0.724640965,-0.0424529202,-0.0618212111,0.116751127,0.991235077,0.723245978,-0.679165125,0.125101611],"scale":0.961222708,"type":"italy_rockface_short_wide"}
{"ctxid":0,"pos":[-844.246948,-1035.10376,467.749115],"rotationMatrix":[0.463341773,0.883259833,-0.0718737394,-0.882751524,0.452901989,-0.125017285,-0.0778710172,0.121372372,0.98954767],"scale":1.09759557,"type":"italy_rockface_short_wide"}
{"ctxid":0,"pos":[-840.118286,-1025.65491,466.795258],"rotationMatrix":[-0.294857055,-0.949358642,0.108521894,0.954998851,-0.296608806,0,0.0321885571,0.103638329,0.994094312],"scale":1.07642567,"type":"italy_rockface_short_wide"}
{"ctxid":0,"pos":[-837.629272,-1016.91425,465.964264],"rotationMatrix":[-0.178359166,-0.979526401,0.0933587775,0.98382318,-0.179141536,0,0.0167244337,0.0918485373,0.995632529],"scale":1.00235128,"type":"italy_rockface_short_wide"}
{"ctxid":0,"pos":[-836.30426,-1007.31006,465.063049],"rotationMatrix":[0.108735539,0.990313947,-0.0863399506,-0.994026005,0.109143108,0,0.00942340866,0.0858241394,0.996265888],"scale":0.964916527,"type":"italy_rockface_short_wide"}
{"ctxid":0,"pos":[-836.432556,-997.810364,463.668701],"rotationMatrix":[-0.0807702765,0.988331199,-0.129141703,-0.938565075,-0.119029433,-0.323926568,-0.335518003,0.0950442851,0.937226951],"scale":1.1399864,"type":"italy_rockface_short_wide"}
{"ctxid":0,"pos":[-836.845825,-987.601685,462.885498],"rotationMatrix":[-0.166276693,0.983100653,-0.076581791,-0.946101069,-0.180943057,-0.268611223,-0.277928889,0.0277903024,0.960199356],"scale":1.05563807,"type":"italy_rockface_short_wide"}
{"ctxid":0,"pos":[-839.750183,-979.646057,461.753876],"rotationMatrix":[-0.564127326,0.799876392,-0.204835594,-0.785464227,-0.596355915,-0.165546015,-0.254571319,0.0675022006,0.964695692],"scale":1.09139407,"type":"italy_rockface_short_wide"}
{"ctxid":0,"pos":[-769.095886,-906.951599,471.486542],"rotationMatrix":[0.961047947,0.267909348,0.0679007918,-0.268529207,0.963271201,0,-0.0654068738,-0.0182333458,0.997691929],"scale":0.917418897,"type":"italy_rockface_short_wide"}
{"ctxid":0,"pos":[-778.672485,-909.633545,470.43454],"rotationMatrix":[0.973313212,0.221573696,0.0597223081,-0.221969903,0.975053608,0,-0.0582324378,-0.0132565545,0.998215079],"scale":1.19024587,"type":"italy_rockface_short_wide"}
{"ctxid":0,"pos":[-789.349854,-911.798218,470.527557],"rotationMatrix":[0.988755822,0.142459303,-0.045465827,-0.142442152,0.98979634,0.00363370846,0.045519568,0.0028834003,0.998959303],"scale":1.01387739,"type":"italy_rockface_short_wide"}
{"ctxid":0,"pos":[-760.100037,-903.848877,471.876038],"rotationMatrix":[0.923142433,0.369155943,0.107390739,-0.371303141,0.928512037,0,-0.0997135788,-0.0398745127,0.994217038],"scale":1.1718694,"type":"italy_rockface_short_wide"}
{"ctxid":0,"pos":[-750.846802,-899.324585,472.751251],"rotationMatrix":[0.781497896,0.622521222,0.0415690765,0.0325142555,0.0259000733,-0.999135375,-0.62305975,0.782173932,2.98023224e-08],"scale":0.915391564,"type":"italy_rockface_short_wide"}
{"ctxid":0,"pos":[-744.49884,-893.014343,473.092133],"rotationMatrix":[0.638472915,0.767244458,0.0607298091,-0.768663228,0.639653444,0,-0.0388460308,-0.0466807708,0.998154402],"scale":1.02627993,"type":"italy_rockface_short_wide"}
{"ctxid":0,"pos":[-838.697876,-933.008362,470.549927],"rotationMatrix":[0.605358303,0.795953155,0,-0.795953155,0.605358303,0,0,0,1],"scale":1.14974308,"type":"italy_rockface_short_wide"}
{"ctxid":0,"pos":[-844.43866,-941.414001,470.90918],"rotationMatrix":[0.547654748,0.836454749,0.0204631798,-0.836625397,0.547776103,-0.000394038827,-0.0115388324,-0.0169042163,0.999790549],"scale":0.983645916,"type":"italy_rockface_short_wide"}
{"ctxid":0,"pos":[-849.081787,-950.785645,470.136658],"rotationMatrix":[-0.375635535,-0.921180427,-0.101606861,0.925839484,-0.377901971,0.00332305906,-0.0414585695,-0.0928233713,0.994818985],"scale":1.18928397,"type":"italy_rockface_short_wide"}
{"ctxid":0,"pos":[984.775146,-1381.302,280.351013],"rotationMatrix":[0.762986422,-0.646414578,0,0.646414578,0.762986422,0,0,0,1],"scale":0.768843293,"type":"italy_rockface_short_wide"}
{"ctxid":0,"pos":[980.587708,-1375.56726,280.342987],"rotationMatrix":[-0.397136837,0.917759717,0,0.917759418,0.397136688,1.63912773e-07,2.38418579e-07,4.47034836e-08,-0.999999583],"scale":0.820419431,"type":"italy_rockface_short_wide"}
{"ctxid":0,"pos":[976.796814,-1369.21338,280.326233],"rotationMatrix":[0.700422227,-0.713551521,-0.0158978514,0.713641703,0.700510681,0,0.0111366129,-0.0113453707,0.999873698],"scale":0.881570339,"type":"italy_rockface_short_wide"}
{"ctxid":0,"pos":[972.782837,-1362.93762,280.658997],"rotationMatrix":[-0.307824403,0.951443255,0,-0.951443255,-0.307824403,0,0,0,1],"scale":0.718968868,"type":"italy_rockface_short_wide"}
{"ctxid":0,"pos":[970.151245,-1357.28748,280.735687],"rotationMatrix":[-0.472513825,0.881322801,0,-0.881322801,-0.472513825,0,0,0,1],"scale":0.71688509,"type":"italy_rockface_short_wide"}
{"ctxid":0,"pos":[759.608826,-1398.00513,297.526917],"rotationMatrix":[0.0132354256,0.999487221,0.029154215,-0.999912202,0.0132410536,0,-0.000386032509,-0.0291516501,0.999574959],"scale":1.02607131,"type":"italy_rockface_short_wide"}
{"ctxid":0,"pos":[758.304932,-1406.89087,297.470184],"rotationMatrix":[0.202431232,0.978809595,0.0308945104,-0.979276955,0.202527896,0,-0.00625699898,-0.0302542783,0.999522686],"scale":0.875082195,"type":"italy_rockface_short_wide"}
{"ctxid":0,"pos":[883.303528,-1301.80127,284.797882],"rotationMatrix":[-0.909167647,0.412750036,0.0552407801,-0.412237525,-0.910836577,0.0209070165,0.0589447021,-0.00376433786,0.99825418],"scale":1.05881703,"type":"italy_rockface_short_wide"}
{"ctxid":0,"pos":[874.484985,-1297.30798,285.367249],"rotationMatrix":[-0.929443121,0.364651591,0.0562566258,0.0589446872,-0.00376436114,0.99825424,0.364226729,0.931136489,-0.017995514],"scale":0.984718919,"type":"italy_rockface_short_wide"}
{"ctxid":0,"pos":[-1100.77258,-1332.11243,336.698944],"rotationMatrix":[0.97552073,0.205328569,-0.0787396878,-0.209419876,0.976661325,-0.0477134436,0.0671050921,0.063035138,0.995752692],"scale":1.88184166,"type":"italy_rockface_short_wide"}
{"ctxid":0,"pos":[-1117.7002,-1335.1665,337.099945],"rotationMatrix":[0.97888875,0.204393938,0,-0.204393938,0.97888875,0,0,0,1],"scale":1.7912097,"type":"italy_rockface_short_wide"}
{"ctxid":0,"pos":[-1143.57166,-1342.18591,337.013733],"rotationMatrix":[0.98968035,0.14329271,0,-0.14329271,0.98968035,0,0,0,1],"scale":1.09777808,"type":"italy_rockface_short_wide"}
{"ctxid":0,"pos":[-1131.87964,-1339.20056,337.064178],"rotationMatrix":[0.959154904,0.281631798,0.0265620053,0.0254860595,0.00748340692,-0.999647021,-0.281731158,0.959493339,2.97680085e-08],"scale":1.46145916,"type":"italy_rockface_short_wide"}
{"ctxid":0,"pos":[-1165.13489,-1345.33325,337.533844],"rotationMatrix":[1,0,0,0,1,0,0,0,1],"scale":1.33845079,"type":"italy_rockface_short_wide"}
{"ctxid":0,"pos":[-1354.09998,-1437.92993,305.485382],"rotationMatrix":[0.802307248,-0.59691155,0,0.59691155,0.802307248,0,0,0,1],"scale":1.12275982,"type":"italy_rockface_short_wide"}
{"ctxid":0,"pos":[-1367.05933,-1447.00562,302.317993],"rotationMatrix":[0.801695943,-0.597731888,0,0.597731888,0.801695943,0,0,0,1],"scale":1.01584804,"type":"italy_rockface_short_wide"}
{"ctxid":0,"pos":[-1563.32971,-1488.71631,303.767822],"rotationMatrix":[0.329580128,-0.460598856,-0.824151576,0.731321514,0.676628292,-0.0856943578,0.597114742,-0.574476242,0.559848785],"scale":0.964631021,"type":"italy_rockface_short_wide"}
{"ctxid":0,"pos":[-738.078491,-884.426697,473.165466],"rotationMatrix":[0.606322825,0.793937504,0.0451256596,-0.794747114,0.606940985,0,-0.0273886081,-0.0358634889,0.998981297],"scale":1.12206101,"type":"italy_rockface_short_wide"}
{"ctxid":0,"pos":[-730.955261,-875.302795,473.085724],"rotationMatrix":[0.559299886,0.828946531,-0.00556698814,0.828959107,-0.55930841,-5.96046448e-08,-0.00311374012,-0.00461474992,-0.999983966],"scale":1.21256542,"type":"italy_rockface_short_wide"}
{"ctxid":0,"pos":[-713.919861,-851.680786,474.443573],"rotationMatrix":[0.555904627,0.830222785,0.0412286147,-0.830929279,0.556377649,0,-0.0229386799,-0.0342580676,0.999149799],"scale":1.11743164,"type":"italy_rockface_short_wide"}
{"ctxid":0,"pos":[-752.595093,-913.159546,450.927216],"rotationMatrix":[0.886026502,0.455000758,-0.089054063,-0.463571697,0.872552752,-0.154119551,0.00757982675,0.177837104,0.984030128],"scale":0.959845066,"type":"italy_rockface_short_wide"}
{"ctxid":0,"pos":[-744.528076,-908.924683,449.870514],"rotationMatrix":[0.880309999,0.455893755,-0.131204799,-0.461351335,0.887122929,-0.0129446201,0.110493436,0.0719268098,0.991270661],"scale":0.919707954,"type":"italy_rockface_short_wide"}
{"ctxid":0,"pos":[-502.182648,-781.981873,485.619537],"rotationMatrix":[0.927293301,0.373040885,0.0311020128,-0.373221427,0.927742064,0,-0.0288546458,-0.0116079375,0.999516249],"scale":0.998858452,"type":"italy_rockface_short_wide"}
{"ctxid":0,"pos":[-511.111664,-784.528687,485.169067],"rotationMatrix":[-0.993207932,-0.0967236683,-0.0646786839,-0.0965192318,0.99531132,-0.00628542993,0.0649833679,0,-0.997886658],"scale":0.962240219,"type":"italy_rockface_short_wide"}
{"ctxid":0,"pos":[-520.46814,-784.629944,483.690735],"rotationMatrix":[0.976901174,0,0.213691577,0,1,0,-0.213691577,0,0.976901174],"scale":1.03988361,"type":"italy_rockface_short_wide"}
{"ctxid":0,"pos":[-805.02832,-1444.85596,138.13327],"rotationMatrix":[0.674783409,-0.738016009,0,0.738016009,0.674783409,0,0,0,1],"scale":0.992074311,"type":"italy_rockface_short_wide"}
{"ctxid":0,"pos":[-811.631592,-1437.52405,138.287201],"rotationMatrix":[0.63095808,-0.775816858,0,-0.775816739,-0.630957901,0,1.63912773e-07,8.94069672e-08,-0.999999642],"scale":0.993416786,"type":"italy_rockface_short_wide"}
{"ctxid":0,"pos":[-816.689819,-1429.65271,138.23877],"rotationMatrix":[0.553499699,-0.832849324,0,0.832849324,0.553499699,0,0,0,1],"scale":0.916768968,"type":"italy_rockface_short_wide"}
{"ctxid":0,"pos":[-820.679626,-1418.32727,137.942902],"rotationMatrix":[0.00381305162,0.999992728,0,-0.999992728,0.00381305162,0,0,0,1],"scale":1.1453203,"type":"italy_rockface_short_wide"}
{"ctxid":0,"pos":[-823.767334,-1408.36926,138.063873],"rotationMatrix":[0.536000252,-0.844217896,0,0.844217896,0.536000252,0,0,0,1],"scale":1.10188532,"type":"italy_rockface_short_wide"}
{"ctxid":0,"pos":[-1371.29016,-1696.05859,138.163254],"rotationMatrix":[0.984731138,0.174082071,0,-0.174082071,0.984731138,0,0,0,1],"scale":1.10449004,"type":"italy_rockface_short_wide"}
{"ctxid":0,"pos":[-1382.10791,-1697.54895,138.472946],"rotationMatrix":[1,0,0,0,1,0,0,0,1],"scale":1.05782819,"type":"italy_rockface_short_wide"}
{"ctxid":0,"pos":[-1339.75391,-1685.03174,138.167145],"rotationMatrix":[0.79134047,0.600336492,-0.115654983,-0.597387135,0.799507856,0.0625750273,0.13003315,0.0195726585,0.991316378],"scale":1.15035403,"type":"italy_rockface_short_wide"}
{"ctxid":0,"pos":[-378.619476,-1139.62744,290.749298],"rotationMatrix":[0.951335073,-0.294093996,0.0920325741,0.295347482,0.955389917,0,-0.0879269987,0.0271815937,0.995755851],"scale":1.03964162,"type":"italy_rockface_short_wide"}
{"ctxid":0,"pos":[-678.525208,-1296.50952,142.977676],"rotationMatrix":[0.976502061,-0.205966741,-0.0634181052,0.211065516,0.973470271,0.0883560032,0.0435372293,-0.09966515,0.994068265],"scale":0.651940346,"type":"italy_rockface_short_wide"}
{"ctxid":0,"pos":[204.994659,-1366.85876,398.267853],"rotationMatrix":[-0.643119156,0.762229502,-0.0735145435,-0.764297605,-0.644864082,0,-0.0474068895,0.0561869852,0.997294128],"scale":1.02099133,"type":"italy_rockface_short_wide"}
{"ctxid":0,"pos":[211.522675,-1374.41699,398.8526],"rotationMatrix":[0.652476668,-0.755004942,0.0651205182,-0.756611049,-0.653865159,0,0.0425800681,-0.0492709689,-0.997877061],"scale":1.15152299,"type":"italy_rockface_short_wide"}
{"ctxid":0,"pos":[217.399063,-1381.77551,399.926758],"rotationMatrix":[-0.637069046,0.768312633,-0.0619472228,-0.769791245,-0.638295054,0,-0.0395405851,0.0476864316,0.998079002],"scale":0.93561703,"type":"italy_rockface_short_wide"}
{"ctxid":0,"pos":[1709.01941,1285.31738,222.41481],"rotationMatrix":[0.0551565513,0.998477578,0,-0.998477578,0.0551565513,0,0,0,1],"scale":0.987944484,"type":"italy_rockface_short_wide"}
{"ctxid":0,"pos":[1709.27356,1295.078,222.831329],"rotationMatrix":[0.0177277531,-0.998060942,-0.059670072,0.999842525,0.0177593976,0,0.00105970458,-0.0596606769,0.998218179],"scale":1.04110265,"type":"italy_rockface_short_wide"}
{"ctxid":0,"pos":[1709.12036,1305.74609,223.219162],"rotationMatrix":[0.0858912468,-0.996304572,0,0.996304572,0.0858912468,0,0,0,1],"scale":1.07726812,"type":"italy_rockface_short_wide"}
{"ctxid":0,"pos":[1702.1925,1236.67432,222.475739],"rotationMatrix":[0.125108138,0.992143214,0,-0.992143214,0.125108138,0,0,0,1],"scale":0.997024417,"type":"italy_rockface_short_wide"}
{"ctxid":0,"pos":[1699.46338,1226.06384,222.376923],"rotationMatrix":[-0.267677218,-0.963508844,0,0.963508844,-0.267677218,0,0,0,1],"scale":1.17616963,"type":"italy_rockface_short_wide"}
