{"ctxid":0,"pos":[-214.020996,-496.756012,388.040985],"rotationMatrix":[-0.992971659,-0.118352152,0.000232173581,0.111005731,-0.9320122,-0.345008671,0.0410489067,-0.342558056,0.938599467],"scale":1,"type":"italy_rockface_tall_wide"}
{"ctxid":0,"pos":[-224.479996,-499.003998,387.299011],"rotationMatrix":[-0.971303701,0.237842634,0,-0.237842634,-0.971303701,0,0,0,1],"scale":1,"type":"italy_rockface_tall_wide"}
{"ctxid":0,"pos":[-234.188995,-497.006989,388.975006],"rotationMatrix":[-0.983005047,-0.183578461,-0.000163043151,0.171032608,-0.915502548,-0.364146858,0.0667002499,-0.357986093,0.931341529],"scale":1,"type":"italy_rockface_tall_wide"}
{"ctxid":0,"pos":[-243.871994,-499.319,389.273987],"rotationMatrix":[-0.966305971,-0.257214516,-0.00966740958,0.235301748,-0.867512584,-0.438240796,0.104335301,-0.425749451,0.898805618],"scale":1,"type":"italy_rockface_tall_wide"}
{"ctxid":0,"pos":[-124.591003,-545.320007,393.859009],"rotationMatrix":[0.0944538116,0.61117214,-0.785841644,-0.444933176,-0.680229902,-0.582513273,-0.890568912,0.404667616,0.207680464],"scale":1.02279997,"type":"italy_rockface_tall_wide"}
{"ctxid":0,"pos":[-119.079002,-553.46698,391.962006],"rotationMatrix":[-0.368826032,0.855923533,-0.362439275,-0.762350082,-0.501641393,-0.408874363,-0.531779766,0.125502095,0.837531805],"scale":0.980199993,"type":"italy_rockface_tall_wide"}
{"ctxid":0,"pos":[-117.292999,-564.874023,394.194],"rotationMatrix":[-0.322141767,0.946619332,-0.0116824862,-0.87838763,-0.303478837,-0.369236767,-0.353072077,-0.108684838,0.929261923],"scale":1.52919996,"type":"italy_rockface_tall_wide"}
{"ctxid":0,"pos":[-124.892998,-566.419983,406.846008],"rotationMatrix":[-0.377213717,0.926126242,6.44527463e-05,-0.58374095,-0.237705231,-0.776365101,-0.718996763,-0.292893171,0.630283475],"scale":1.55470002,"type":"italy_rockface_tall_wide"}
{"ctxid":0,"pos":[-80.7904968,-559.028992,369.47699],"rotationMatrix":[0.157743573,0.764476895,0.625053585,-0.871637583,0.405267477,-0.275692195,-0.464074224,-0.501331568,0.730275154],"scale":1.30060005,"type":"italy_rockface_tall_wide"}
{"ctxid":0,"pos":[-83.0507965,-572.317993,369.683014],"rotationMatrix":[-0.155455112,0.987792313,0.0100044291,-0.938925803,-0.14460206,-0.312263578,-0.307004899,-0.0579363853,0.949942827],"scale":0.980499983,"type":"italy_rockface_tall_wide"}
{"ctxid":0,"pos":[-77.1026001,-582.494995,368.638],"rotationMatrix":[-0.583044529,0.773357987,-0.248950839,-0.720457435,-0.633786917,-0.281523079,-0.375499904,0.015217999,0.926697493],"scale":1.47590005,"type":"italy_rockface_tall_wide"}
{"ctxid":0,"pos":[-113.148003,-575.97998,389.205994],"rotationMatrix":[-0.501297951,0.865274727,0,-0.865274727,-0.501297951,0,0,0,1],"scale":0.933399975,"type":"italy_rockface_tall_wide"}
{"ctxid":0,"pos":[-119.610001,-578.815979,408.029999],"rotationMatrix":[0.533589125,-0.845743835,-4.41674638e-05,-0.696358919,-0.439310908,-0.567529857,0.479965478,0.302858531,-0.823352814],"scale":1.18659997,"type":"italy_rockface_tall_wide"}
{"ctxid":0,"pos":[-25.8439999,-746.750977,388.781006],"rotationMatrix":[-0.510536551,0.828211248,0.23112452,-0.842618883,-0.428338647,-0.32637316,-0.171306372,-0.361375302,0.916548967],"scale":1.21800005,"type":"italy_rockface_tall_wide"}
{"ctxid":0,"pos":[-30.9661007,-738.119995,390.535004],"rotationMatrix":[-0.467845201,0.883697867,0.0141033651,-0.827150583,-0.432174921,-0.359230787,-0.311356366,-0.179730013,0.933142185],"scale":1.22130001,"type":"italy_rockface_tall_wide"}
{"ctxid":0,"pos":[-36.4356003,-725.934998,389.549011],"rotationMatrix":[-0.269408464,0.950671196,-0.153764114,-0.869031429,-0.308796167,-0.386560917,-0.414974093,0.0294830594,0.909355402],"scale":1.08220005,"type":"italy_rockface_tall_wide"}
{"ctxid":0,"pos":[-174.854004,-537.403015,396.777008],"rotationMatrix":[-0.985280395,0.170833841,-0.00619198754,-0.154898167,-0.907521963,-0.390397787,-0.0723125264,-0.383692175,0.920625448],"scale":1.05840003,"type":"italy_rockface_tall_wide"}
{"ctxid":0,"pos":[-165.804993,-538.633606,390.00769],"rotationMatrix":[-0.997992635,-0.0132301114,0.0629911795,0.0112200864,-0.999478936,-0.0321582146,0.0633800849,-0.0314084068,0.997495532],"scale":1.0467,"type":"italy_rockface_tall_wide"}
{"ctxid":0,"pos":[-155.233002,-538.890015,395.890991],"rotationMatrix":[-0.999999046,0.00136167451,0.000230630088,-0.0013616815,-0.944235086,-0.32926926,-0.000230588543,-0.32926926,0.94423604],"scale":1.07889998,"type":"italy_rockface_tall_wide"}
{"ctxid":0,"pos":[-145.602997,-538.781006,396.214996],"rotationMatrix":[-0.96517992,0.255169094,0.0575887002,-0.24775739,-0.821090698,-0.514223993,-0.0839285254,-0.510586739,0.855720282],"scale":1,"type":"italy_rockface_tall_wide"}
{"ctxid":0,"pos":[-135.639008,-539.241028,393.196014],"rotationMatrix":[-0.817694187,0.436965525,-0.37474969,-0.201543465,-0.827108979,-0.524662733,-0.539218366,-0.353485286,0.764389753],"scale":1,"type":"italy_rockface_tall_wide"}
{"ctxid":0,"pos":[-164.904007,-538.851013,400.167999],"rotationMatrix":[-0.99712646,0.0723159835,-0.0225659311,-0.0464816839,-0.819257617,-0.571538627,-0.0598186888,-0.568847418,0.820264816],"scale":1,"type":"italy_rockface_tall_wide"}
{"ctxid":0,"pos":[-178.039001,-548.752014,412.433014],"rotationMatrix":[-0.947387576,0.30587709,-0.0943185315,-0.22437571,-0.844762802,-0.485830575,-0.22828123,-0.43910706,0.868949175],"scale":1.09850001,"type":"italy_rockface_tall_wide"}
{"ctxid":0,"pos":[-169.003006,-552.695984,414.653992],"rotationMatrix":[-0.9586761,0.2802338,-0.0490831509,-0.217585623,-0.833353758,-0.508112192,-0.183293834,-0.476435244,0.859891176],"scale":0.931500018,"type":"italy_rockface_tall_wide"}
{"ctxid":0,"pos":[-160.695999,-559.215027,422.272003],"rotationMatrix":[0.954783916,-0.296227306,0.0252398942,-0.229880646,-0.789434314,-0.569164634,0.188527346,0.537627041,-0.821836114],"scale":1.17970002,"type":"italy_rockface_tall_wide"}
{"ctxid":0,"pos":[-169.332001,-522.200989,386.813995],"rotationMatrix":[-0.992851019,0.11602322,0.0280282795,-0.11602322,-0.882964253,-0.454876602,-0.0280282795,-0.454876602,0.890113354],"scale":1.07490003,"type":"italy_rockface_tall_wide"}
{"ctxid":0,"pos":[-133.802002,-556.538025,404.55899],"rotationMatrix":[0.793017149,-0.609199286,4.84140874e-05,-0.330395639,-0.43015492,-0.840122283,0.51182276,0.66621542,-0.542397022],"scale":1.16480005,"type":"italy_rockface_tall_wide"}
{"ctxid":0,"pos":[-179.604996,-565.958984,421.946991],"rotationMatrix":[-0.973996878,0.226561055,-0.000411709887,-0.220212698,-0.947129011,-0.233351678,-0.0532583445,-0.227193147,0.972392321],"scale":1.17089999,"type":"italy_rockface_tall_wide"}
{"ctxid":0,"pos":[-168.335007,-568.734009,423.785004],"rotationMatrix":[-0.98115921,0.193200946,2.69921602e-05,-0.179453388,-0.911291361,-0.370600224,-0.0715757161,-0.363622665,0.928792477],"scale":1.08700001,"type":"italy_rockface_tall_wide"}
{"ctxid":0,"pos":[-159.542999,-575.153992,431.247009],"rotationMatrix":[0.929554462,-0.368684828,4.39103605e-05,-0.323245794,-0.815047622,-0.480842531,0.177315131,0.446955115,-0.876806974],"scale":0.942300022,"type":"italy_rockface_tall_wide"}
{"ctxid":0,"pos":[-163.983002,-575.393982,432.140991],"rotationMatrix":[-0.926056385,0.372463912,-0.0607470758,-0.148498848,-0.507628441,-0.848682165,-0.346940428,-0.776906669,0.525403023],"scale":1.81770003,"type":"italy_rockface_tall_wide"}
{"ctxid":0,"pos":[-222.748993,-511.514008,397.362],"rotationMatrix":[-0.999903083,0.00954736955,0.0101327514,-0.0123464856,-0.944427252,-0.328488559,0.00643344503,-0.32858181,0.944453597],"scale":1,"type":"italy_rockface_tall_wide"}
{"ctxid":0,"pos":[-212.369003,-512.734009,396.906006],"rotationMatrix":[-0.945952773,0.324304372,0.000164017401,-0.292432636,-0.852768302,-0.432746321,-0.140201658,-0.409405529,0.901515722],"scale":1,"type":"italy_rockface_tall_wide"}
{"ctxid":0,"pos":[-203.792999,-517.713989,396.820007],"rotationMatrix":[-0.734140754,0.678997338,-1.56439073e-05,-0.616531074,-0.666611075,-0.418950021,-0.28447637,-0.307558656,0.908009291],"scale":0.942499995,"type":"italy_rockface_tall_wide"}
{"ctxid":0,"pos":[-194.656998,-527.161987,396.265991],"rotationMatrix":[-0.750235677,0.66094017,0.0174507163,-0.618079424,-0.691722989,-0.373493165,-0.234785572,-0.29099381,0.927468777],"scale":1,"type":"italy_rockface_tall_wide"}
{"ctxid":0,"pos":[-187.656998,-532.533997,396.842987],"rotationMatrix":[-0.88924849,0.457382619,0.00618623197,-0.423428893,-0.817968488,-0.389404058,-0.173046499,-0.348896414,0.921046257],"scale":1,"type":"italy_rockface_tall_wide"}
{"ctxid":0,"pos":[-236.901001,-511.562012,394.148987],"rotationMatrix":[-0.986085653,-0.165413454,0.0165369846,0.15514572,-0.951452613,-0.265834033,0.0597066805,-0.259569466,0.963876963],"scale":1,"type":"italy_rockface_tall_wide"}
{"ctxid":0,"pos":[-246.291,-515.073975,398.30899],"rotationMatrix":[-0.980454564,-0.196581185,-0.00804286264,0.194982231,-0.965393662,-0.173196435,0.0262826309,-0.171379447,0.98485446],"scale":1,"type":"italy_rockface_tall_wide"}
{"ctxid":0,"pos":[-236.932007,-513.617981,401.635986],"rotationMatrix":[-0.978593588,-0.160404205,0.128938273,0.105773039,-0.929441571,-0.353483289,0.176540807,-0.332278281,0.926512003],"scale":1,"type":"italy_rockface_tall_wide"}
{"ctxid":0,"pos":[-244.813995,-516.903992,408.436005],"rotationMatrix":[-0.995204091,-0.0897940397,-0.0388052464,0.0972869396,-0.867194414,-0.488373935,0.010201375,-0.48980698,0.871771216],"scale":1,"type":"italy_rockface_tall_wide"}
{"ctxid":0,"pos":[-204.384003,-502.109985,386.617004],"rotationMatrix":[-0.720512509,0.693441927,0,-0.693441927,-0.720512509,0,0,0,1],"scale":1,"type":"italy_rockface_tall_wide"}
{"ctxid":0,"pos":[-247.026001,-532.93103,416.588989],"rotationMatrix":[-0.969438434,0.245334715,-2.78669231e-05,-0.22397241,-0.885071754,-0.408024937,-0.100127347,-0.39554882,0.912970781],"scale":1,"type":"italy_rockface_tall_wide"}
{"ctxid":0,"pos":[-236.080994,-536.453003,416.313995],"rotationMatrix":[-0.801044345,0.598605037,-3.31307092e-05,-0.509818733,-0.682260871,-0.524027646,-0.313708186,-0.419752479,0.85170126],"scale":1.01849997,"type":"italy_rockface_tall_wide"}
{"ctxid":0,"pos":[-227.455002,-543.479004,418.230988],"rotationMatrix":[-0.859419465,0.511271119,1.2467669e-05,-0.40714556,-0.684375167,-0.604866207,-0.3092421,-0.51983887,0.796327114],"scale":1.1681,"type":"italy_rockface_tall_wide"}
{"ctxid":0,"pos":[-215.712997,-553.276978,423.98999],"rotationMatrix":[0.278427482,0.530130327,-0.800899506,-0.295280397,-0.746240377,-0.596602738,-0.913940728,0.402600497,-0.0512367487],"scale":1.2076,"type":"italy_rockface_tall_wide"}
{"ctxid":0,"pos":[-209.535004,-553.026978,420.561005],"rotationMatrix":[-0.897415638,0.42794621,-0.107271694,-0.323542237,-0.803669214,-0.499435902,-0.299942672,-0.413494676,0.85968399],"scale":1.05130005,"type":"italy_rockface_tall_wide"}
{"ctxid":0,"pos":[-203.091995,-561.288025,430.424988],"rotationMatrix":[-0.946050406,0.320522517,-0.0474758036,-0.222209007,-0.748427272,-0.624883831,-0.235821515,-0.580622017,0.779272914],"scale":1.75670004,"type":"italy_rockface_tall_wide"}
{"ctxid":0,"pos":[-200.507004,-558.817017,421.833008],"rotationMatrix":[-0.883334041,0.46874404,2.8253884e-05,-0.467789114,-0.881530643,-0.0638520494,-0.0299053602,-0.056415908,0.997959375],"scale":1.09029996,"type":"italy_rockface_tall_wide"}
{"ctxid":0,"pos":[-221.132004,-554.578003,427.781006],"rotationMatrix":[-0.941679478,0.31188041,-0.126373902,-0.102596126,-0.623748779,-0.77486223,-0.320489943,-0.716706395,0.619369149],"scale":2.06469989,"type":"italy_rockface_tall_wide"}
{"ctxid":0,"pos":[-190.899002,-548.887024,408.76001],"rotationMatrix":[-0.991615295,0.113447979,-0.0618761815,-0.113670751,-0.993518472,8.07054821e-05,-0.0614659749,0.00711354101,0.99808383],"scale":1.15620005,"type":"italy_rockface_tall_wide"}
{"ctxid":0,"pos":[-196.149994,-532.151978,404.751007],"rotationMatrix":[-0.76762104,0.639818668,-0.0372828096,-0.3705118,-0.490482688,-0.788763404,-0.522952139,-0.591657698,0.613565207],"scale":1.50689995,"type":"italy_rockface_tall_wide"}
{"ctxid":0,"pos":[-191.737,-567.346985,432.947998],"rotationMatrix":[0.949341774,-0.314245433,-9.25770437e-05,-0.284156233,-0.858315825,-0.427257746,0.134184331,0.405639946,-0.904129863],"scale":1.15820003,"type":"italy_rockface_tall_wide"}
{"ctxid":0,"pos":[-216.052307,-618.761108,472.778595],"rotationMatrix":[0.489547431,0.770377338,-0.408487618,-0.850523651,0.318591744,-0.418460101,-0.192231372,0.55228442,0.81118983],"scale":0.917999983,"type":"italy_rockface_tall_wide"}
{"ctxid":0,"pos":[-218.798218,-625.291382,472.215576],"rotationMatrix":[0.411534637,0.903769433,-0.117643386,-0.886056304,0.366521269,-0.283842385,-0.21340926,0.221049607,0.951626778],"scale":1.09679997,"type":"italy_rockface_tall_wide"}
{"ctxid":0,"pos":[-26.9465008,-874.815002,445.808014],"rotationMatrix":[-0.123690605,0.992320836,4.34280882e-05,-0.781354725,-0.0973671675,-0.616445005,-0.611706972,-0.0762823895,0.787397981],"scale":1.16199994,"type":"italy_rockface_tall_wide"}
{"ctxid":0,"pos":[-8.07400036,-857.283997,415.403015],"rotationMatrix":[0.0402524471,-0.997047663,-0.0653889999,-0.857495844,-0.000876903534,-0.514490128,0.512913823,0.076780282,-0.854999542],"scale":1.94200003,"type":"italy_rockface_tall_wide"}
{"ctxid":0,"pos":[-4.64830017,-781.018982,387.247986],"rotationMatrix":[-0.648926497,0.760851085,-6.25362227e-05,-0.744460225,-0.634963751,-0.206397712,-0.15707764,-0.13389039,0.97846818],"scale":1.14119995,"type":"italy_rockface_tall_wide"}
{"ctxid":0,"pos":[-12.6661997,-767.96698,387.592987],"rotationMatrix":[-0.532186985,0.846562743,-0.0104157683,-0.802736938,-0.508469462,-0.311564207,-0.26905477,-0.15744929,0.950168014],"scale":1.1437,"type":"italy_rockface_tall_wide"}
{"ctxid":0,"pos":[-8.49289989,-779.825989,389.294006],"rotationMatrix":[-0.548402548,0.835871756,0.0239385497,-0.830936491,-0.541506529,-0.127730876,-0.0938037559,-0.0899393559,0.991519928],"scale":1.57060003,"type":"italy_rockface_tall_wide"}
{"ctxid":0,"pos":[-18.9503002,-758.614014,381.403992],"rotationMatrix":[-0.541768074,0.840528011,0,-0.840528011,-0.541768074,0,0,0,1],"scale":1.19490004,"type":"italy_rockface_tall_wide"}
{"ctxid":0,"pos":[-20.0370998,-756.461975,390.223999],"rotationMatrix":[-0.448503375,0.887646019,-0.104543276,-0.794562936,-0.449540734,-0.408145696,-0.409285337,-0.0999885052,0.906911135],"scale":1.03059995,"type":"italy_rockface_tall_wide"}
{"ctxid":0,"pos":[-22.6270008,-774.674988,404.177002],"rotationMatrix":[0.663148403,-0.747633874,-0.0357467048,-0.435776025,-0.346820474,-0.830550909,0.608550251,0.566356063,-0.555794358],"scale":1.03859997,"type":"italy_rockface_tall_wide"}
{"ctxid":0,"pos":[-19.1494999,-859.130981,432.164001],"rotationMatrix":[0.0631527901,-0.99800384,1.42607696e-05,-0.833480418,-0.052749753,-0.550025344,0.548928142,0.0347237475,-0.835147977],"scale":1.82939994,"type":"italy_rockface_tall_wide"}
{"ctxid":0,"pos":[-19.4316006,-856.721985,433.227997],"rotationMatrix":[-0.114775538,0.992981493,0.0285373125,-0.800489664,-0.0754383802,-0.594579995,-0.588254094,-0.0910870656,0.803529859],"scale":1.76950002,"type":"italy_rockface_tall_wide"}
{"ctxid":0,"pos":[-33.7659988,-856.330994,451.459991],"rotationMatrix":[0.0659583807,-0.997822404,3.00003612e-05,-0.602680027,-0.0398625135,-0.796986699,0.795252323,0.0525498688,-0.603996873],"scale":1.10290003,"type":"italy_rockface_tall_wide"}
{"ctxid":0,"pos":[-3.56529999,-877.825989,404.269012],"rotationMatrix":[-0.0247793198,0.999692917,9.49641617e-05,-0.871620774,-0.0215582848,-0.489706516,-0.489554107,-0.0122173671,0.871887326],"scale":2.47070003,"type":"italy_rockface_tall_wide"}
{"ctxid":0,"pos":[-3.03850007,-877.650024,403],"rotationMatrix":[0.141063452,-0.990000546,0.000170852829,-0.899062693,-0.12817812,-0.418636709,0.414472461,0.0589007325,-0.908153772],"scale":2.3210001,"type":"italy_rockface_tall_wide"}
{"ctxid":0,"pos":[-28.3358994,-876.625,444.779999],"rotationMatrix":[0.182298183,-0.983200967,-0.00912007876,-0.778125644,-0.138591886,-0.612627745,0.601072252,0.118777491,-0.790318966],"scale":2.23000002,"type":"italy_rockface_tall_wide"}
{"ctxid":0,"pos":[-255.975998,-516.859985,398.713013],"rotationMatrix":[-0.984698534,-0.174075112,-0.00816421583,0.170459226,-0.952388763,-0.25278309,0.0362277366,-0.250306815,0.967488527],"scale":1,"type":"italy_rockface_tall_wide"}
{"ctxid":0,"pos":[-254.324005,-517.856018,407.971008],"rotationMatrix":[-0.997602224,-0.0602437221,-0.034066055,0.0692083761,-0.868012905,-0.491694808,5.17519511e-05,-0.49287349,0.870100975],"scale":1,"type":"italy_rockface_tall_wide"}
{"ctxid":0,"pos":[-264.910004,-518.562012,398.729004],"rotationMatrix":[-0.987471461,-0.157797679,-5.78917497e-05,0.15681532,-0.981282949,-0.111770883,0.0175803788,-0.110379636,0.993734002],"scale":1,"type":"italy_rockface_tall_wide"}
{"ctxid":0,"pos":[-264.100006,-519.724976,408.684998],"rotationMatrix":[-0.981794596,-0.185292929,-0.0417839698,0.179381505,-0.832139015,-0.524754167,0.0624631681,-0.522696078,0.850227714],"scale":0.894999981,"type":"italy_rockface_tall_wide"}
{"ctxid":0,"pos":[-274.845001,-520.666016,399.144989],"rotationMatrix":[-0.980572939,-0.196154803,5.44076574e-05,0.196129218,-0.980449438,-0.0158816874,0.00316861318,-0.0155624822,0.999873877],"scale":1,"type":"italy_rockface_tall_wide"}
{"ctxid":0,"pos":[-284.863007,-523.539001,399.997009],"rotationMatrix":[-0.948732853,-0.31607905,0,0.31607905,-0.948732853,0,0,0,1],"scale":1,"type":"italy_rockface_tall_wide"}
{"ctxid":0,"pos":[-299.237,-528.346008,401.033997],"rotationMatrix":[-0.936905503,-0.349582732,0,0.349582732,-0.936905503,0,0,0,1],"scale":1,"type":"italy_rockface_tall_wide"}
{"ctxid":0,"pos":[-272.737,-521.830017,407.401001],"rotationMatrix":[-0.96231842,-0.271923751,-0.000858788961,0.23109816,-0.816167116,-0.529589355,0.143307,-0.509832025,0.848253727],"scale":1,"type":"italy_rockface_tall_wide"}
{"ctxid":0,"pos":[-282.218994,-523.463013,409.118011],"rotationMatrix":[-0.962493062,-0.26782912,-0.043297369,0.215233743,-0.656625032,-0.722854078,0.165171236,-0.705061078,0.689642906],"scale":0.947300017,"type":"italy_rockface_tall_wide"}
{"ctxid":0,"pos":[-291.410004,-525.89801,410.588013],"rotationMatrix":[-0.964210987,-0.265136003,-0.000279252941,0.149521664,-0.542889953,-0.826385975,0.218953058,-0.796852171,0.563104033],"scale":0.833700001,"type":"italy_rockface_tall_wide"}
{"ctxid":0,"pos":[-299.347992,-528.39801,409.158997],"rotationMatrix":[-0.972431421,-0.225790218,-0.0582744479,0.193797588,-0.643535614,-0.740475774,0.129690513,-0.731355369,0.669551849],"scale":0.895500004,"type":"italy_rockface_tall_wide"}
{"ctxid":0,"pos":[-309.299988,-531.536011,402.584991],"rotationMatrix":[-0.957308054,-0.289033085,0.00460127741,0.27082175,-0.902328849,-0.335347921,0.101078503,-0.319785118,0.94208312],"scale":1,"type":"italy_rockface_tall_wide"}
{"ctxid":0,"pos":[-323.097992,-534.836975,402.707001],"rotationMatrix":[-0.990536332,-0.137250751,6.73015311e-05,0.133269712,-0.961922169,-0.238631368,0.0328170732,-0.236364067,0.971110225],"scale":1,"type":"italy_rockface_tall_wide"}
{"ctxid":0,"pos":[-336.957001,-535.799988,401.441986],"rotationMatrix":[-0.998879313,-0.0437189154,-0.0181321185,0.0467674434,-0.970591545,-0.236145839,-0.00727484096,-0.23672919,0.971548438],"scale":1.08070004,"type":"italy_rockface_tall_wide"}
{"ctxid":0,"pos":[-347.414001,-536.35498,400.309998],"rotationMatrix":[-0.991446495,-0.0086207604,-0.130228758,0.0386616811,-0.972430944,-0.229963765,-0.124656014,-0.233031631,0.964446545],"scale":1.09000003,"type":"italy_rockface_tall_wide"}
{"ctxid":0,"pos":[-358.411987,-535.838989,400.347992],"rotationMatrix":[-0.98275125,-0.102113836,-0.154184133,0.157686859,-0.898277402,-0.410161644,-0.0966169387,-0.427399665,0.89888525],"scale":1,"type":"italy_rockface_tall_wide"}
{"ctxid":0,"pos":[-369.187988,-536.997009,399.714996],"rotationMatrix":[-0.981368661,-0.190008074,-0.028504068,0.177255556,-0.838111043,-0.515897632,0.0741351396,-0.511338234,0.8561759],"scale":1,"type":"italy_rockface_tall_wide"}
{"ctxid":0,"pos":[-323.552002,-519.445984,393.257996],"rotationMatrix":[-0.99890399,-0.0321501344,-0.034017466,0.0453167893,-0.846172094,-0.530979455,-0.01171357,-0.53193903,0.846701622],"scale":1,"type":"italy_rockface_tall_wide"}
{"ctxid":0,"pos":[-332.869995,-520.565979,392.075012],"rotationMatrix":[-0.99360013,-0.0755158365,-0.0840008333,0.106061727,-0.879544258,-0.46384567,-0.0388547555,-0.469786406,0.881924629],"scale":1,"type":"italy_rockface_tall_wide"}
{"ctxid":0,"pos":[-342.467987,-520.992004,391.238007],"rotationMatrix":[-0.99740386,-0.0419850014,-0.0585046969,0.0648135915,-0.87744832,-0.475272179,-0.0313805416,-0.477830201,0.877891541],"scale":1,"type":"italy_rockface_tall_wide"}
{"ctxid":0,"pos":[-356.983002,-521.776978,390.654999],"rotationMatrix":[-0.9836092,-0.180313364,0.000188310238,0.168399826,-0.918993235,-0.356500953,0.0644549429,-0.350625902,0.934294939],"scale":1,"type":"italy_rockface_tall_wide"}
{"ctxid":0,"pos":[-366.764008,-522.802979,390.971008],"rotationMatrix":[-0.993453503,-0.114236951,0.000239718254,0.108403169,-0.943378329,-0.313506097,0.0360401273,-0.311427742,0.949586153],"scale":1,"type":"italy_rockface_tall_wide"}
{"ctxid":0,"pos":[-306.821991,-533.403015,404.958008],"rotationMatrix":[-0.988442421,-0.144063592,-0.0471938662,0.149752647,-0.976308107,-0.156194195,-0.0235738568,-0.161456376,0.986598253],"scale":1,"type":"italy_rockface_tall_wide"}
{"ctxid":0,"pos":[-257.350006,-502.127014,389.723999],"rotationMatrix":[-0.978799343,-0.204821408,-0.000192059655,0.182102919,-0.869802356,-0.458565593,0.0937569961,-0.448878676,0.88866055],"scale":1,"type":"italy_rockface_tall_wide"}
{"ctxid":0,"pos":[-266.696991,-504.394989,388.988007],"rotationMatrix":[-0.975533724,-0.219849825,8.58444982e-05,0.212106287,-0.941276073,-0.262698084,0.0578349307,-0.256252617,0.964878082],"scale":1,"type":"italy_rockface_tall_wide"}
{"ctxid":0,"pos":[-269.415985,-537.921997,416.561005],"rotationMatrix":[-0.968315601,-0.249645963,0.00646468531,0.241160586,-0.941499114,-0.235416636,0.0648573041,-0.226398572,0.971873045],"scale":1.62279999,"type":"italy_rockface_tall_wide"}
{"ctxid":0,"pos":[-281.466003,-540.914978,416.257996],"rotationMatrix":[-0.955846429,-0.293866634,0,0.293866634,-0.955846429,0,0,0,1],"scale":1,"type":"italy_rockface_tall_wide"}
{"ctxid":0,"pos":[-292.197998,-544.663025,417.47699],"rotationMatrix":[-0.968856692,-0.247001454,-0.0175210908,0.244744897,-0.944443941,-0.219375432,0.0376383625,-0.21683155,0.975483179],"scale":1.44360006,"type":"italy_rockface_tall_wide"}
{"ctxid":0,"pos":[-281.971008,-541.721008,425.123993],"rotationMatrix":[-0.931509018,-0.363718212,-4.72927932e-05,0.281770945,-0.721553802,-0.63242805,0.229991481,-0.589125752,0.774619102],"scale":1,"type":"italy_rockface_tall_wide"}
{"ctxid":0,"pos":[-258.843994,-533.955017,416.764008],"rotationMatrix":[-0.964967966,-0.212985694,0.153212011,0.153594434,-0.932017684,-0.328255683,0.212710068,-0.293223679,0.932080626],"scale":1,"type":"italy_rockface_tall_wide"}
{"ctxid":0,"pos":[-304.311005,-547.012024,416.911011],"rotationMatrix":[-0.974561334,-0.22412096,4.88923397e-05,0.224103555,-0.974482894,0.0126761692,-0.00279335049,0.0123646613,0.999919653],"scale":1,"type":"italy_rockface_tall_wide"}
{"ctxid":0,"pos":[-314.835999,-549.906982,415.191986],"rotationMatrix":[-0.983802557,-0.179255486,-2.29410216e-05,0.176634029,-0.969437122,0.170270622,-0.0305441823,0.167508617,0.985397339],"scale":1.26470006,"type":"italy_rockface_tall_wide"}
{"ctxid":0,"pos":[-326.283997,-551.249023,416.653015],"rotationMatrix":[-0.995830894,-0.0912185833,4.4676759e-05,0.0882625952,-0.963436604,0.252981484,-0.0230335668,0.251930714,0.967471123],"scale":1,"type":"italy_rockface_tall_wide"}
{"ctxid":0,"pos":[-336.769989,-552.601013,414.707001],"rotationMatrix":[-0.999610424,0.0128440605,-0.0247796346,-0.018003691,-0.975148678,0.220818758,-0.0213276166,0.221178859,0.975000024],"scale":1.21829998,"type":"italy_rockface_tall_wide"}
{"ctxid":0,"pos":[-303.734009,-547.987,427.516998],"rotationMatrix":[-0.997220576,-0.0625473112,0.0448174216,0.0257436633,-0.819999874,-0.571830869,0.0725148544,-0.569160342,0.819127262],"scale":1.11590004,"type":"italy_rockface_tall_wide"}
{"ctxid":0,"pos":[-315.709015,-550.104004,427.924011],"rotationMatrix":[-0.998204589,0.0189918969,0.0568058677,-0.0422474891,-0.895537019,-0.442976981,0.0424587838,-0.444581538,0.894731522],"scale":1.68729997,"type":"italy_rockface_tall_wide"}
{"ctxid":0,"pos":[-328.444,-549.955017,426.636993],"rotationMatrix":[-0.985194564,-0.171439886,-0.000195955887,0.150134444,-0.862208009,-0.483794361,0.0827726945,-0.476660997,0.875181675],"scale":1,"type":"italy_rockface_tall_wide"}
{"ctxid":0,"pos":[-338.118988,-550.468994,427.296997],"rotationMatrix":[-0.99626112,-0.0810823366,-0.0298234075,0.0820201859,-0.779253364,-0.621318638,0.0271379799,-0.621441722,0.782990217],"scale":1,"type":"italy_rockface_tall_wide"}
{"ctxid":0,"pos":[-328.138,-554.651001,435.239014],"rotationMatrix":[-0.982990026,-0.183658883,0.000152367982,0.172377214,-0.922893286,-0.34431684,0.0633774623,-0.338433743,0.938853502],"scale":1,"type":"italy_rockface_tall_wide"}
{"ctxid":0,"pos":[-350.919006,-552.531982,412.140991],"rotationMatrix":[-0.998000383,0.0632078722,0,-0.0632078722,-0.998000383,0,0,0,1],"scale":1,"type":"italy_rockface_tall_wide"}
{"ctxid":0,"pos":[-350.265991,-553.432983,423.033997],"rotationMatrix":[-0.998230219,-0.059465874,-0.000489821774,0.0556642897,-0.931452632,-0.359579593,0.0209264681,-0.358970493,0.93311429],"scale":1.49070001,"type":"italy_rockface_tall_wide"}
{"ctxid":0,"pos":[-340.321014,-557.88501,435.237],"rotationMatrix":[-0.935182571,-0.349868685,-0.0550041273,0.315678895,-0.753033876,-0.577309966,0.160562709,-0.557253897,0.814670324],"scale":1.34819996,"type":"italy_rockface_tall_wide"}
{"ctxid":0,"pos":[-276.502991,-507.237,385.628998],"rotationMatrix":[-0.999200225,-0.0399863794,0,0.0399863794,-0.999200225,0,0,0,1],"scale":1.24259996,"type":"italy_rockface_tall_wide"}
{"ctxid":0,"pos":[-378.970001,-540.651001,399.722992],"rotationMatrix":[-0.882105112,-0.463371992,-0.0847169757,0.447482705,-0.768127203,-0.457973629,0.147138745,-0.44189024,0.884919882],"scale":0.936100006,"type":"italy_rockface_tall_wide"}
{"ctxid":0,"pos":[-387.076996,-545.997986,397.783997],"rotationMatrix":[-0.770560384,-0.627558947,-0.111384392,0.631725729,-0.728787899,-0.264179468,0.0846125856,-0.273930609,0.95802021],"scale":1,"type":"italy_rockface_tall_wide"}
{"ctxid":0,"pos":[-491.77301,-921.551025,318.533997],"rotationMatrix":[-0.978927493,-0.203640208,-0.0152192973,-0.190907389,0.939079046,-0.285805732,0.0724936649,-0.276877612,-0.958166718],"scale":1.08379996,"type":"italy_rockface_tall_wide"}
{"ctxid":0,"pos":[-476.694,-921.406006,308.78299],"rotationMatrix":[0.989780188,0.142601475,-2.52682421e-05,-0.138749912,0.96300602,-0.231014863,-0.0329187252,0.228657439,0.97295022],"scale":1.20879996,"type":"italy_rockface_tall_wide"}
{"ctxid":0,"pos":[-488.341827,-911.861023,333.240417],"rotationMatrix":[-0.985838115,-0.115538575,0.122708872,-0.163653374,0.830457449,-0.532624245,-0.0403542258,-0.544955015,-0.837550521],"scale":1.6638,"type":"italy_rockface_tall_wide"}
{"ctxid":0,"pos":[-460.644012,-918.012024,309.993011],"rotationMatrix":[0.967955112,0.251123279,-6.36304867e-06,-0.251105756,0.967887342,-0.0118481722,-0.00296920422,0.0114701232,0.999930024],"scale":0.969600022,"type":"italy_rockface_tall_wide"}
{"ctxid":0,"pos":[-450.600067,-914.67395,319.857391],"rotationMatrix":[-0.962444425,-0.271459103,-0.00326993107,-0.271388203,0.962364852,-0.0142517257,0.00701563526,-0.0128291016,-0.999893367],"scale":1.05250001,"type":"italy_rockface_tall_wide"}
{"ctxid":0,"pos":[-487.830994,-937.638,298.091003],"rotationMatrix":[0.976895452,0.213272899,0.0137820356,-0.200222895,0.935858011,-0.289966524,-0.0747400299,0.280507475,0.956937551],"scale":1.15320003,"type":"italy_rockface_tall_wide"}
{"ctxid":0,"pos":[-501.621002,-925.523987,309.011993],"rotationMatrix":[0.985000849,0.172549501,0,-0.172549501,0.985000849,0,0,0,1],"scale":0.906799972,"type":"italy_rockface_tall_wide"}
{"ctxid":0,"pos":[-512.614014,-925.573975,317.345001],"rotationMatrix":[-0.983967245,-0.17628023,-0.0312981419,-0.166188821,0.96406877,-0.207329467,0.0667319372,-0.198724627,-0.977903724],"scale":1.1128,"type":"italy_rockface_tall_wide"}
{"ctxid":0,"pos":[-505.06546,-923.371704,318.68399],"rotationMatrix":[0.992062688,0.122572221,-0.028064087,-0.11835172,0.834794223,-0.537690341,-0.0424781404,0.536744118,0.842674792],"scale":1.97080004,"type":"italy_rockface_tall_wide"}
{"ctxid":0,"pos":[-896.264893,-790.638123,513.83197],"rotationMatrix":[0.682327271,0.700541258,-0.208977297,0.53606081,-0.673822045,-0.508529961,-0.497059762,0.234959364,-0.83529985],"scale":1.15339994,"type":"italy_rockface_tall_wide"}
{"ctxid":0,"pos":[-907.364136,-797.588745,506.385986],"rotationMatrix":[-0.560950994,-0.822516143,0.0938150436,0.705658615,-0.534330368,-0.465335488,0.432874113,-0.194828987,0.880148649],"scale":1.16299999,"type":"italy_rockface_tall_wide"}
{"ctxid":0,"pos":[-908.042664,-809.984497,516.348022],"rotationMatrix":[0.545831442,0.837895036,1.93305314e-05,0.661120474,-0.430660695,-0.614370465,-0.514769673,0.33535552,-0.789017797],"scale":1.07350004,"type":"italy_rockface_tall_wide"}
{"ctxid":0,"pos":[-914.885193,-817.954346,514.734985],"rotationMatrix":[0.605015755,0.775927365,0.178585216,0.72561121,-0.444982111,-0.524861217,-0.327786952,0.447132736,-0.832242846],"scale":1.07350004,"type":"italy_rockface_tall_wide"}
{"ctxid":0,"pos":[-930.138,-833.200012,505.221008],"rotationMatrix":[-0.794754624,-0.606930852,0,0.606930852,-0.794754624,0,0,0,1],"scale":0.958100021,"type":"italy_rockface_tall_wide"}
{"ctxid":0,"pos":[-937.97998,-839.945984,514.679993],"rotationMatrix":[0.879560947,0.475786239,6.78767246e-05,0.446545959,-0.825456738,-0.345279425,-0.164223164,0.303724617,-0.938499928],"scale":0.980000019,"type":"italy_rockface_tall_wide"}
{"ctxid":0,"pos":[-949.051392,-839.436035,507.028992],"rotationMatrix":[-0.952817082,-0.299339175,0.0503553115,0.221372858,-0.798756242,-0.559448421,0.207686454,-0.521904707,0.827334166],"scale":1.06190002,"type":"italy_rockface_tall_wide"}
{"ctxid":0,"pos":[-905.593994,-771.721008,500.082001],"rotationMatrix":[-0.783711672,-0.620774448,0.020859424,0.551335633,-0.710728288,-0.436914563,0.286050767,-0.330914497,0.899261117],"scale":1.10940003,"type":"italy_rockface_tall_wide"}
{"ctxid":0,"pos":[-909.989014,-783.960022,509.565002],"rotationMatrix":[0.653802872,0.756664872,0.000179078968,0.63088274,-0.54498899,-0.552244484,-0.417766422,0.36117202,-0.833682179],"scale":1.16540003,"type":"italy_rockface_tall_wide"}
{"ctxid":0,"pos":[-1183.25,-498.015991,426.342987],"rotationMatrix":[-0.92445159,0.380310267,-0.0274471957,-0.297208756,-0.763800263,-0.57295382,-0.238864407,-0.521510541,0.819127917],"scale":1,"type":"italy_rockface_tall_wide"}
{"ctxid":0,"pos":[-1193.22998,-494.882996,426.036987],"rotationMatrix":[-0.985544562,0.168816388,0.0142458091,-0.148577183,-0.820851564,-0.551477611,-0.0814047605,-0.545622349,0.83406806],"scale":1,"type":"italy_rockface_tall_wide"}
{"ctxid":0,"pos":[-1204.93005,-494.145996,424.397003],"rotationMatrix":[-0.999479175,-0.0245019123,-0.0210008509,0.0314191692,-0.887342572,-0.460039109,-0.00736311125,-0.460459352,0.887650251],"scale":1.21930003,"type":"italy_rockface_tall_wide"}
{"ctxid":0,"pos":[-1124.27002,-572.788025,404.640015],"rotationMatrix":[0.311150074,0.950360775,-4.41573357e-05,-0.927250028,0.30357337,-0.21920456,-0.208310023,0.0682464615,0.975678921],"scale":1.27830005,"type":"italy_rockface_tall_wide"}
{"ctxid":0,"pos":[-1109.06006,-618.041016,390.971008],"rotationMatrix":[0.679937482,0.730666816,-0.0617337003,-0.698374748,0.619618773,-0.358253121,-0.223512307,0.286702991,0.931581259],"scale":1.58169997,"type":"italy_rockface_tall_wide"}
{"ctxid":0,"pos":[-1101.88,-606.213013,395.856995],"rotationMatrix":[0.560861111,0.827909887,8.09885096e-05,-0.751927197,0.509428144,-0.418435752,-0.346468359,0.234623447,0.908246398],"scale":1,"type":"italy_rockface_tall_wide"}
{"ctxid":0,"pos":[-1097.93005,-595.838013,394.550995],"rotationMatrix":[0.31476593,0.944437861,-0.0946546942,-0.935875952,0.292178869,-0.196895316,-0.158299282,0.15056099,0.975844622],"scale":1,"type":"italy_rockface_tall_wide"}
{"ctxid":0,"pos":[-1115.92004,-587.182007,401.057007],"rotationMatrix":[0.761247277,0.644906938,0.0678057894,-0.591015935,0.733034253,-0.336691201,-0.266838461,0.216230959,0.939170599],"scale":1,"type":"italy_rockface_tall_wide"}
{"ctxid":0,"pos":[-1110.20996,-576.937988,401.032013],"rotationMatrix":[0.239887476,0.970318973,0.030579621,-0.924969316,0.238013148,-0.296279371,-0.294763833,0.0427884981,0.954611659],"scale":1,"type":"italy_rockface_tall_wide"}
{"ctxid":0,"pos":[-1109.22998,-565.125977,401.639008],"rotationMatrix":[-0.091008544,0.993899286,0.0623024702,-0.952797294,-0.0687071085,-0.295730621,-0.289645851,-0.0862756371,0.953237534],"scale":1,"type":"italy_rockface_tall_wide"}
{"ctxid":0,"pos":[-1108.82996,-554.263977,401.971985],"rotationMatrix":[-0.0824767351,0.993214011,0.0819968954,-0.964582384,-0.0588713884,-0.257128268,-0.250556111,-0.100299865,0.962892294],"scale":1,"type":"italy_rockface_tall_wide"}
{"ctxid":0,"pos":[-1120.77002,-539.419006,409.096008],"rotationMatrix":[0.146513224,0.754089534,-0.64022094,-0.959455371,-0.0492098331,-0.277531564,-0.240788817,0.654925466,0.716305375],"scale":1,"type":"italy_rockface_tall_wide"}
{"ctxid":0,"pos":[-1178.04321,-560.510986,433.385376],"rotationMatrix":[0.0787685886,0.954366267,-0.288061738,-0.958629191,-0.00677494984,-0.284576416,-0.273542166,0.298560321,0.914350271],"scale":1,"type":"italy_rockface_tall_wide"}
{"ctxid":0,"pos":[-1161.15002,-551.557007,427.773987],"rotationMatrix":[-0.194985747,0.980806053,-2.62349458e-05,-0.957135916,-0.190285921,-0.218362406,-0.214176163,-0.0425524451,0.975867748],"scale":1,"type":"italy_rockface_tall_wide"}
{"ctxid":0,"pos":[-1140.43005,-549.5,421.876007],"rotationMatrix":[-0.178923845,0.980664372,-0.0792697445,-0.939563513,-0.194216371,-0.281958222,-0.291901886,0.0240299068,0.956146359],"scale":1.19019997,"type":"italy_rockface_tall_wide"}
{"ctxid":0,"pos":[-1141.68994,-537.689026,423.658997],"rotationMatrix":[-0.23485291,0.968869448,-0.07833305,-0.860721827,-0.244728804,-0.44639194,-0.451665878,-0.0374134816,0.891402364],"scale":1,"type":"italy_rockface_tall_wide"}
{"ctxid":0,"pos":[-1144.51001,-528.513,422.260986],"rotationMatrix":[-0.34355247,0.932115316,-0.114598036,-0.91038239,-0.360508561,-0.203070104,-0.23059833,0.0345628001,0.972434998],"scale":1,"type":"italy_rockface_tall_wide"}
{"ctxid":0,"pos":[-1162.57996,-523.606018,426.260986],"rotationMatrix":[-0.32486093,0.899884701,0.290986151,-0.940579832,-0.339572668,6.3944477e-05,0.0988684818,-0.273674905,0.956727266],"scale":1,"type":"italy_rockface_tall_wide"}
{"ctxid":0,"pos":[-1164.57996,-515.10199,428.791992],"rotationMatrix":[-0.565988541,0.824413121,6.36930199e-05,-0.683843434,-0.469439387,-0.558555961,-0.460450977,-0.316179842,0.82946682],"scale":1,"type":"italy_rockface_tall_wide"}
{"ctxid":0,"pos":[-1170.78003,-507.485992,428.216003],"rotationMatrix":[-0.645005345,0.755048871,-0.1177679,-0.522824824,-0.548415899,-0.652605712,-0.557335019,-0.359362185,0.748489499],"scale":1,"type":"italy_rockface_tall_wide"}
{"ctxid":0,"pos":[-1175.47998,-531.130005,433.936005],"rotationMatrix":[-0.202359632,0.97898519,-0.0252671465,-0.788394213,-0.178160623,-0.588807106,-0.58093524,-0.0992303342,0.807878554],"scale":1,"type":"italy_rockface_tall_wide"}
{"ctxid":0,"pos":[-1186.28418,-519.444763,433.60553],"rotationMatrix":[-0.840472937,0.308552653,0.445421696,-0.504017293,-0.746965885,-0.433599502,0.198926538,-0.588929117,0.783320725],"scale":1,"type":"italy_rockface_tall_wide"}
{"ctxid":0,"pos":[-1178.30005,-544.487976,437.891998],"rotationMatrix":[-0.0766290426,0.997059643,2.05705819e-05,-0.622945547,-0.047860384,-0.780799747,-0.778502941,-0.0598447509,0.62478137],"scale":1.37409997,"type":"italy_rockface_tall_wide"}
{"ctxid":0,"pos":[-1179.44946,-570.747559,436.312317],"rotationMatrix":[0.180600047,0.956843853,-0.227669612,-0.949264348,0.108979464,-0.294992626,-0.257450581,0.269394338,0.927979469],"scale":1.22520006,"type":"italy_rockface_tall_wide"}
{"ctxid":0,"pos":[-1180.06445,-580.045105,437.452606],"rotationMatrix":[-0.197561383,0.980290532,4.59421753e-05,-0.977208257,-0.196936488,-0.0792468637,-0.0776759014,-0.0157010164,0.996855021],"scale":1,"type":"italy_rockface_tall_wide"}
{"ctxid":0,"pos":[-1175.88367,-588.76825,437.971863],"rotationMatrix":[-0.632247031,0.774738848,-0.00663510989,-0.751588225,-0.615388036,-0.237514168,-0.188094497,-0.145180687,0.971361637],"scale":1,"type":"italy_rockface_tall_wide"}
{"ctxid":0,"pos":[-1172.5741,-591.071533,436.472992],"rotationMatrix":[-0.835625827,0.289707005,0.466689736,-0.475327224,-0.807191074,-0.350012094,0.27530691,-0.514309406,0.812215269],"scale":1,"type":"italy_rockface_tall_wide"}
{"ctxid":0,"pos":[-1166.9325,-590.909729,432.004791],"rotationMatrix":[-0.852774143,-0.32345745,0.410062462,0.120965242,-0.886113048,-0.447404712,0.508078039,-0.331931949,0.794781685],"scale":1,"type":"italy_rockface_tall_wide"}
{"ctxid":0,"pos":[-1180.19434,-583.065918,443.078369],"rotationMatrix":[-0.290392995,0.955630124,0.0494263247,-0.888217211,-0.249971032,-0.385466814,-0.356008559,-0.155838177,0.921396971],"scale":1.42970002,"type":"italy_rockface_tall_wide"}
{"ctxid":0,"pos":[-1185.43994,-571.351013,447.769012],"rotationMatrix":[-0.60583508,0.795590281,-5.50974582e-05,-0.651730597,-0.496326923,-0.573503971,-0.45630151,-0.347412914,0.819202781],"scale":1,"type":"italy_rockface_tall_wide"}
{"ctxid":0,"pos":[-1162.28003,-562.961975,427.505005],"rotationMatrix":[0.201366425,0.978997052,0.0318792947,-0.960795403,0.203745842,-0.188042209,-0.190588042,0.00723590609,0.981643438],"scale":1,"type":"italy_rockface_tall_wide"}
{"ctxid":0,"pos":[-1145.51001,-576.463989,424.950989],"rotationMatrix":[0.450316668,0.892868936,7.81523195e-05,-0.872144759,0.439883232,-0.214164063,-0.191254809,0.096373491,0.9767977],"scale":1,"type":"italy_rockface_tall_wide"}
{"ctxid":0,"pos":[-1139.98999,-563.721008,420.470001],"rotationMatrix":[0.150747418,0.988197803,-0.0272081215,-0.934608757,0.133495569,-0.329674661,-0.322151631,0.0751265511,0.943702459],"scale":1.41779995,"type":"italy_rockface_tall_wide"}
{"ctxid":0,"pos":[-1136.18994,-617.596008,407.40799],"rotationMatrix":[-0.680576563,0.710238993,-0.179933742,-0.656965852,-0.700282931,-0.279284179,-0.324363023,-0.0718639344,0.943198919],"scale":1,"type":"italy_rockface_tall_wide"}
{"ctxid":0,"pos":[-1142.15002,-610.926025,408.460999],"rotationMatrix":[-0.396648169,0.917970717,-1.53824622e-05,-0.913762748,-0.394831538,-0.0956332088,-0.0877945572,-0.0379186794,0.995416641],"scale":1,"type":"italy_rockface_tall_wide"}
{"ctxid":0,"pos":[-1144.64001,-602.065979,405.576996],"rotationMatrix":[0.0711154938,0.997468114,0,-0.997468114,0.0711154938,0,0,0,1],"scale":1,"type":"italy_rockface_tall_wide"}
{"ctxid":0,"pos":[-1140.81995,-588.93103,409.291992],"rotationMatrix":[0.418526649,0.908204496,0,-0.908204496,0.418526649,0,0,0,1],"scale":1,"type":"italy_rockface_tall_wide"}
{"ctxid":0,"pos":[-1134.68994,-582.185974,406.710999],"rotationMatrix":[0.772592306,0.634902477,0,-0.634902477,0.772592306,0,0,0,1],"scale":1,"type":"italy_rockface_tall_wide"}
{"ctxid":0,"pos":[-1133.04004,-579.882019,411.377991],"rotationMatrix":[0.590075374,0.761237323,-0.268940151,-0.806704402,0.569230556,-0.158759654,0.0322351791,0.310635358,0.949982405],"scale":1,"type":"italy_rockface_tall_wide"}
{"ctxid":0,"pos":[-1141.46997,-583.473022,413.97699],"rotationMatrix":[0.0651715994,0.539877415,0.839216948,-0.907528639,0.381746054,-0.175104871,-0.414902925,-0.750201523,0.514833212],"scale":2.20740008,"type":"italy_rockface_tall_wide"}
