{"ctxid":0,"pos":[-101.147003,-748.807007,442.927002],"rotationMatrix":[-0.191735148,0.978140056,-0.0804965794,-0.981324673,-0.192358851,6.62887669e-06,-0.0154777458,0.0789945498,0.996754885],"scale":1,"type":"italy_curb_3m"}
{"ctxid":0,"pos":[-101.739998,-745.809998,442.669006],"rotationMatrix":[-0.194153547,0.977001727,-0.0881593302,-0.980820894,-0.194911242,1.40492775e-05,-0.0171695184,0.0864712372,0.996106386],"scale":1,"type":"italy_curb_3m"}
{"ctxid":0,"pos":[-102.334999,-742.815002,442.388],"rotationMatrix":[-0.193495393,0.976453543,-0.0953834727,-0.980925798,-0.194382429,-8.22470156e-06,-0.0185489021,0.093562521,0.995440602],"scale":1,"type":"italy_curb_3m"}
{"ctxid":0,"pos":[-102.920998,-739.820984,442.084991],"rotationMatrix":[-0.188528657,0.976770759,-0.101861939,-0.981879711,-0.1895051,9.25659333e-05,-0.0192129407,0.100033626,0.994798541],"scale":1,"type":"italy_curb_3m"}
{"ctxid":0,"pos":[-103.487,-736.825989,441.764008],"rotationMatrix":[-0.180158496,0.977793634,-0.107063316,-0.983446181,-0.181200385,-3.67084181e-06,-0.0194035023,0.105290346,0.994252205],"scale":1,"type":"italy_curb_3m"}
{"ctxid":0,"pos":[-104.021004,-733.828003,441.431],"rotationMatrix":[-0.169010162,0.979428411,-0.110252224,-0.985437632,-0.17003715,8.8533292e-05,-0.0186602622,0.108661652,0.993903637],"scale":1,"type":"italy_curb_3m"}
{"ctxid":0,"pos":[-104.517998,-730.825012,441.089996],"rotationMatrix":[-0.156330466,0.981346667,-0.111890569,-0.987549245,-0.157310128,7.38587769e-05,-0.0175290387,0.110508993,0.993720531],"scale":1,"type":"italy_curb_3m"}
{"ctxid":0,"pos":[-104.976997,-727.817017,440.747009],"rotationMatrix":[-0.143649936,0.98327297,-0.111977354,-0.989497244,-0.144551635,6.697348e-05,-0.0161206573,0.110810906,0.993710756],"scale":1,"type":"italy_curb_3m"}
{"ctxid":0,"pos":[-105.397003,-724.804016,440.404999],"rotationMatrix":[-0.131597042,0.985043406,-0.111227959,-0.991194427,-0.13241446,3.83160077e-05,-0.0146904476,0.11025358,0.993794918],"scale":1,"type":"italy_curb_3m"}
{"ctxid":0,"pos":[-105.781998,-721.786987,440.066986],"rotationMatrix":[-0.120774984,0.986575544,-0.109918594,-0.992590785,-0.12150538,5.36645566e-05,-0.0133027565,0.109110661,0.993940592],"scale":1,"type":"italy_curb_3m"}
{"ctxid":0,"pos":[-106.130997,-718.763977,439.731995],"rotationMatrix":[-0.104979992,0.988479853,-0.109026708,-0.994407356,-0.105612278,-2.50179146e-05,-0.0115392888,0.108414337,0.99403882],"scale":1,"type":"italy_curb_3m"}
{"ctxid":0,"pos":[-106.413002,-715.732971,439.398987],"rotationMatrix":[-0.0799416304,0.990857124,-0.108680531,-0.996761203,-0.0804184675,-4.58576278e-06,-0.00874446519,0.108328164,0.994076729],"scale":1,"type":"italy_curb_3m"}
{"ctxid":0,"pos":[-106.614998,-712.697998,439.067993],"rotationMatrix":[-0.0539880991,0.992753088,-0.107361756,-0.998525083,-0.0542920828,9.16304707e-05,-0.00573792681,0.107208356,0.994220018],"scale":1,"type":"italy_curb_3m"}
{"ctxid":0,"pos":[-106.744003,-709.65802,438.743011],"rotationMatrix":[-0.0334106684,0.993961215,-0.104522012,-0.999435723,-0.0335882902,6.08396149e-05,-0.0034502435,0.104465067,0.994522572],"scale":1,"type":"italy_curb_3m"}
{"ctxid":0,"pos":[-106.830002,-706.616028,438.428986],"rotationMatrix":[-0.0260723829,0.994573832,-0.100713328,-0.999656677,-0.0262006521,4.91497958e-05,-0.00258987187,0.100680038,0.994915485],"scale":1,"type":"italy_curb_3m"}
{"ctxid":0,"pos":[-106.918999,-703.572998,438.127014],"rotationMatrix":[-0.0338804722,0.994757116,-0.096490413,-0.999420762,-0.0340306759,8.90368174e-05,-0.00319506391,0.0964375436,0.99533391],"scale":1,"type":"italy_curb_3m"}
{"ctxid":0,"pos":[-107.049004,-700.530029,437.838013],"rotationMatrix":[-0.0518485308,0.994329691,-0.0928450376,-0.998643339,-0.052071929,1.64237845e-05,-0.00481828954,0.0927199274,0.995680571],"scale":1,"type":"italy_curb_3m"}
{"ctxid":0,"pos":[-107.240997,-697.487976,437.558014],"rotationMatrix":[-0.0729475021,0.993261993,-0.090051502,-0.997314334,-0.0732405186,5.0680781e-05,-0.00654507894,0.0898133442,0.995937109],"scale":1,"type":"italy_curb_3m"}
{"ctxid":0,"pos":[-107.497002,-694.450012,437.286011],"rotationMatrix":[-0.0931077003,0.99177438,-0.0878327638,-0.995622277,-0.0934678316,1.25781971e-05,-0.00819706265,0.087449424,0.996135235],"scale":1,"type":"italy_curb_3m"}
{"ctxid":0,"pos":[-107.809998,-691.41803,437.019012],"rotationMatrix":[-0.110826612,0.990059376,-0.0866018757,-0.993793249,-0.111242771,2.06753484e-05,-0.00961336214,0.0860666484,0.996243],"scale":1,"type":"italy_curb_3m"}
{"ctxid":0,"pos":[-108.207001,-688.393982,436.755005],"rotationMatrix":[-0.153134108,0.984416425,-0.0864535645,-0.988114476,-0.153719783,-0.000118596836,-0.0134063717,0.0854078531,0.996255875],"scale":1,"type":"italy_curb_3m"}
{"ctxid":0,"pos":[-108.747002,-685.392029,436.48999],"rotationMatrix":[-0.196559548,0.97667104,-0.0864756107,-0.980342686,-0.197302461,-4.49564686e-05,-0.0171057582,0.0847668871,0.996253967],"scale":1,"type":"italy_curb_3m"}
{"ctxid":0,"pos":[-109.405998,-682.414001,436.225006],"rotationMatrix":[-0.231062055,0.969099879,-0.0863464102,-0.972733915,-0.231924057,4.99248381e-05,-0.019977428,0.0840036198,0.996265173],"scale":1,"type":"italy_curb_3m"}
{"ctxid":0,"pos":[-110.158997,-679.45697,435.960999],"rotationMatrix":[-0.258753777,0.962099731,-0.0860846862,-0.965683937,-0.259720087,-2.62679951e-05,-0.0223831944,0.0831238031,0.996287823],"scale":1,"type":"italy_curb_3m"}
{"ctxid":0,"pos":[-110.988998,-676.521973,435.697998],"rotationMatrix":[-0.281641126,0.955676019,-0.0857999995,-0.959212244,-0.28268683,-3.96435207e-05,-0.0242924169,0.0822892487,0.99631238],"scale":1,"type":"italy_curb_3m"}
{"ctxid":0,"pos":[-111.883003,-673.606018,435.436005],"rotationMatrix":[-0.300864458,0.949852705,-0.0852082595,-0.953320265,-0.301961064,1.94114291e-05,-0.0257111378,0.0812366009,0.996363163],"scale":1,"type":"italy_curb_3m"}
{"ctxid":0,"pos":[-112.829002,-670.70697,435.175995],"rotationMatrix":[-0.316337705,0.94486481,-0.0846221149,-0.948263586,-0.31748414,-9.54396601e-05,-0.0269563552,0.0802138746,0.996413112],"scale":1,"type":"italy_curb_3m"}
{"ctxid":0,"pos":[-113.818001,-667.820007,434.919006],"rotationMatrix":[-0.328979135,0.940608621,-0.0838337988,-0.943932891,-0.330137372,4.96366629e-05,-0.0276299808,0.0791498125,0.99647975],"scale":1,"type":"italy_curb_3m"}
{"ctxid":0,"pos":[-114.841003,-664.947021,434.664001],"rotationMatrix":[-0.338399529,0.93735528,-0.0827699602,-0.940582514,-0.339565158,-6.0584639e-06,-0.0281114746,0.077849932,0.99656868],"scale":1,"type":"italy_curb_3m"}
{"ctxid":0,"pos":[-115.886002,-662.080994,434.412994],"rotationMatrix":[-0.343581438,0.935614347,-0.0811024159,-0.93870455,-0.344722748,-7.50786421e-05,-0.0280280914,0.0761054084,0.99670577],"scale":1,"type":"italy_curb_3m"}
{"ctxid":0,"pos":[-116.938004,-659.218018,434.167999],"rotationMatrix":[-0.341888309,0.9364326,-0.0787806436,-0.939352393,-0.342953444,1.04414821e-05,-0.0270083137,0.0740063563,0.996891975],"scale":1,"type":"italy_curb_3m"}
{"ctxid":0,"pos":[-117.970001,-656.346985,433.933014],"rotationMatrix":[-0.336573482,0.938641667,-0.0753001645,-0.941315114,-0.337529063,3.79890771e-05,-0.0253803357,0.0708939731,0.997160912],"scale":1,"type":"italy_curb_3m"}
{"ctxid":0,"pos":[-119.001999,-653.473022,433.70401],"rotationMatrix":[-0.336547613,0.938730478,-0.0743021443,-0.941332698,-0.337480068,5.94439189e-06,-0.0250699129,0.0699450374,0.997235775],"scale":1,"type":"italy_curb_3m"}
{"ctxid":0,"pos":[-120.032997,-650.598999,433.476013],"rotationMatrix":[-0.336220622,0.938860536,-0.0741386935,-0.941454172,-0.337140918,0.000107944201,-0.0248938426,0.0698344782,0.997247934],"scale":1,"type":"italy_curb_3m"}
{"ctxid":0,"pos":[-121.060997,-647.723999,433.248993],"rotationMatrix":[-0.334913611,0.939327598,-0.0741387531,-0.941921234,-0.335833907,5.64230249e-05,-0.0248453058,0.0698517561,0.997247934],"scale":1,"type":"italy_curb_3m"}
{"ctxid":0,"pos":[-122.084,-644.846985,433.022003],"rotationMatrix":[-0.333289385,0.939883113,-0.0744172409,-0.942497492,-0.334213257,4.04442035e-05,-0.0248332154,0.0701515451,0.997227192],"scale":1,"type":"italy_curb_3m"}
{"ctxid":0,"pos":[-123.099998,-641.96698,432.794006],"rotationMatrix":[-0.33101368,0.940665007,-0.0746946931,-0.943300128,-0.331941009,-4.98100519e-07,-0.0247946996,0.0704593509,0.99720645],"scale":1,"type":"italy_curb_3m"}
{"ctxid":0,"pos":[-124.109001,-639.086975,432.563995],"rotationMatrix":[-0.327770829,0.941755414,-0.0752527937,-0.944432557,-0.328705311,-3.42487438e-05,-0.0247682463,0.0710599646,0.997164488],"scale":1,"type":"italy_curb_3m"}
{"ctxid":0,"pos":[-185.651001,-561.656006,422.42099],"rotationMatrix":[-0.955120206,0.285444617,-0.0791628361,-0.286338329,-0.958128572,-6.49021022e-05,-0.0758666992,0.0226053633,0.996861696],"scale":1,"type":"italy_curb_3m"}
{"ctxid":0,"pos":[-128.796997,-624.554993,431.346985],"rotationMatrix":[-0.253958702,0.962634265,-0.0940225795,-0.966916263,-0.255093932,-5.69891054e-05,-0.0240394492,0.0908974856,0.995570064],"scale":1,"type":"italy_curb_3m"}
{"ctxid":0,"pos":[-129.537003,-621.593994,431.041992],"rotationMatrix":[-0.231085062,0.96734947,-0.104090102,-0.97263366,-0.232344151,2.99743842e-05,-0.0241557304,0.101248458,0.994567871],"scale":1,"type":"italy_curb_3m"}
{"ctxid":0,"pos":[-130.220993,-618.624023,430.713013],"rotationMatrix":[-0.217634797,0.969751954,-0.110527016,-0.975730956,-0.218972921,3.2421176e-05,-0.0241709836,0.107851684,0.993873119],"scale":1,"type":"italy_curb_3m"}
{"ctxid":0,"pos":[-130.875,-615.648987,430.368011],"rotationMatrix":[-0.210049987,0.970969379,-0.114444345,-0.977391779,-0.211436391,2.50734356e-05,-0.0241733547,0.111862227,0.993429661],"scale":1,"type":"italy_curb_3m"}
{"ctxid":0,"pos":[-131.513,-612.674988,430.013],"rotationMatrix":[-0.207681298,0.971193731,-0.116838314,-0.977891386,-0.209113359,1.45960871e-06,-0.0244310349,0.114255488,0.993150949],"scale":1,"type":"italy_curb_3m"}
{"ctxid":0,"pos":[-132.151993,-609.700989,429.653992],"rotationMatrix":[-0.20988524,0.97061497,-0.11770647,-0.977408111,-0.211360812,-5.46177544e-05,-0.0249315482,0.115035795,0.993048429],"scale":1,"type":"italy_curb_3m"}
{"ctxid":0,"pos":[-132.804001,-606.731995,429.294006],"rotationMatrix":[-0.216687441,0.969183087,-0.117178284,-0.975906551,-0.218189001,1.36998951e-05,-0.025553735,0.114358023,0.993110895],"scale":1,"type":"italy_curb_3m"}
{"ctxid":0,"pos":[-133.494995,-603.763,428.928986],"rotationMatrix":[-0.239452958,0.962134421,-0.130229115,-0.970399618,-0.241504788,3.83133302e-05,-0.0314140916,0.126383454,0.991483927],"scale":1,"type":"italy_curb_3m"}
{"ctxid":0,"pos":[-134.302002,-600.825012,428.477997],"rotationMatrix":[-0.281371713,0.946292579,-0.159249231,-0.958529294,-0.284994006,9.6179996e-05,-0.0452940613,0.152672112,0.987238407],"scale":1,"type":"italy_curb_3m"}
{"ctxid":0,"pos":[-135.231003,-597.94397,427.96701],"rotationMatrix":[-0.320746422,0.931576788,-0.171132803,-0.945528805,-0.325538516,6.33983946e-05,-0.055651255,0.161831319,0.98524797],"scale":1,"type":"italy_curb_3m"}
{"ctxid":0,"pos":[-136.276001,-595.117004,427.442993],"rotationMatrix":[-0.358898401,0.917964578,-0.16891703,-0.931348622,-0.364128709,1.34896236e-05,-0.0614951588,0.157325491,0.985630274],"scale":1,"type":"italy_curb_3m"}
{"ctxid":0,"pos":[-137.432007,-592.335022,426.946014],"rotationMatrix":[-0.396059275,0.905073166,-0.154853463,-0.916123211,-0.400896788,-1.18115468e-05,-0.0620909445,0.141860172,0.98793745],"scale":1,"type":"italy_curb_3m"}
{"ctxid":0,"pos":[-138.695999,-589.598999,426.51001],"rotationMatrix":[-0.431782722,0.892597377,-0.129744425,-0.900201142,-0.435474277,-9.15807104e-05,-0.0565821044,0.116756536,0.991547465],"scale":1,"type":"italy_curb_3m"}
{"ctxid":0,"pos":[-140.065002,-586.906006,426.165985],"rotationMatrix":[-0.46667254,0.879305303,-0.0950731635,-0.883303642,-0.46880126,-6.17558107e-05,-0.0446247235,0.0839496553,0.995470285],"scale":1,"type":"italy_curb_3m"}
{"ctxid":0,"pos":[-141.501999,-584.228027,425.919006],"rotationMatrix":[-0.4556849,0.886785388,-0.0772203803,-0.88943851,-0.457054853,-7.58688111e-05,-0.0353612266,0.0686482042,0.997014046],"scale":1,"type":"italy_curb_3m"}
{"ctxid":0,"pos":[-142.852997,-581.489014,425.679993],"rotationMatrix":[-0.439412475,0.894852042,-0.078463167,-0.897622526,-0.440765023,8.97668069e-05,-0.0345034897,0.070469752,0.996917009],"scale":1,"type":"italy_curb_3m"}
{"ctxid":0,"pos":[-144.309998,-578.809021,425.44101],"rotationMatrix":[-0.529150605,0.84500885,-0.077198863,-0.84753716,-0.530736089,-2.46976015e-05,-0.0409930907,0.0654158294,0.997015715],"scale":1,"type":"italy_curb_3m"}
{"ctxid":0,"pos":[-146.156998,-576.385986,425.212006],"rotationMatrix":[-0.669750452,0.739118814,-0.0716779977,-0.741021097,-0.671481729,-7.73686188e-05,-0.0481876507,0.0530630946,0.997427821],"scale":1,"type":"italy_curb_3m"}
{"ctxid":0,"pos":[-148.360992,-574.280029,425.002014],"rotationMatrix":[-0.759197474,0.64750284,-0.0660246238,-0.648916543,-0.760859609,-4.5182187e-05,-0.0502647236,0.0428101644,0.997817993],"scale":1,"type":"italy_curb_3m"}
{"ctxid":0,"pos":[-150.768997,-572.403015,424.804993],"rotationMatrix":[-0.812796354,0.5790869,-0.0634070188,-0.580258787,-0.814432144,8.28408301e-05,-0.0515927412,0.0368598104,0.997987747],"scale":1,"type":"italy_curb_3m"}
{"ctxid":0,"pos":[-153.354996,-570.778992,424.614014],"rotationMatrix":[-0.875328302,0.479548693,-0.0619146675,-0.480472803,-0.87700963,4.23959937e-05,-0.054279428,0.0297854226,0.998081446],"scale":1,"type":"italy_curb_3m"}
{"ctxid":0,"pos":[-156.125,-569.494995,424.428009],"rotationMatrix":[-0.929101467,0.365055412,-0.0592031553,-0.365695596,-0.930734515,-2.29961097e-05,-0.0551108159,0.0216289666,0.998245955],"scale":1,"type":"italy_curb_3m"}
{"ctxid":0,"pos":[-159.018005,-568.518005,424.251007],"rotationMatrix":[-0.957066894,0.284331709,-0.0563776903,-0.284789264,-0.95859015,8.50257929e-05,-0.0540189222,0.0161371343,0.99840951],"scale":1,"type":"italy_curb_3m"}
{"ctxid":0,"pos":[-161.964996,-567.711975,424.080994],"rotationMatrix":[-0.966565609,0.250489175,-0.0548278913,-0.250870407,-0.968020678,7.31609398e-05,-0.0530562066,0.013825411,0.998495817],"scale":1,"type":"italy_curb_3m"}
{"ctxid":0,"pos":[-164.927002,-566.953979,423.914001],"rotationMatrix":[-0.967357635,0.247506127,-0.0544051379,-0.247872904,-0.968792558,-6.37871972e-06,-0.0527088717,0.0134793893,0.998518944],"scale":1,"type":"italy_curb_3m"}
{"ctxid":0,"pos":[-167.897003,-566.219971,423.743988],"rotationMatrix":[-0.971722722,0.229002729,-0.057556048,-0.229380563,-0.973336816,-4.32828783e-05,-0.0560313351,0.0131601803,0.998342276],"scale":1,"type":"italy_curb_3m"}
{"ctxid":0,"pos":[-170.880005,-565.539978,423.55899],"rotationMatrix":[-0.97371161,0.21868065,-0.0637532249,-0.219124958,-0.975696802,-2.33686642e-05,-0.0622089319,0.0139471693,0.997965693],"scale":1,"type":"italy_curb_3m"}
{"ctxid":0,"pos":[-173.860992,-564.85498,423.354004],"rotationMatrix":[-0.970940113,0.228905022,-0.069841139,-0.229474589,-0.973314643,0.000135578128,-0.0679463744,0.0161584057,0.997558117],"scale":1,"type":"italy_curb_3m"}
{"ctxid":0,"pos":[-176.828995,-564.125,423.131989],"rotationMatrix":[-0.966186881,0.246899769,-0.0743197054,-0.24757871,-0.968867779,-7.96096647e-05,-0.0720256194,0.0183230583,0.997234464],"scale":1,"type":"italy_curb_3m"}
{"ctxid":0,"pos":[-179.781998,-563.343018,422.899994],"rotationMatrix":[-0.961836338,0.262619883,-0.0768222809,-0.26339677,-0.964687586,-2.00185841e-05,-0.0741147622,0.0202154871,0.997044802],"scale":1,"type":"italy_curb_3m"}
{"ctxid":0,"pos":[-182.723007,-562.518005,422.662994],"rotationMatrix":[-0.957885385,0.276265115,-0.0783146396,-0.277118683,-0.960835695,3.27499329e-05,-0.0752384514,0.0217338204,0.996928692],"scale":1,"type":"italy_curb_3m"}
{"ctxid":0,"pos":[-188.572998,-560.763977,422.175995],"rotationMatrix":[-0.950002074,0.300528824,-0.0847259536,-0.301618338,-0.953428745,6.17662809e-05,-0.0807615966,0.025613578,0.99640429],"scale":1,"type":"italy_curb_3m"}
{"ctxid":0,"pos":[-191.464005,-559.770996,421.890015],"rotationMatrix":[-0.933515906,0.344591975,-0.0990172476,-0.34629032,-0.938127398,-3.70152084e-05,-0.0929035544,0.0342541598,0.995085716],"scale":1,"type":"italy_curb_3m"}
{"ctxid":0,"pos":[-194.294006,-558.638977,421.578003],"rotationMatrix":[-0.91435802,0.391437441,-0.103567094,-0.393550634,-0.91930294,-3.29111608e-05,-0.095222421,0.0407288037,0.994622469],"scale":1,"type":"italy_curb_3m"}
{"ctxid":0,"pos":[-197.061005,-557.367004,421.26001],"rotationMatrix":[-0.893337846,0.437443972,-0.102908976,-0.4397735,-0.898108721,-5.78362597e-05,-0.0924487486,0.045204971,0.994690776],"scale":1,"type":"italy_curb_3m"}
{"ctxid":0,"pos":[-199.761002,-555.961975,420.950012],"rotationMatrix":[-0.874350548,0.474891722,-0.0999449119,-0.477277786,-0.87875247,-4.16131297e-05,-0.0878465995,0.0476651005,0.994992971],"scale":1,"type":"italy_curb_3m"}
{"ctxid":0,"pos":[-202.423004,-554.482971,420.64801],"rotationMatrix":[-0.867005944,0.48866874,-0.0974862278,-0.491009772,-0.87115407,2.69633583e-05,-0.0849123448,0.0478900671,0.995236874],"scale":1,"type":"italy_curb_3m"}
{"ctxid":0,"pos":[-205.074005,-552.982971,420.352997],"rotationMatrix":[-0.866604805,0.489826649,-0.0952153578,-0.492057979,-0.870562434,-5.12535553e-05,-0.0829160213,0.0468070582,0.995456696],"scale":1,"type":"italy_curb_3m"}
{"ctxid":0,"pos":[-207.731995,-551.494995,420.06601],"rotationMatrix":[-0.871220827,0.482031673,-0.0928424746,-0.484119892,-0.875001669,-3.4341414e-05,-0.0812538788,0.0449169725,0.995680809],"scale":1,"type":"italy_curb_3m"}
{"ctxid":0,"pos":[-210.410004,-550.039001,419.785004],"rotationMatrix":[-0.878551602,0.469010502,-0.090422526,-0.470942318,-0.882164001,3.2685497e-05,-0.0797521695,0.0426125117,0.995903492],"scale":1,"type":"italy_curb_3m"}
{"ctxid":0,"pos":[-213.113007,-548.630005,419.511993],"rotationMatrix":[-0.887836576,0.451636285,-0.0881525874,-0.453403831,-0.891305208,3.08608687e-05,-0.0785569251,0.0399961211,0.996106982],"scale":1,"type":"italy_curb_3m"}
{"ctxid":0,"pos":[-215.848999,-547.302002,419.259003],"rotationMatrix":[-0.905667305,0.41757524,-0.0734686628,-0.418709666,-0.908120155,4.28983185e-05,-0.0667004585,0.0308008902,0.997297525],"scale":1,"type":"italy_curb_3m"}
{"ctxid":0,"pos":[-218.617996,-546.041016,419.067993],"rotationMatrix":[-0.905219316,0.421593875,-0.0532596484,-0.422197133,-0.906504035,8.36777617e-05,-0.0482448079,0.0225618184,0.998580694],"scale":1,"type":"italy_curb_3m"}
{"ctxid":0,"pos":[-221.345001,-544.66803,418.920013],"rotationMatrix":[-0.876049519,0.480001509,-0.0462147109,-0.480512172,-0.876988053,-6.75832271e-05,-0.0405621901,0.0221475251,0.998931527],"scale":1,"type":"italy_curb_3m"}
{"ctxid":0,"pos":[-223.975006,-543.10498,418.774994],"rotationMatrix":[-0.842911363,0.535801828,-0.0491610914,-0.536453307,-0.843930006,6.75757619e-05,-0.0414523147,0.0264295917,0.99879086],"scale":1,"type":"italy_curb_3m"}
{"ctxid":0,"pos":[-226.518005,-541.400024,418.617004],"rotationMatrix":[-0.818074465,0.572583497,-0.0538730584,-0.573416293,-0.819264174,1.06566233e-06,-0.0441356562,0.0308925584,0.998547792],"scale":1,"type":"italy_curb_3m"}
{"ctxid":0,"pos":[-228.996002,-539.606995,418.446014],"rotationMatrix":[-0.800987959,0.595873237,-0.0579085648,-0.596874118,-0.802334905,-1.56346596e-05,-0.0464713797,0.0345516019,0.998321891],"scale":1,"type":"italy_curb_3m"}
{"ctxid":0,"pos":[-231.429001,-537.755005,418.263],"rotationMatrix":[-0.788892865,0.611450911,-0.0614477731,-0.612603366,-0.790390491,-0.000107057102,-0.0486331955,0.0375586562,0.998110294],"scale":1,"type":"italy_curb_3m"}
{"ctxid":0,"pos":[-233.871002,-535.924988,418.084015],"rotationMatrix":[-0.818830729,0.57160145,-0.0528017618,-0.572397947,-0.819975972,-4.59728726e-05,-0.0433224551,0.030185977,0.998605013],"scale":1,"type":"italy_curb_3m"}
{"ctxid":0,"pos":[-236.440002,-534.278015,417.937012],"rotationMatrix":[-0.860973716,0.506713688,-0.0443340316,-0.507210195,-0.861822367,-5.67900352e-05,-0.0382368378,0.0224377792,0.999016762],"scale":1,"type":"italy_curb_3m"}
{"ctxid":0,"pos":[-239.136993,-532.840027,417.80899],"rotationMatrix":[-0.900508761,0.433014721,-0.0397772938,-0.433356255,-0.901222706,-4.00730387e-05,-0.0358655527,0.0172016509,0.99920857],"scale":1,"type":"italy_curb_3m"}
{"ctxid":0,"pos":[-241.949997,-531.642029,417.690002],"rotationMatrix":[-0.93614161,0.349563092,-0.0380069837,-0.349817455,-0.936817884,4.51640226e-05,-0.0355898365,0.0133377863,0.999277472],"scale":1,"type":"italy_curb_3m"}
{"ctxid":0,"pos":[-244.865005,-530.718018,417.574005],"rotationMatrix":[-0.966553569,0.253525376,-0.0387180597,-0.253717512,-0.967278361,5.04850941e-05,-0.0374383405,0.0098722456,0.999250174],"scale":1,"type":"italy_curb_3m"}
{"ctxid":0,"pos":[-247.865005,-530.111023,417.450989],"rotationMatrix":[-0.988820314,0.143277749,-0.0413021855,-0.143401772,-0.989664555,4.03623781e-05,-0.0408695266,0.00596271735,0.9991467],"scale":1,"type":"italy_curb_3m"}
{"ctxid":0,"pos":[-125.106003,-636.200989,432.333008],"rotationMatrix":[-0.323565245,0.943154812,-0.0759242699,-0.945886374,-0.324498057,5.322371e-05,-0.0245870799,0.0718329549,0.997113585],"scale":1,"type":"italy_curb_3m"}
{"ctxid":0,"pos":[-126.087997,-633.309021,432.098999],"rotationMatrix":[-0.317752361,0.945038855,-0.0770385787,-0.94785589,-0.318699241,3.54590156e-06,-0.0245487858,0.0730225965,0.997028112],"scale":1,"type":"italy_curb_3m"}
{"ctxid":0,"pos":[-127.047997,-630.409973,431.860992],"rotationMatrix":[-0.308088183,0.948096216,-0.0787096098,-0.951043725,-0.309056282,-0.000123976788,-0.0244432427,0.0748180896,0.996897578],"scale":1,"type":"italy_curb_3m"}
{"ctxid":0,"pos":[-127.966003,-627.497009,431.61499],"rotationMatrix":[-0.289534211,0.953637421,-0.0821316242,-0.95687145,-0.290511608,5.21540824e-05,-0.0238104537,0.0786045119,0.99662149],"scale":1,"type":"italy_curb_3m"}
{"ctxid":0,"pos":[-66.0689011,-872.463989,456.850006],"rotationMatrix":[0.354639769,0.928390682,-0.111001916,-0.934161484,0.356850624,5.38857348e-05,0.0396611318,0.103674605,0.99382019],"scale":1,"type":"italy_curb_3m"}
{"ctxid":0,"pos":[-65.0027008,-869.612,456.498993],"rotationMatrix":[0.341023922,0.932747483,-0.116982095,-0.939198732,0.343374014,-6.83081889e-05,0.0401048958,0.109892733,0.993134022],"scale":1,"type":"italy_curb_3m"}
{"ctxid":0,"pos":[-63.9822998,-866.745972,456.136993],"rotationMatrix":[0.326703787,0.937697351,-0.118272334,-0.944324136,0.329016685,3.21895277e-05,0.0389437564,0.111676894,0.992981195],"scale":1,"type":"italy_curb_3m"}
{"ctxid":0,"pos":[-63.0009003,-863.869019,455.776001],"rotationMatrix":[0.315166712,0.941704333,-0.117740601,-0.948295474,0.317388773,0.00012923601,0.0374912471,0.111612156,0.993044376],"scale":1,"type":"italy_curb_3m"}
{"ctxid":0,"pos":[-62.0508003,-860.981018,455.416992],"rotationMatrix":[0.30640626,0.9447456,-0.116494291,-0.951221406,0.308508992,1.99126298e-05,0.035958346,0.110805765,0.993191361],"scale":1,"type":"italy_curb_3m"}
{"ctxid":0,"pos":[-61.2000999,-858.052002,455.036011],"rotationMatrix":[0.233551741,0.962685764,-0.136710197,-0.971805573,0.235783577,0.000136137503,0.0323650762,0.132823929,0.990611076],"scale":1,"type":"italy_curb_3m"}
{"ctxid":0,"pos":[-60.6301003,-855.065979,454.583008],"rotationMatrix":[0.144346714,0.977164388,-0.155928835,-0.989264846,0.146133542,-4.11467954e-06,0.0227824114,0.154255509,0.987768292],"scale":1,"type":"italy_curb_3m"}
{"ctxid":0,"pos":[-60.3254013,-852.054016,454.085999],"rotationMatrix":[0.060921073,0.984037161,-0.167210907,-0.998090088,0.0617749691,-9.48171146e-05,0.010236145,0.166897327,0.985921144],"scale":1,"type":"italy_curb_3m"}
{"ctxid":0,"pos":[-60.2724991,-849.036011,453.563995],"rotationMatrix":[-0.0200939178,0.984811842,-0.172458261,-0.999792159,-0.0203876495,6.80884914e-05,-0.00344896433,0.172423795,0.985016823],"scale":1,"type":"italy_curb_3m"}
{"ctxid":0,"pos":[-60.4658012,-846.026001,453.035004],"rotationMatrix":[-0.100425243,0.979919374,-0.17225796,-0.99478811,-0.101963758,-8.37319021e-05,-0.017646119,0.171351761,0.98505187],"scale":1,"type":"italy_curb_3m"}
{"ctxid":0,"pos":[-60.9061012,-843.046021,452.514008],"rotationMatrix":[-0.182017088,0.968960226,-0.167289644,-0.982810438,-0.184617519,7.52270489e-06,-0.0308773089,0.164415374,0.985907793],"scale":1,"type":"italy_curb_3m"}
{"ctxid":0,"pos":[-61.5993996,-840.112,452.015991],"rotationMatrix":[-0.266076922,0.950970113,-0.157667086,-0.963015676,-0.2694453,1.15722496e-05,-0.042471651,0.151838958,0.987492323],"scale":1,"type":"italy_curb_3m"}
{"ctxid":0,"pos":[-62.5125999,-837.22998,451.541992],"rotationMatrix":[-0.311918378,0.93703115,-0.157097101,-0.948814332,-0.315834403,3.78348741e-05,-0.0495812185,0.149067789,0.98758316],"scale":1,"type":"italy_curb_3m"}
{"ctxid":0,"pos":[-63.5037003,-834.370972,451.052002],"rotationMatrix":[-0.334116101,0.928508699,-0.161981717,-0.940930843,-0.338598847,-7.30189058e-05,-0.0549146198,0.152389199,0.986793756],"scale":1,"type":"italy_curb_3m"}
{"ctxid":0,"pos":[-64.5698013,-831.54303,450.552002],"rotationMatrix":[-0.361232281,0.918023646,-0.163535461,-0.930553079,-0.366157055,3.04298756e-05,-0.0598517247,0.152189419,0.986537457],"scale":1,"type":"italy_curb_3m"}
{"ctxid":0,"pos":[-65.7273026,-828.754028,450.053986],"rotationMatrix":[-0.394721031,0.90448612,-0.161555588,-0.91652739,-0.399971962,2.19858885e-05,-0.0645978227,0.148078799,0.986863613],"scale":1,"type":"italy_curb_3m"}
{"ctxid":0,"pos":[-67,-826.018005,449.569],"rotationMatrix":[-0.436808705,0.886189938,-0.154484913,-0.896954775,-0.44212234,-4.34616595e-05,-0.0683397427,0.138546988,0.987995148],"scale":1,"type":"italy_curb_3m"}
{"ctxid":0,"pos":[-68.4187012,-823.353027,449.115997],"rotationMatrix":[-0.491368175,0.859438598,-0.141147584,-0.868129015,-0.496338606,-1.11798836e-05,-0.070066601,0.122528821,0.989988565],"scale":1,"type":"italy_curb_3m"}
{"ctxid":0,"pos":[-70.0278015,-820.796997,448.718994],"rotationMatrix":[-0.56440258,0.817103922,-0.117434606,-0.822793245,-0.568340778,-5.8286696e-05,-0.0667904988,0.0965915024,0.993080616],"scale":1,"type":"italy_curb_3m"}
{"ctxid":0,"pos":[-71.8291016,-818.356018,448.391998],"rotationMatrix":[-0.595241547,0.796999693,-0.102367118,-0.801213264,-0.598378897,7.46108053e-05,-0.0611948594,0.082062304,0.994746685],"scale":1,"type":"italy_curb_3m"}
{"ctxid":0,"pos":[-73.6472015,-815.914978,448.088989],"rotationMatrix":[-0.593323112,0.799257457,-0.0956828073,-0.802938163,-0.596062303,-5.70546763e-05,-0.057078518,0.0767935291,0.995411873],"scale":1,"type":"italy_curb_3m"}
{"ctxid":0,"pos":[-75.4524002,-813.463989,447.808014],"rotationMatrix":[-0.586780548,0.804938376,-0.0881067812,-0.808082402,-0.589069486,2.71414865e-05,-0.0518791676,0.0712134615,0.996111035],"scale":1,"type":"italy_curb_3m"}
{"ctxid":0,"pos":[-77.2287979,-810.991028,447.550995],"rotationMatrix":[-0.574924827,0.814277649,-0.0800836384,-0.81689775,-0.576782465,-7.79529873e-05,-0.0462543145,0.0653753355,0.996788144],"scale":1,"type":"italy_curb_3m"}
{"ctxid":0,"pos":[-78.960701,-808.481995,447.317993],"rotationMatrix":[-0.557830691,0.826812506,-0.072152473,-0.828968883,-0.559294701,-0.000104899111,-0.0404412299,0.0597536415,0.997393608],"scale":1,"type":"italy_curb_3m"}
{"ctxid":0,"pos":[-80.6334991,-805.932007,447.109009],"rotationMatrix":[-0.536991239,0.841084123,-0.0649456307,-0.842862487,-0.538128972,-2.99218336e-05,-0.0349742919,0.054724168,0.997888803],"scale":1,"type":"italy_curb_3m"}
{"ctxid":0,"pos":[-82.2397003,-803.336975,446.920013],"rotationMatrix":[-0.514226317,0.855604529,-0.0592634305,-0.857111275,-0.515131354,7.26694134e-06,-0.0305222329,0.0507990904,0.998242378],"scale":1,"type":"italy_curb_3m"}
{"ctxid":0,"pos":[-83.7769012,-800.697998,446.746002],"rotationMatrix":[-0.491645336,0.869067729,-0.0548279248,-0.870375872,-0.492387891,-4.01092911e-05,-0.0270314645,0.0477011837,0.998495817],"scale":1,"type":"italy_curb_3m"}
{"ctxid":0,"pos":[-85.2481003,-798.020996,446.583008],"rotationMatrix":[-0.470971704,0.880613446,-0.0520158075,-0.881808817,-0.471607089,6.64105028e-05,-0.0244725421,0.0458992757,0.998646259],"scale":1,"type":"italy_curb_3m"}
{"ctxid":0,"pos":[-86.6605988,-795.309998,446.427002],"rotationMatrix":[-0.452832818,0.890192568,-0.0499968119,-0.891308665,-0.453397036,6.3060601e-05,-0.02261227,0.0445911475,0.998749375],"scale":1,"type":"italy_curb_3m"}
{"ctxid":0,"pos":[-88.0224991,-792.572021,446.274994],"rotationMatrix":[-0.437194705,0.898013651,-0.0493182875,-0.899108887,-0.437725067,5.18523666e-05,-0.0215412863,0.0443651788,0.998783112],"scale":1,"type":"italy_curb_3m"}
{"ctxid":0,"pos":[-89.3181,-789.797974,446.114014],"rotationMatrix":[-0.407645226,0.911380053,-0.0566725172,-0.912846148,-0.408303738,-4.43711069e-05,-0.0231800396,0.0517152026,0.99839282],"scale":1,"type":"italy_curb_3m"}
{"ctxid":0,"pos":[-90.5236969,-786.984985,445.929993],"rotationMatrix":[-0.38041234,0.922650814,-0.0632605478,-0.924502373,-0.381176233,-7.0873657e-06,-0.0241199564,0.0584818348,0.997997046],"scale":1,"type":"italy_curb_3m"}
{"ctxid":0,"pos":[-91.652298,-784.143982,445.727997],"rotationMatrix":[-0.357057095,0.93157357,-0.0684168488,-0.933761895,-0.357894897,1.2654491e-05,-0.024474252,0.0638895631,0.997656822],"scale":1,"type":"italy_curb_3m"}
{"ctxid":0,"pos":[-92.7138977,-781.276001,445.511993],"rotationMatrix":[-0.336823821,0.938799739,-0.0721442774,-0.941254139,-0.337699056,6.97810246e-05,-0.0242975429,0.0679296032,0.997394204],"scale":1,"type":"italy_curb_3m"}
{"ctxid":0,"pos":[-93.7155991,-778.390991,445.286987],"rotationMatrix":[-0.318348527,0.945011556,-0.0748821795,-0.947674692,-0.31923759,0.000101893391,-0.023808917,0.0709963888,0.997192383],"scale":1,"type":"italy_curb_3m"}
{"ctxid":0,"pos":[-94.6634979,-775.487976,445.053986],"rotationMatrix":[-0.301269889,0.950442016,-0.0767882392,-0.953256786,-0.302161336,9.66022071e-06,-0.0231932551,0.0732018203,0.997047424],"scale":1,"type":"italy_curb_3m"}
{"ctxid":0,"pos":[-95.5604019,-772.56897,444.816986],"rotationMatrix":[-0.285579085,0.955154419,-0.0782599896,-0.958093464,-0.28645587,2.37451732e-05,-0.0223953538,0.0749871656,0.996932983],"scale":1,"type":"italy_curb_3m"}
{"ctxid":0,"pos":[-96.4105988,-769.637024,444.575989],"rotationMatrix":[-0.27027595,0.959544659,-0.0788981691,-0.962543428,-0.271127582,-8.48121781e-05,-0.0214728508,0.0759199932,0.996882677],"scale":1,"type":"italy_curb_3m"}
{"ctxid":0,"pos":[-97.2146988,-766.692017,444.334015],"rotationMatrix":[-0.255689621,0.963517308,-0.0791027471,-0.966544211,-0.256500006,-8.67793933e-05,-0.0203734674,0.0764341131,0.996866465],"scale":1,"type":"italy_curb_3m"}
{"ctxid":0,"pos":[-97.9744034,-763.737,444.09201],"rotationMatrix":[-0.241168737,0.967295587,-0.0785933584,-0.970296323,-0.241919518,-3.23187305e-05,-0.0190445296,0.0762510523,0.996906757],"scale":1,"type":"italy_curb_3m"}
{"ctxid":0,"pos":[-98.6899033,-760.770996,443.85199],"rotationMatrix":[-0.226722956,0.970846236,-0.0778091922,-0.973798573,-0.227412224,2.43493287e-06,-0.0176923964,0.0757710338,0.996968269],"scale":1,"type":"italy_curb_3m"}
{"ctxid":0,"pos":[-99.3607025,-757.794006,443.617004],"rotationMatrix":[-0.212021589,0.974290609,-0.0761883929,-0.977129877,-0.212643385,-5.01738505e-05,-0.0162498411,0.074435316,0.997093439],"scale":1,"type":"italy_curb_3m"}
{"ctxid":0,"pos":[-99.9858017,-754.807983,443.386993],"rotationMatrix":[-0.196771622,0.977663636,-0.073856011,-0.98034066,-0.197312355,-2.56434341e-05,-0.0145977736,0.0723990053,0.997268915],"scale":1,"type":"italy_curb_3m"}
{"ctxid":0,"pos":[-100.567001,-751.809998,443.162994],"rotationMatrix":[-0.186596513,0.979670286,-0.0736738965,-0.982339859,-0.187105179,-2.57491388e-06,-0.0137872901,0.0723723248,0.997282386],"scale":1,"type":"italy_curb_3m"}
{"ctxid":0,"pos":[-69.2350998,-937.604004,463.687988],"rotationMatrix":[0.429046869,0.903282225,0,-0.903282225,0.429046869,0,0,0,1],"scale":1,"type":"italy_curb_3m"}
{"ctxid":0,"pos":[-68.1220016,-934.703979,463.562012],"rotationMatrix":[0.265745401,0.960428059,-0.0834104568,-0.963787973,0.26666975,-6.12162257e-05,0.0221842527,0.0804062635,0.996515274],"scale":1,"type":"italy_curb_3m"}
{"ctxid":0,"pos":[-67.6676025,-931.661987,463.186005],"rotationMatrix":[0.0434052944,0.987462938,-0.151766106,-0.999035001,0.0439217091,5.04202981e-05,0.00671561528,0.151617467,0.988416433],"scale":1,"type":"italy_curb_3m"}
{"ctxid":0,"pos":[-67.8088989,-928.630981,462.662994],"rotationMatrix":[-0.110400438,0.97690624,-0.18293713,-0.993674994,-0.112294078,7.51658717e-06,-0.0205354132,0.18178089,0.983124614],"scale":1,"type":"italy_curb_3m"}
{"ctxid":0,"pos":[-68.308403,-925.661011,462.080994],"rotationMatrix":[-0.199865818,0.960372984,-0.194261,-0.979025483,-0.203737736,4.89539416e-05,-0.0395312794,0.190196246,0.980949879],"scale":1,"type":"italy_curb_3m"}
{"ctxid":0,"pos":[-68.9843979,-922.741028,461.502991],"rotationMatrix":[-0.230817556,0.956308544,-0.179435953,-0.972082853,-0.234637856,-6.90714369e-05,-0.0421685204,0.174410671,0.983769655],"scale":1,"type":"italy_curb_3m"}
{"ctxid":0,"pos":[-69.7061996,-919.825012,460.98999],"rotationMatrix":[-0.240315914,0.957826316,-0.157534137,-0.969937384,-0.243354559,-5.46729879e-08,-0.0383367017,0.152798235,0.987513542],"scale":1,"type":"italy_curb_3m"}
{"ctxid":0,"pos":[-70.4391022,-916.898987,460.540985],"rotationMatrix":[-0.238541722,0.9614169,-0.137023449,-0.970570564,-0.240816832,-2.76542869e-05,-0.0330241397,0.13298434,0.990567803],"scale":1,"type":"italy_curb_3m"}
{"ctxid":0,"pos":[-71.1483994,-913.958984,460.152008],"rotationMatrix":[-0.225145578,0.967090368,-0.118514284,-0.973953724,-0.226746917,-2.8632172e-05,-0.0269004386,0.115420982,0.992952347],"scale":1,"type":"italy_curb_3m"}
{"ctxid":0,"pos":[-71.7979965,-910.997009,459.81601],"rotationMatrix":[-0.199632406,0.974510729,-0.102350928,-0.979655802,-0.200685024,1.30514591e-05,-0.0205275789,0.100271285,0.994748354],"scale":1,"type":"italy_curb_3m"}
{"ctxid":0,"pos":[-72.3498993,-908.008972,459.524994],"rotationMatrix":[-0.161423445,0.982875168,-0.0888756588,-0.986780405,-0.162063003,2.0175532e-05,-0.0143836262,0.0877040178,0.996042728],"scale":1,"type":"italy_curb_3m"}
{"ctxid":0,"pos":[-72.7674026,-904.992981,459.270996],"rotationMatrix":[-0.111997962,0.990643561,-0.0779861659,-0.993669868,-0.112339616,6.2340464e-06,-0.00875476003,0.0774932057,0.996954441],"scale":1,"type":"italy_curb_3m"}
{"ctxid":0,"pos":[-73.0178986,-901.955017,459.04599],"rotationMatrix":[-0.0524116755,0.996170282,-0.0699841529,-0.998618782,-0.0525404215,1.11109398e-06,-0.00367588992,0.0698875487,0.997548103],"scale":1,"type":"italy_curb_3m"}
{"ctxid":0,"pos":[-73.0738983,-898.905029,458.841003],"rotationMatrix":[0.014737606,0.997811675,-0.0644565076,-0.999890864,0.0147740841,8.93047909e-05,0.00104139524,0.0644481555,0.997920513],"scale":1,"type":"italy_curb_3m"}
{"ctxid":0,"pos":[-72.9173965,-895.856018,458.649994],"rotationMatrix":[0.0858374834,0.994415283,-0.0614013001,-0.996295691,0.0859937668,-9.763454e-05,0.0051830397,0.0611822307,0.998113155],"scale":1,"type":"italy_curb_3m"}
{"ctxid":0,"pos":[-72.5410995,-892.825012,458.463989],"rotationMatrix":[0.157837391,0.985615611,-0.0604089163,-0.987418771,0.158127069,1.49760663e-05,0.00956704561,0.0596465319,0.998173714],"scale":1,"type":"italy_curb_3m"}
{"ctxid":0,"pos":[-71.9484024,-889.828003,458.278015],"rotationMatrix":[0.226830244,0.972019911,-0.0610359535,-0.973836303,0.227250695,-5.45419789e-05,0.0138174463,0.0594513975,0.998135567],"scale":1,"type":"italy_curb_3m"}
{"ctxid":0,"pos":[-71.151001,-886.877014,458.088013],"rotationMatrix":[0.288774729,0.955339789,-0.0627298504,-0.957224786,0.289345384,1.33517042e-05,0.0181633495,0.0600427128,0.998030543],"scale":1,"type":"italy_curb_3m"}
{"ctxid":0,"pos":[-70.2335968,-883.960999,457.891998],"rotationMatrix":[0.305920362,0.949779868,-0.0658098832,-0.951844037,0.306582689,-3.65440974e-05,0.0201414637,0.0626519248,0.997832179],"scale":1,"type":"italy_curb_3m"}
{"ctxid":0,"pos":[-69.270401,-881.057983,457.683014],"rotationMatrix":[0.322952032,0.943711102,-0.0714936703,-0.946132302,0.323780298,-3.99671126e-06,0.0231444705,0.0676437616,0.997441053],"scale":1,"type":"italy_curb_3m"}
{"ctxid":0,"pos":[-68.2475967,-878.174988,457.449005],"rotationMatrix":[0.343347073,0.935589015,-0.0823771805,-0.938779712,0.344518065,6.86635076e-07,0.0283810701,0.077333793,0.996601224],"scale":1,"type":"italy_curb_3m"}
{"ctxid":0,"pos":[-67.1668015,-875.312988,457.173004],"rotationMatrix":[0.357607603,0.928731441,-0.0978506282,-0.93320775,0.35933733,5.81282875e-05,0.0352153704,0.0912941769,0.995201111],"scale":1,"type":"italy_curb_3m"}
{"ctxid":0,"pos":[-250.914993,-529.864014,417.317993],"rotationMatrix":[-0.998800397,0.0178708639,-0.0455894656,-0.01789313,-0.999839902,8.03138537e-05,-0.0455807298,0.000895955716,0.998960257],"scale":1,"type":"italy_curb_3m"}
{"ctxid":0,"pos":[-253.968994,-529.971008,417.178009],"rotationMatrix":[-0.995604038,-0.082349062,-0.0446232148,0.0824290738,-0.996596932,4.71422718e-05,-0.0444752388,-0.00363131519,0.999003887],"scale":1,"type":"italy_curb_3m"}
{"ctxid":0,"pos":[-256.993988,-530.398987,417.046997],"rotationMatrix":[-0.979659915,-0.196517035,-0.0405895077,0.196678504,-0.980468035,1.53270557e-05,-0.0397997275,-0.00796806812,0.999175906],"scale":1,"type":"italy_curb_3m"}
{"ctxid":0,"pos":[-259.954987,-531.15802,416.928986],"rotationMatrix":[-0.956652045,-0.288798392,-0.0375813767,0.288998991,-0.957329392,9.81614867e-05,-0.0360061042,-0.0107670743,0.999293566],"scale":1,"type":"italy_curb_3m"}
{"ctxid":0,"pos":[-262.863007,-532.109985,416.815002],"rotationMatrix":[-0.945593357,-0.323230594,-0.0370836258,0.323450178,-0.946245193,8.16760075e-05,-0.0351166055,-0.0119174737,0.999312162],"scale":1,"type":"italy_curb_3m"}
{"ctxid":0,"pos":[-265.756989,-533.10199,416.700012],"rotationMatrix":[-0.946383834,-0.320789576,-0.0381009243,0.32102254,-0.947071552,3.77462084e-06,-0.0360855125,-0.0122276833,0.999273896],"scale":1,"type":"italy_curb_3m"}
{"ctxid":0,"pos":[-268.664001,-534.057983,416.582001],"rotationMatrix":[-0.952305913,-0.302584171,-0.039449513,0.302817792,-0.953048468,5.60682056e-05,-0.0376142636,-0.0118926205,0.999221563],"scale":1,"type":"italy_curb_3m"}
{"ctxid":0,"pos":[-271.589996,-534.953003,416.459015],"rotationMatrix":[-0.95823729,-0.283047974,-0.0408060662,0.28328222,-0.959036589,4.35872971e-05,-0.039146848,-0.0115178656,0.999167085],"scale":1,"type":"italy_curb_3m"}
{"ctxid":0,"pos":[-274.533997,-535.789001,416.332001],"rotationMatrix":[-0.962592363,-0.267746001,-0.0415695235,0.267976671,-0.963425398,2.36172509e-05,-0.0400554612,-0.0111169294,0.999135613],"scale":1,"type":"italy_curb_3m"}
{"ctxid":0,"pos":[-277.477997,-536.619995,416.205994],"rotationMatrix":[-0.96061182,-0.274944246,-0.0403806195,0.27516821,-0.961396098,1.21133189e-05,-0.0388251022,-0.0110998265,0.99918437],"scale":1,"type":"italy_curb_3m"}
{"ctxid":0,"pos":[-280.415985,-537.469971,416.084015],"rotationMatrix":[-0.959028006,-0.280586928,-0.0391950645,0.280804604,-0.959764957,-5.00911337e-05,-0.0376039967,-0.0110541936,0.999231577],"scale":1,"type":"italy_curb_3m"}
{"ctxid":0,"pos":[-283.351013,-538.33197,415.966003],"rotationMatrix":[-0.958235025,-0.283448845,-0.0379787609,0.28365165,-0.958927393,5.08162302e-05,-0.0364332758,-0.0107240435,0.999278545],"scale":1,"type":"italy_curb_3m"}
{"ctxid":0,"pos":[-286.28299,-539.200012,415.851013],"rotationMatrix":[-0.958233953,-0.283612967,-0.0367609821,0.283801913,-0.958882928,8.21329013e-05,-0.0352727696,-0.0103541343,0.999324083],"scale":1,"type":"italy_curb_3m"}
{"ctxid":0,"pos":[-289.21701,-540.065002,415.73999],"rotationMatrix":[-0.959024787,-0.281083196,-0.0355484672,0.281259328,-0.959631801,4.82992364e-05,-0.0341270156,-0.00995201711,0.999367952],"scale":1,"type":"italy_curb_3m"}
{"ctxid":0,"pos":[-292.153992,-540.919983,415.632996],"rotationMatrix":[-0.960211635,-0.277154744,-0.0343346857,0.277318239,-0.960778117,-1.07263396e-07,-0.0329879858,-0.00952173769,0.999410391],"scale":1,"type":"italy_curb_3m"}
