{"ctxid":0,"pos":[413.338379,1216.9375,167.727448],"rotationMatrix":[0.999441862,0.0257704817,-0.0212563146,-0.0257763043,0.999667764,4.21132427e-08,0.0212492514,0.000547867152,0.999774039],"scale":0.99999994,"type":"italy_guardrails_highway_bridge_heavy"}
{"ctxid":0,"pos":[410.293945,1216.85913,167.795578],"rotationMatrix":[0.999386132,0.0259450078,-0.0235409737,-0.0259522013,0.999663174,-4.33647074e-08,0.0235330425,0.000610983407,0.999722898],"scale":0.99999994,"type":"italy_guardrails_highway_bridge_heavy"}
{"ctxid":0,"pos":[407.249512,1216.77991,167.872055],"rotationMatrix":[0.999297976,0.0261279643,-0.0268500727,-0.0261373892,0.999658346,5.00585884e-09,0.026840901,0.000701785728,0.999639452],"scale":0.99999994,"type":"italy_guardrails_highway_bridge_heavy"}
{"ctxid":0,"pos":[404.208008,1216.69983,167.961243],"rotationMatrix":[0.999129415,0.0265750419,-0.0321589708,-0.0265887994,0.999646485,-1.15251169e-07,0.0321476012,0.00085518352,0.999482751],"scale":0.999999881,"type":"italy_guardrails_highway_bridge_heavy"}
{"ctxid":0,"pos":[401.169922,1216.6178,168.072205],"rotationMatrix":[0.998752356,0.027479114,-0.0416970439,-0.0275030453,0.999621749,-2.91271135e-07,0.0416812636,0.00114708673,0.999130309],"scale":1,"type":"italy_guardrails_highway_bridge_heavy"}
{"ctxid":0,"pos":[398.126953,1216.5321,168.211548],"rotationMatrix":[0.998651028,0.0284742601,-0.0434205979,-0.0285011418,0.999593735,-3.04426067e-08,0.0434029549,0.00123756705,0.999056876],"scale":0.99999994,"type":"italy_guardrails_highway_bridge_heavy"}
{"ctxid":0,"pos":[395.063965,1216.44641,168.296204],"rotationMatrix":[0.999519587,0.0273609497,-0.0145573905,-0.0273638517,0.999625564,-1.97716872e-07,0.0145519348,0.000398543896,0.999894023],"scale":0.99999994,"type":"italy_guardrails_highway_bridge_heavy"}
{"ctxid":0,"pos":[392.015137,1216.3623,168.333527],"rotationMatrix":[0.999539912,0.0279269703,-0.0118330447,-0.0279289223,0.999609888,1.73167791e-07,0.0118284328,0.000330311101,0.999929965],"scale":0.999999881,"type":"italy_guardrails_highway_bridge_heavy"}
{"ctxid":0,"pos":[388.96875,1216.276,168.368881],"rotationMatrix":[0.999520242,0.0287695024,-0.0114717269,-0.0287713949,0.999586046,4.56784619e-08,0.011466979,0.000330011942,0.999934196],"scale":0.99999994,"type":"italy_guardrails_highway_bridge_heavy"}
{"ctxid":0,"pos":[385.921875,1216.18701,168.403458],"rotationMatrix":[0.999497533,0.0296601318,-0.0111765461,-0.0296619833,0.999559999,-2.43453542e-08,0.0111716269,0.000331542862,0.999937534],"scale":0.99999994,"type":"italy_guardrails_highway_bridge_heavy"}
{"ctxid":0,"pos":[382.875488,1216.09534,168.437119],"rotationMatrix":[0.999474108,0.0305466913,-0.0108834701,-0.0305485018,0.999533296,-1.77911716e-07,0.010878385,0.000332651514,0.999940753],"scale":0.999999881,"type":"italy_guardrails_highway_bridge_heavy"}
{"ctxid":0,"pos":[379.82959,1216.00073,168.469757],"rotationMatrix":[0.999450088,0.0314203575,-0.010593757,-0.0314221233,0.999506176,-1.67638063e-08,0.0105885249,0.000332895084,0.999943912],"scale":0.999999881,"type":"italy_guardrails_highway_bridge_heavy"}
{"ctxid":0,"pos":[376.783203,1215.90356,168.501587],"rotationMatrix":[0.99942565,0.0322828069,-0.0103065744,-0.0322845206,0.999478698,1.2711098e-07,0.0103012063,0.000332615804,0.999946892],"scale":0.99999994,"type":"italy_guardrails_highway_bridge_heavy"}
{"ctxid":0,"pos":[373.736328,1215.80408,168.532623],"rotationMatrix":[0.999400496,0.0331385583,-0.0100219147,-0.0331402197,0.999450684,1.16502633e-07,0.0100164143,0.000332012074,0.999949753],"scale":0.999999881,"type":"italy_guardrails_highway_bridge_heavy"}
{"ctxid":0,"pos":[370.69043,1215.7019,168.562759],"rotationMatrix":[0.999374688,0.0339907147,-0.00974024553,-0.033992324,0.999422073,2.74172635e-07,0.00973462593,0.000330819574,0.999952555],"scale":1,"type":"italy_guardrails_highway_bridge_heavy"}
{"ctxid":0,"pos":[367.644531,1215.59668,168.591965],"rotationMatrix":[0.999348462,0.03483022,-0.00946160872,-0.0348317772,0.999393165,3.5398989e-07,0.00945587922,0.000329210859,0.999955237],"scale":0.99999994,"type":"italy_guardrails_highway_bridge_heavy"}
{"ctxid":0,"pos":[364.598145,1215.48926,168.620346],"rotationMatrix":[0.999321818,0.035658028,-0.00918613467,-0.035659533,0.999364018,-8.87666829e-09,0.00918029156,0.000327582122,0.9999578],"scale":0.999999881,"type":"italy_guardrails_highway_bridge_heavy"}
{"ctxid":0,"pos":[361.552246,1215.37939,168.647964],"rotationMatrix":[0.999294817,0.0364750884,-0.00891338568,-0.0364765339,0.999334514,1.18976459e-07,0.00890745874,0.000325010536,0.999960303],"scale":0.99999994,"type":"italy_guardrails_highway_bridge_heavy"}
{"ctxid":0,"pos":[358.506836,1215.26721,168.674789],"rotationMatrix":[0.999267399,0.037281882,-0.00864350703,-0.0372832753,0.999304712,3.2785465e-08,0.00863749813,0.000322225445,0.999962628],"scale":0.999999881,"type":"italy_guardrails_highway_bridge_heavy"}
{"ctxid":0,"pos":[355.461426,1215.15222,168.700653],"rotationMatrix":[0.999239802,0.038074594,-0.00837661047,-0.0380759276,0.99927485,1.90208084e-07,0.00837054383,0.000318757142,0.999964893],"scale":0.999999881,"type":"italy_guardrails_highway_bridge_heavy"}
{"ctxid":0,"pos":[352.415527,1215.03467,168.725754],"rotationMatrix":[0.999211609,0.0388639458,-0.0081121223,-0.0388652273,0.999244452,4.27680789e-08,0.0081059942,0.000315236743,0.999967098],"scale":0.99999994,"type":"italy_guardrails_highway_bridge_heavy"}
{"ctxid":0,"pos":[349.369629,1214.91528,168.750092],"rotationMatrix":[0.99918294,0.0396458916,-0.00785040669,-0.0396471135,0.999213755,5.00003807e-08,0.00784423575,0.000311195967,0.999969184],"scale":1,"type":"italy_guardrails_highway_bridge_heavy"}
{"ctxid":0,"pos":[346.324707,1214.79321,168.773636],"rotationMatrix":[0.999154091,0.0404161364,-0.00759214442,-0.0404172987,0.99918288,4.62896423e-08,0.00758594275,0.000306807691,0.999971151],"scale":0.99999994,"type":"italy_guardrails_highway_bridge_heavy"}
{"ctxid":0,"pos":[343.278809,1214.66895,168.796402],"rotationMatrix":[0.999125004,0.0411746874,-0.00733708031,-0.0411757976,0.999151945,3.502646e-08,0.00733085908,0.000302075117,0.999973059],"scale":0.99999994,"type":"italy_guardrails_highway_bridge_heavy"}
{"ctxid":0,"pos":[340.233887,1214.54211,168.818314],"rotationMatrix":[0.999095857,0.0419201069,-0.00708471239,-0.0419211574,0.999120951,9.12405085e-09,0.00707848463,0.000296990271,0.999974906],"scale":0.999999881,"type":"italy_guardrails_highway_bridge_heavy"}
{"ctxid":0,"pos":[337.188477,1214.41333,168.839539],"rotationMatrix":[0.999066532,0.0426543131,-0.00683507649,-0.0426553115,0.999089837,1.09386747e-07,0.00682885991,0.000291443022,0.999976635],"scale":1,"type":"italy_guardrails_highway_bridge_heavy"}
{"ctxid":0,"pos":[334.143066,1214.2821,168.860062],"rotationMatrix":[0.999037027,0.0433777757,-0.00658818195,-0.0433787145,0.999058723,8.9785317e-09,0.0065819812,0.000285777904,0.999978304],"scale":0.99999994,"type":"italy_guardrails_highway_bridge_heavy"}
{"ctxid":0,"pos":[331.098145,1214.14893,168.87973],"rotationMatrix":[0.999007523,0.0440874025,-0.00634410791,-0.0440882891,0.99902761,-4.16766852e-08,0.00633793697,0.000279742497,0.999979854],"scale":0.99999994,"type":"italy_guardrails_highway_bridge_heavy"}
{"ctxid":0,"pos":[328.053223,1214.01343,168.898666],"rotationMatrix":[0.998978019,0.0447848514,-0.00610330654,-0.0447856858,0.998996615,2.76573701e-07,0.0060971952,0.000273064477,0.999981403],"scale":0.99999994,"type":"italy_guardrails_highway_bridge_heavy"}
{"ctxid":0,"pos":[325.008301,1213.87585,168.916901],"rotationMatrix":[0.998948157,0.0454772823,-0.00586550822,-0.0454780646,0.998965323,1.85507815e-07,0.00585944811,0.00026656664,0.999982774],"scale":1,"type":"italy_guardrails_highway_bridge_heavy"}
{"ctxid":0,"pos":[321.963867,1213.73608,168.934433],"rotationMatrix":[0.998918056,0.0461632572,-0.00563052762,-0.0461639874,0.998933852,1.90193532e-08,0.00562452525,0.000259908615,0.999984145],"scale":0.99999994,"type":"italy_guardrails_highway_bridge_heavy"}
{"ctxid":0,"pos":[318.919434,1213.59448,168.951263],"rotationMatrix":[0.998887956,0.0468363427,-0.00539900362,-0.0468370281,0.998902559,-1.78959453e-07,0.00539307017,0.000253052043,0.999985397],"scale":0.99999994,"type":"italy_guardrails_highway_bridge_heavy"}
{"ctxid":0,"pos":[315.874023,1213.45068,168.967377],"rotationMatrix":[0.998858035,0.0474960804,-0.00517092133,-0.0474967137,0.998871386,2.0940206e-08,0.00516508659,0.000245580857,0.999986649],"scale":1,"type":"italy_guardrails_highway_bridge_heavy"}
{"ctxid":0,"pos":[312.82959,1213.30481,168.982742],"rotationMatrix":[0.998828232,0.0481429286,-0.00494541833,-0.0481435172,0.998840451,-1.95163011e-07,0.00493967393,0.00023828476,0.999987781],"scale":1,"type":"italy_guardrails_highway_bridge_heavy"}
{"ctxid":0,"pos":[309.785156,1213.15698,168.997467],"rotationMatrix":[0.99879849,0.0487776101,-0.00472280616,-0.048778154,0.998809636,1.17150194e-07,0.00471719028,0.000230252772,0.999988854],"scale":1,"type":"italy_guardrails_highway_bridge_heavy"}
{"ctxid":0,"pos":[306.741211,1213.00769,169.011597],"rotationMatrix":[0.998768747,0.0494029894,-0.00450336002,-0.0494034886,0.99877888,1.34612492e-07,0.00449786801,0.00022234724,0.999989867],"scale":0.999999881,"type":"italy_guardrails_highway_bridge_heavy"}
{"ctxid":0,"pos":[303.697754,1212.85596,169.024948],"rotationMatrix":[0.998738825,0.0500233397,-0.00428733043,-0.0500238016,0.998748004,-3.70491762e-08,0.00428196136,0.000214505591,0.999990821],"scale":1,"type":"italy_guardrails_highway_bridge_heavy"}
{"ctxid":0,"pos":[300.652832,1212.70239,169.037674],"rotationMatrix":[0.998709083,0.0506315343,-0.00407420425,-0.0506319515,0.998717368,-8.37317202e-08,0.00406897394,0.000206368524,0.999991715],"scale":0.999999881,"type":"italy_guardrails_highway_bridge_heavy"}
{"ctxid":0,"pos":[297.609375,1212.54736,169.049744],"rotationMatrix":[0.998679638,0.0512256511,-0.00386431254,-0.051226031,0.998687088,9.11677489e-08,0.00385924382,0.000197862348,0.999992549],"scale":0.99999994,"type":"italy_guardrails_highway_bridge_heavy"}
{"ctxid":0,"pos":[294.564941,1212.39026,169.061218],"rotationMatrix":[0.998650372,0.0518073663,-0.0036577154,-0.0518077165,0.998657107,-4.89890226e-08,0.00365280081,0.000189546816,0.999993324],"scale":0.99999994,"type":"italy_guardrails_highway_bridge_heavy"}
{"ctxid":0,"pos":[291.521484,1212.23145,169.072052],"rotationMatrix":[0.998621464,0.0523754954,-0.0034541043,-0.0523758084,0.998627424,-4.40340955e-08,0.00344936107,0.000180955481,0.99999404],"scale":0.999999881,"type":"italy_guardrails_highway_bridge_heavy"}
{"ctxid":0,"pos":[288.477051,1212.07104,169.082336],"rotationMatrix":[0.998592913,0.05293075,-0.00325344107,-0.0529310331,0.998598158,-1.36205927e-08,0.00324887945,0.000172221597,0.999994695],"scale":1,"type":"italy_guardrails_highway_bridge_heavy"}
{"ctxid":0,"pos":[285.433594,1211.90881,169.091904],"rotationMatrix":[0.998564839,0.0534690805,-0.00305690267,-0.0534693338,0.998569489,7.43748387e-08,0.00305253384,0.000163376288,0.999995351],"scale":0.999999881,"type":"italy_guardrails_highway_bridge_heavy"}
{"ctxid":0,"pos":[282.390137,1211.74512,169.100891],"rotationMatrix":[0.998537123,0.0539945364,-0.00286356825,-0.0539947599,0.998541236,1.24375219e-07,0.00285939779,0.000154493493,0.999995887],"scale":0.99999994,"type":"italy_guardrails_highway_bridge_heavy"}
{"ctxid":0,"pos":[279.34668,1211.57959,169.109344],"rotationMatrix":[0.998509526,0.0545121245,-0.00267352187,-0.0545123182,0.998513103,6.77609933e-08,0.00266955025,0.000145672209,0.999996424],"scale":0.99999994,"type":"italy_guardrails_highway_bridge_heavy"}
{"ctxid":0,"pos":[276.303223,1211.41284,169.117218],"rotationMatrix":[0.998481989,0.0550230294,-0.00248705503,-0.0550232008,0.998485088,4.49654181e-08,0.00248328969,0.000136800823,0.999996901],"scale":1,"type":"italy_guardrails_highway_bridge_heavy"}
{"ctxid":0,"pos":[273.260254,1211.24414,169.124512],"rotationMatrix":[0.998454988,0.0555182062,-0.00230462872,-0.0555183552,0.99845767,1.89400453e-07,0.00230108458,0.000127760082,0.999997318],"scale":0.999999881,"type":"italy_guardrails_highway_bridge_heavy"}
{"ctxid":0,"pos":[270.217285,1211.07422,169.131271],"rotationMatrix":[0.998428524,0.05599932,-0.00212506927,-0.0559994467,0.998430789,2.24441465e-07,0.00212174724,0.000118778611,0.999997735],"scale":0.999999881,"type":"italy_guardrails_highway_bridge_heavy"}
{"ctxid":0,"pos":[267.17334,1210.90283,169.137436],"rotationMatrix":[0.998402715,0.0564639978,-0.00194947561,-0.0564641021,0.998404622,1.005792e-07,0.00194637105,0.000109974979,0.999998093],"scale":0.99999994,"type":"italy_guardrails_highway_bridge_heavy"}
{"ctxid":0,"pos":[264.130371,1210.7301,169.143112],"rotationMatrix":[0.998377502,0.0569141358,-0.00177766872,-0.0569142252,0.998379052,1.58415787e-07,0.00177479628,0.000101016485,0.999998391],"scale":0.99999994,"type":"italy_guardrails_highway_bridge_heavy"}
{"ctxid":0,"pos":[261.087891,1210.55591,169.1483],"rotationMatrix":[0.998352647,0.0573537908,-0.00160915474,-0.0573538654,0.998353899,-2.81615939e-08,0.00160650443,9.23193729e-05,0.999998689],"scale":0.999999881,"type":"italy_guardrails_highway_bridge_heavy"}
{"ctxid":0,"pos":[258.044922,1210.38049,169.152985],"rotationMatrix":[0.998327851,0.057787247,-0.00144392275,-0.0577873066,0.998328924,-2.97077349e-08,0.00144150807,8.34700695e-05,0.999998987],"scale":1,"type":"italy_guardrails_highway_bridge_heavy"}
{"ctxid":0,"pos":[255.002441,1210.20361,169.157089],"rotationMatrix":[0.99830395,0.0582025982,-0.00128315634,-0.0582026429,0.998304784,1.54832378e-08,0.00128098193,7.46676305e-05,0.999999166],"scale":0.999999881,"type":"italy_guardrails_highway_bridge_heavy"}
{"ctxid":0,"pos":[251.958496,1210.02563,169.160751],"rotationMatrix":[0.998280764,0.0586027056,-0.00112630846,-0.0586027429,0.99828136,5.79166226e-08,0.0011243762,6.59469515e-05,0.999999344],"scale":0.999999881,"type":"italy_guardrails_highway_bridge_heavy"}
{"ctxid":0,"pos":[248.916504,1209.84644,169.163925],"rotationMatrix":[0.998258412,0.0589851923,-0.000973886403,-0.0589852221,0.998258829,1.17430318e-07,0.000972197682,5.73276775e-05,0.999999523],"scale":0.99999994,"type":"italy_guardrails_highway_bridge_heavy"}
{"ctxid":0,"pos":[245.874023,1209.66589,169.166656],"rotationMatrix":[0.998236835,0.0593514852,-0.000825048191,-0.0593515076,0.998237133,9.18116712e-08,0.00082359917,4.88762016e-05,0.999999642],"scale":0.999999881,"type":"italy_guardrails_highway_bridge_heavy"}
{"ctxid":0,"pos":[242.831543,1209.48462,169.168976],"rotationMatrix":[0.998216093,0.0597008653,-0.000679749181,-0.0597008802,0.998216331,1.11653208e-07,0.000678543351,4.04701677e-05,0.999999762],"scale":0.99999994,"type":"italy_guardrails_highway_bridge_heavy"}
{"ctxid":0,"pos":[239.789062,1209.30225,169.170837],"rotationMatrix":[0.998196125,0.0600354858,-0.000538918131,-0.0600354932,0.998196244,1.26585292e-07,0.000537953631,3.22278574e-05,0.999999881],"scale":0.99999994,"type":"italy_guardrails_highway_bridge_heavy"}
{"ctxid":0,"pos":[236.74707,1209.11877,169.172302],"rotationMatrix":[0.998176336,0.0603646263,-0.000402430189,-0.0603646338,0.998176396,9.78925527e-08,0.000401702244,2.41948383e-05,0.99999994],"scale":0.999999881,"type":"italy_guardrails_highway_bridge_heavy"}
{"ctxid":0,"pos":[233.703613,1208.93408,169.173279],"rotationMatrix":[0.99815774,0.0606713891,-0.000270412769,-0.0606713891,0.998157799,-1.16660885e-08,0.00026991393,1.64179619e-05,0.99999994],"scale":1,"type":"italy_guardrails_highway_bridge_heavy"}
{"ctxid":0,"pos":[230.662109,1208.7489,169.173889],"rotationMatrix":[0.998140752,0.0609505363,-0.000142730525,-0.0609505363,0.998140812,9.50017238e-08,0.000142470948,8.60467662e-06,1],"scale":0.99999994,"type":"italy_guardrails_highway_bridge_heavy"}
{"ctxid":0,"pos":[227.619629,1208.5625,169.174133],"rotationMatrix":[0.99812454,0.061216116,-1.96032906e-05,-0.061216116,0.99812454,1.36751538e-07,1.95748962e-05,1.0635423e-06,1],"scale":0.99999994,"type":"italy_guardrails_highway_bridge_heavy"}
{"ctxid":0,"pos":[224.577148,1208.37549,169.174011],"rotationMatrix":[0.998108625,0.0614750236,9.838189e-05,-0.0614750236,0.998108625,2.19954927e-07,-9.81822959e-05,-6.26756855e-06,1],"scale":1,"type":"italy_guardrails_highway_bridge_heavy"}
{"ctxid":0,"pos":[221.535156,1208.18787,169.173538],"rotationMatrix":[0.998093605,0.0617177486,0.000211806997,-0.0617177486,0.998093665,7.78140929e-08,-0.000211398408,-1.31499164e-05,1],"scale":0.99999994,"type":"italy_guardrails_highway_bridge_heavy"}
{"ctxid":0,"pos":[218.493164,1207.99927,169.172729],"rotationMatrix":[0.998080552,0.0619285852,0.000320049236,-0.0619285852,0.998080611,3.17668309e-08,-0.000319432933,-1.98519028e-05,0.99999994],"scale":0.99999994,"type":"italy_guardrails_highway_bridge_heavy"}
{"ctxid":0,"pos":[215.451172,1207.8103,169.1716],"rotationMatrix":[0.998068511,0.0621210895,0.000424247293,-0.062121097,0.998068631,9.25256245e-08,-0.000423422141,-2.64470546e-05,0.999999881],"scale":0.99999994,"type":"italy_guardrails_highway_bridge_heavy"}
{"ctxid":0,"pos":[212.40918,1207.62073,169.170151],"rotationMatrix":[0.998057067,0.062304318,0.000523800845,-0.0623043254,0.998057187,-5.69052645e-08,-0.000522786751,-3.25782639e-05,0.999999881],"scale":0.999999881,"type":"italy_guardrails_highway_bridge_heavy"}
{"ctxid":0,"pos":[209.367188,1207.43054,169.168396],"rotationMatrix":[0.998046994,0.062464688,0.000616445788,-0.0624647029,0.998047173,-1.43154466e-09,-0.000615242054,-3.85046733e-05,0.999999821],"scale":0.99999994,"type":"italy_guardrails_highway_bridge_heavy"}
{"ctxid":0,"pos":[206.325195,1207.23987,169.166382],"rotationMatrix":[0.998038232,0.0626031756,0.0007037287,-0.0626031905,0.998038471,-1.64629455e-07,-0.000702358608,-4.38913557e-05,0.999999762],"scale":1,"type":"italy_guardrails_highway_bridge_heavy"}
{"ctxid":0,"pos":[203.283203,1207.04883,169.164093],"rotationMatrix":[0.998030961,0.0627183393,0.000785709068,-0.0627183542,0.998031259,4.49836079e-09,-0.000784161908,-4.92828694e-05,0.999999702],"scale":0.99999994,"type":"italy_guardrails_highway_bridge_heavy"}
{"ctxid":0,"pos":[200.241699,1206.85742,169.161575],"rotationMatrix":[0.998025119,0.0628097057,0.000862414541,-0.0628097355,0.998025537,4.51054802e-08,-0.00086070894,-5.42130438e-05,0.999999642],"scale":0.99999994,"type":"italy_guardrails_highway_bridge_heavy"}
{"ctxid":0,"pos":[197.199219,1206.66589,169.158844],"rotationMatrix":[0.998020411,0.0628834665,0.000933510426,-0.0628834963,0.998020887,5.2705218e-08,-0.000931659539,-5.87549948e-05,0.999999583],"scale":0.99999994,"type":"italy_guardrails_highway_bridge_heavy"}
{"ctxid":0,"pos":[194.157715,1206.47412,169.155899],"rotationMatrix":[0.998016715,0.0629415214,0.000998790609,-0.0629415512,0.998017192,1.61810021e-07,-0.00099680014,-6.30269278e-05,0.999999523],"scale":1,"type":"italy_guardrails_highway_bridge_heavy"}
{"ctxid":0,"pos":[191.116211,1206.28235,169.152756],"rotationMatrix":[0.998014688,0.0629729331,0.00105744717,-0.0629729629,0.998015225,1.94875611e-07,-0.00105533609,-6.67850691e-05,0.999999464],"scale":1,"type":"italy_guardrails_highway_bridge_heavy"}
{"ctxid":0,"pos":[188.074219,1206.09021,169.149445],"rotationMatrix":[0.998014271,0.0629783943,0.00110990007,-0.062978439,0.998014867,5.6646968e-08,-0.0011076933,-6.99563097e-05,0.999999404],"scale":0.99999994,"type":"italy_guardrails_highway_bridge_heavy"}
{"ctxid":0,"pos":[185.032715,1205.89832,169.146011],"rotationMatrix":[0.998015583,0.0629572198,0.00115644641,-0.0629572645,0.998016238,-1.33190042e-07,-0.00115416071,-7.2673778e-05,0.999999344],"scale":0.99999994,"type":"italy_guardrails_highway_bridge_heavy"}
{"ctxid":0,"pos":[181.989746,1205.70654,169.142395],"rotationMatrix":[0.99801892,0.0629027262,0.00119385333,-0.0629027709,0.998019636,2.78341759e-08,-0.0011914873,-7.51244515e-05,0.999999285],"scale":0.99999994,"type":"italy_guardrails_highway_bridge_heavy"}
{"ctxid":0,"pos":[178.948242,1205.51489,169.138718],"rotationMatrix":[0.998024166,0.0628196821,0.00122438185,-0.0628197268,0.998024881,4.54638212e-08,-0.00122196064,-7.69607141e-05,0.999999225],"scale":0.99999994,"type":"italy_guardrails_highway_bridge_heavy"}
{"ctxid":0,"pos":[175.90625,1205.32361,169.134918],"rotationMatrix":[0.998031199,0.0627073646,0.0012493009,-0.0627074093,0.998031974,4.91272658e-08,-0.00124683918,-7.83894648e-05,0.999999225],"scale":0.99999994,"type":"italy_guardrails_highway_bridge_heavy"}
{"ctxid":0,"pos":[172.864258,1205.13269,169.131088],"rotationMatrix":[0.998039365,0.0625767335,0.00126671896,-0.0625767782,0.99804014,2.17853085e-07,-0.00126422278,-7.94846273e-05,0.999999225],"scale":0.99999994,"type":"italy_guardrails_highway_bridge_heavy"}
{"ctxid":0,"pos":[169.822266,1204.94226,169.127228],"rotationMatrix":[0.998049438,0.0624158718,0.00127485045,-0.0624159239,0.998050213,1.08058885e-07,-0.001272358,-7.96788081e-05,0.999999166],"scale":1,"type":"italy_guardrails_highway_bridge_heavy"}
{"ctxid":0,"pos":[166.780762,1204.75232,169.123306],"rotationMatrix":[0.998061597,0.0622212254,0.0012751387,-0.0622212775,0.998062372,1.25182851e-08,-0.0012726672,-7.93532527e-05,0.999999166],"scale":0.99999994,"type":"italy_guardrails_highway_bridge_heavy"}
{"ctxid":0,"pos":[163.737793,1204.56299,169.119446],"rotationMatrix":[0.998075902,0.0619906448,0.00126678182,-0.0619906969,0.998076737,-8.6856744e-08,-0.00126435084,-7.84419972e-05,0.999999225],"scale":0.99999994,"type":"italy_guardrails_highway_bridge_heavy"}
{"ctxid":0,"pos":[160.695801,1204.37427,169.115585],"rotationMatrix":[0.998086393,0.0618216917,0.00126610789,-0.0618217438,0.998087227,4.11309884e-08,-0.00126368366,-7.83140567e-05,0.999999225],"scale":0.999999881,"type":"italy_guardrails_highway_bridge_heavy"}
{"ctxid":0,"pos":[157.654785,1204.18604,169.111694],"rotationMatrix":[0.998073637,0.0620258525,0.00135474652,-0.0620259121,0.998074532,2.73648766e-08,-0.00135213626,-8.40567009e-05,0.999999106],"scale":0.99999994,"type":"italy_guardrails_highway_bridge_heavy"}
{"ctxid":0,"pos":[154.612305,1203.99585,169.107285],"rotationMatrix":[0.998031735,0.0626925826,0.0015329594,-0.0626926571,0.998032868,-2.92093318e-08,-0.00152994564,-9.60761536e-05,0.999998808],"scale":0.999999881,"type":"italy_guardrails_highway_bridge_heavy"}
{"ctxid":0,"pos":[151.570801,1203.80383,169.102341],"rotationMatrix":[0.997997582,0.0632293746,0.00168431818,-0.063229464,0.997999012,1.23884092e-07,-0.00168094004,-0.000106622174,0.999998569],"scale":0.99999994,"type":"italy_guardrails_highway_bridge_heavy"}
{"ctxid":0,"pos":[148.529297,1203.61035,169.097],"rotationMatrix":[0.99796772,0.0636959597,0.00181441836,-0.0636960641,0.997969329,9.45583452e-08,-0.00181072776,-0.000115665665,0.999998331],"scale":1,"type":"italy_guardrails_highway_bridge_heavy"}
{"ctxid":0,"pos":[145.487305,1203.41565,169.091293],"rotationMatrix":[0.997941017,0.0641089976,0.00192752527,-0.0641091168,0.997942924,5.35364961e-08,-0.00192355667,-0.000123625359,0.999998152],"scale":0.999999881,"type":"italy_guardrails_highway_bridge_heavy"}
{"ctxid":0,"pos":[142.445801,1203.2196,169.085281],"rotationMatrix":[0.997916341,0.0644889474,0.00202764594,-0.0644890815,0.997918427,8.137431e-08,-0.00202342006,-0.000130842222,0.999997973],"scale":0.99999994,"type":"italy_guardrails_highway_bridge_heavy"}
{"ctxid":0,"pos":[139.403809,1203.02258,169.078934],"rotationMatrix":[0.99789536,0.0648098812,0.00211410224,-0.0648100302,0.997897625,7.1064278e-08,-0.00210965285,-0.000137085939,0.999997795],"scale":0.99999994,"type":"italy_guardrails_highway_bridge_heavy"}
{"ctxid":0,"pos":[136.362793,1202.82483,169.072388],"rotationMatrix":[0.997878253,0.0650708675,0.00219102274,-0.0650710166,0.997880638,-9.60790203e-08,-0.00218638522,-0.00014247623,0.999997616],"scale":0.99999994,"type":"italy_guardrails_highway_bridge_heavy"}
{"ctxid":0,"pos":[133.320801,1202.62598,169.065613],"rotationMatrix":[0.997861624,0.0653230473,0.00225826004,-0.0653232113,0.997864187,2.11730367e-07,-0.00225342275,-0.00014772806,0.999997437],"scale":1,"type":"italy_guardrails_highway_bridge_heavy"}
{"ctxid":0,"pos":[130.280273,1202.42651,169.058624],"rotationMatrix":[0.997847438,0.0655371547,0.00231628958,-0.0655373335,0.99785012,9.02218744e-08,-0.00231130375,-0.000151893444,0.999997318],"scale":1,"type":"italy_guardrails_highway_bridge_heavy"}
{"ctxid":0,"pos":[127.23877,1202.22632,169.051468],"rotationMatrix":[0.99783349,0.0657476857,0.00236757542,-0.0657478645,0.997836292,9.76870069e-08,-0.00236244616,-0.000155760514,0.999997199],"scale":0.99999994,"type":"italy_guardrails_highway_bridge_heavy"}
{"ctxid":0,"pos":[124.197754,1202.02563,169.044189],"rotationMatrix":[0.99782151,0.0659272969,0.00241367356,-0.0659274906,0.99782443,9.22591425e-08,-0.00240841624,-0.000159219504,0.999997079],"scale":1,"type":"italy_guardrails_highway_bridge_heavy"}
{"ctxid":0,"pos":[121.15625,1201.82446,169.036774],"rotationMatrix":[0.997809708,0.0661042929,0.00245471415,-0.0661044866,0.997812688,1.64756784e-07,-0.0024493339,-0.000162431999,0.99999696],"scale":0.999999881,"type":"italy_guardrails_highway_bridge_heavy"}
{"ctxid":0,"pos":[118.115234,1201.62292,169.029221],"rotationMatrix":[0.997800231,0.0662453473,0.0024885824,-0.0662455559,0.99780333,1.75466994e-07,-0.00248310436,-0.000165032601,0.999996901],"scale":0.99999994,"type":"italy_guardrails_highway_bridge_heavy"}
{"ctxid":0,"pos":[115.074219,1201.42065,169.021591],"rotationMatrix":[0.997792959,0.0663538277,0.00251983176,-0.0663540363,0.997796118,5.65851224e-08,-0.00251427456,-0.000167257473,0.999996841],"scale":0.99999994,"type":"italy_guardrails_highway_bridge_heavy"}
{"ctxid":0,"pos":[112.032715,1201.21814,169.01387],"rotationMatrix":[0.997785389,0.0664663464,0.00254792254,-0.066466555,0.997788668,7.65721779e-08,-0.00254228292,-0.000169428036,0.999996781],"scale":1,"type":"italy_guardrails_highway_bridge_heavy"}
{"ctxid":0,"pos":[108.991699,1201.01562,169.006058],"rotationMatrix":[0.997779369,0.0665560216,0.0025690503,-0.0665562451,0.997782648,-2.49929144e-08,-0.00256335572,-0.00017096143,0.999996722],"scale":0.99999994,"type":"italy_guardrails_highway_bridge_heavy"}
{"ctxid":0,"pos":[105.950195,1200.81262,168.998215],"rotationMatrix":[0.997773051,0.0666502267,0.00258625881,-0.0666504502,0.997776389,-4.57803253e-08,-0.00258051115,-0.000172329615,0.999996662],"scale":0.999999881,"type":"italy_guardrails_highway_bridge_heavy"}
{"ctxid":0,"pos":[102.909668,1200.60925,168.990295],"rotationMatrix":[0.997768104,0.0667232573,0.00260250084,-0.0667234808,0.997771502,3.39132384e-08,-0.0025966987,-0.000173681736,0.999996603],"scale":1,"type":"italy_guardrails_highway_bridge_heavy"}
{"ctxid":0,"pos":[99.8676758,1200.40576,168.982361],"rotationMatrix":[0.997764885,0.0667708293,0.00261439849,-0.0667710528,0.997768342,1.64625817e-07,-0.00260855304,-0.000174730405,0.999996603],"scale":1,"type":"italy_guardrails_highway_bridge_heavy"}
{"ctxid":0,"pos":[96.8271484,1200.20227,168.97438],"rotationMatrix":[0.997762501,0.0668067485,0.00262308167,-0.066806972,0.997765899,-3.98722477e-09,-0.00261722179,-0.000175236171,0.999996543],"scale":1,"type":"italy_guardrails_highway_bridge_heavy"}
{"ctxid":0,"pos":[93.7861328,1199.99854,168.96637],"rotationMatrix":[0.997759938,0.0668445751,0.00262940838,-0.0668448135,0.997763395,-1.23254722e-08,-0.00262352801,-0.000175749999,0.999996543],"scale":0.99999994,"type":"italy_guardrails_highway_bridge_heavy"}
{"ctxid":0,"pos":[90.7456055,1199.7948,168.958344],"rotationMatrix":[0.997758389,0.0668674037,0.00263291132,-0.0668676421,0.997761846,5.12227416e-08,-0.00262701511,-0.000176107686,0.999996543],"scale":0.999999881,"type":"italy_guardrails_highway_bridge_heavy"}
{"ctxid":0,"pos":[87.7041016,1199.59106,168.950317],"rotationMatrix":[0.997756481,0.0668957159,0.00263232179,-0.0668959543,0.997759938,3.35712684e-08,-0.00262642326,-0.000176125177,0.999996543],"scale":0.99999994,"type":"italy_guardrails_highway_bridge_heavy"}
{"ctxid":0,"pos":[84.6635742,1199.38708,168.942307],"rotationMatrix":[0.997755885,0.066904515,0.00263152248,-0.0669047534,0.997759342,9.09276423e-08,-0.00262562023,-0.000176152069,0.999996543],"scale":0.99999994,"type":"italy_guardrails_highway_bridge_heavy"}
{"ctxid":0,"pos":[81.6220703,1199.18286,168.93428],"rotationMatrix":[0.997754514,0.0669254512,0.00262679416,-0.0669256747,0.997757971,-1.15738658e-07,-0.00262091239,-0.000175684516,0.999996543],"scale":0.99999994,"type":"italy_guardrails_highway_bridge_heavy"}
{"ctxid":0,"pos":[78.5810547,1198.97913,168.926285],"rotationMatrix":[0.997754514,0.0669261664,0.00262017897,-0.0669263899,0.997757912,6.283517e-08,-0.0026143,-0.000175421825,0.999996543],"scale":0.99999994,"type":"italy_guardrails_highway_bridge_heavy"}
{"ctxid":0,"pos":[75.5405273,1198.77515,168.91832],"rotationMatrix":[0.997755885,0.0669061914,0.0026103924,-0.0669064149,0.997759283,-5.04223863e-09,-0.0026045437,-0.000174646964,0.999996603],"scale":0.99999994,"type":"italy_guardrails_highway_bridge_heavy"}
{"ctxid":0,"pos":[72.4995117,1198.57129,168.910385],"rotationMatrix":[0.997757792,0.0668778792,0.00259997556,-0.0668781027,0.99776113,1.19325705e-09,-0.00259415433,-0.000173882625,0.999996603],"scale":0.99999994,"type":"italy_guardrails_highway_bridge_heavy"}
{"ctxid":0,"pos":[69.4584961,1198.36743,168.902466],"rotationMatrix":[0.997759461,0.0668536201,0.0025863538,-0.0668538436,0.997762799,2.47746357e-08,-0.0025805661,-0.000172932399,0.999996662],"scale":0.99999994,"type":"italy_guardrails_highway_bridge_heavy"}
{"ctxid":0,"pos":[66.4169922,1198.16382,168.894608],"rotationMatrix":[0.997762501,0.0668086633,0.00257020281,-0.0668088868,0.997765779,7.51169864e-08,-0.00256445562,-0.000171787338,0.999996722],"scale":0.99999994,"type":"italy_guardrails_highway_bridge_heavy"}
{"ctxid":0,"pos":[63.3759766,1197.96021,168.886795],"rotationMatrix":[0.997766018,0.0667568073,0.00255222991,-0.0667570308,0.997769237,-1.01033947e-07,-0.00254654326,-0.000170278479,0.999996722],"scale":0.99999994,"type":"italy_guardrails_highway_bridge_heavy"}
{"ctxid":0,"pos":[60.3344727,1197.75696,168.879044],"rotationMatrix":[0.997769296,0.0667080432,0.00253262674,-0.0667082518,0.997772515,1.51943823e-07,-0.002526975,-0.000169098697,0.999996781],"scale":0.99999994,"type":"italy_guardrails_highway_bridge_heavy"}
{"ctxid":0,"pos":[57.293457,1197.55359,168.871353],"rotationMatrix":[0.997773707,0.0666435808,0.00250917859,-0.0666437894,0.997776806,1.72549335e-07,-0.0025035888,-0.000167393329,0.999996841],"scale":0.999999881,"type":"italy_guardrails_highway_bridge_heavy"}
{"ctxid":0,"pos":[54.2524414,1197.35059,168.863754],"rotationMatrix":[0.997777343,0.0665898249,0.00248332485,-0.0665900335,0.997780442,1.32160494e-07,-0.00247780397,-0.000165496531,0.999996901],"scale":0.99999994,"type":"italy_guardrails_highway_bridge_heavy"}
{"ctxid":0,"pos":[51.2114258,1197.14771,168.856232],"rotationMatrix":[0.99778229,0.0665167943,0.00245573884,-0.066516988,0.99778527,4.4972694e-08,-0.00245029712,-0.000163393241,0.99999696],"scale":0.999999881,"type":"italy_guardrails_highway_bridge_heavy"}
{"ctxid":0,"pos":[48.1704102,1196.94507,168.848801],"rotationMatrix":[0.997788131,0.0664299726,0.00242642593,-0.0664301664,0.997791052,-1.18816388e-08,-0.0024210671,-0.000161176024,0.999997079],"scale":1,"type":"italy_guardrails_highway_bridge_heavy"}
{"ctxid":0,"pos":[45.1298828,1196.74292,168.841446],"rotationMatrix":[0.997793496,0.0663505197,0.00239509321,-0.0663507134,0.997796357,7.10861059e-08,-0.00238981075,-0.000158987066,0.999997139],"scale":0.99999994,"type":"italy_guardrails_highway_bridge_heavy"}
{"ctxid":0,"pos":[42.0883789,1196.54077,168.834198],"rotationMatrix":[0.997799993,0.0662536994,0.00236202707,-0.0662538782,0.997802794,1.86992111e-08,-0.00235683587,-0.00015651212,0.999997199],"scale":0.99999994,"type":"italy_guardrails_highway_bridge_heavy"}
{"ctxid":0,"pos":[39.046875,1196.33899,168.827042],"rotationMatrix":[0.997807622,0.066140227,0.00232630945,-0.0661404058,0.997810304,1.96923793e-07,-0.00232120254,-0.000154059555,0.999997318],"scale":0.99999994,"type":"italy_guardrails_highway_bridge_heavy"}
{"ctxid":0,"pos":[36.0058594,1196.13757,168.820007],"rotationMatrix":[0.997814655,0.0660355613,0.00228666095,-0.0660357401,0.997817278,2.70956662e-08,-0.00228166813,-0.000151028376,0.999997377],"scale":0.99999994,"type":"italy_guardrails_highway_bridge_heavy"}
{"ctxid":0,"pos":[32.9643555,1195.93652,168.813095],"rotationMatrix":[0.997822881,0.0659128129,0.00224486482,-0.0659129769,0.997825384,-1.37006282e-08,-0.00223998376,-0.000147952029,0.999997497],"scale":1,"type":"italy_guardrails_highway_bridge_heavy"}
{"ctxid":0,"pos":[29.9238281,1195.73572,168.80632],"rotationMatrix":[0.99783057,0.0657971948,0.00220146752,-0.0657973588,0.997833014,-1.46246748e-08,-0.00219669775,-0.000144836158,0.999997556],"scale":0.999999881,"type":"italy_guardrails_highway_bridge_heavy"}
{"ctxid":0,"pos":[26.8818359,1195.5354,168.799683],"rotationMatrix":[0.997839272,0.0656663552,0.00216507772,-0.0656665042,0.997841597,1.87377736e-07,-0.00216039224,-0.000142360077,0.999997675],"scale":1,"type":"italy_guardrails_highway_bridge_heavy"}
{"ctxid":0,"pos":[23.8408203,1195.33545,168.793137],"rotationMatrix":[0.997849286,0.0655152872,0.00213230099,-0.0655154362,0.997851551,3.44807631e-08,-0.00212771748,-0.000139733049,0.999997735],"scale":0.99999994,"type":"italy_guardrails_highway_bridge_heavy"}
{"ctxid":0,"pos":[20.7998047,1195.13599,168.786667],"rotationMatrix":[0.997858644,0.0653737411,0.00210399623,-0.0653738901,0.997860849,-1.11031113e-07,-0.0020995026,-0.000137435607,0.999997795],"scale":0.99999994,"type":"italy_guardrails_highway_bridge_heavy"}
{"ctxid":0,"pos":[17.7583008,1194.93689,168.780304],"rotationMatrix":[0.997867048,0.065245986,0.00207654107,-0.0652461201,0.997869194,-4.97166184e-08,-0.00207211962,-0.000135436654,0.999997854],"scale":0.999999881,"type":"italy_guardrails_highway_bridge_heavy"}
{"ctxid":0,"pos":[14.7167969,1194.73828,168.774017],"rotationMatrix":[0.997875333,0.0651196614,0.00205102703,-0.0651197955,0.997877479,2.79615051e-08,-0.0020466717,-0.000133590365,0.999997914],"scale":0.99999994,"type":"italy_guardrails_highway_bridge_heavy"}
{"ctxid":0,"pos":[11.675293,1194.54016,168.767807],"rotationMatrix":[0.997882545,0.0650102198,0.00202424708,-0.0650103539,0.997884572,4.19458956e-08,-0.00201996206,-0.000131638866,0.999997973],"scale":0.99999994,"type":"italy_guardrails_highway_bridge_heavy"}
{"ctxid":0,"pos":[8.63378906,1194.34204,168.761688],"rotationMatrix":[0.997892022,0.0648655668,0.00199944689,-0.0648657009,0.997893989,6.59929356e-08,-0.00199523172,-0.000129761363,0.999997973],"scale":0.99999994,"type":"italy_guardrails_highway_bridge_heavy"}
{"ctxid":0,"pos":[5.59228516,1194.14453,168.755646],"rotationMatrix":[0.997900009,0.0647430569,0.00197380548,-0.0647431761,0.997901976,9.201176e-08,-0.0019696583,-0.000127882246,0.999998033],"scale":0.99999994,"type":"italy_guardrails_highway_bridge_heavy"}
{"ctxid":0,"pos":[2.55126953,1193.94739,168.749649],"rotationMatrix":[0.997908294,0.0646160021,0.00194841076,-0.0646161214,0.997910202,-5.732727e-08,-0.00194434274,-0.000125841558,0.999998093],"scale":1,"type":"italy_guardrails_highway_bridge_heavy"}
{"ctxid":0,"pos":[-0.489746094,1193.75073,168.743744],"rotationMatrix":[0.997915089,0.0645120367,0.00192513049,-0.064512156,0.997916937,-4.74683475e-08,-0.00192112324,-0.000124146944,0.999998152],"scale":0.99999994,"type":"italy_guardrails_highway_bridge_heavy"}
{"ctxid":0,"pos":[-3.53125,1193.5542,168.737915],"rotationMatrix":[0.997922301,0.0644011721,0.00190054055,-0.0644012913,0.997924089,-1.17906893e-07,-0.00189660268,-0.000122279598,0.999998212],"scale":1,"type":"italy_guardrails_highway_bridge_heavy"}
{"ctxid":0,"pos":[-6.57226562,1193.35815,168.732162],"rotationMatrix":[0.997930229,0.064278163,0.00187558099,-0.0642782822,0.997932017,1.27623935e-07,-0.00187169411,-0.000120686469,0.999998212],"scale":0.999999881,"type":"italy_guardrails_highway_bridge_heavy"}
{"ctxid":0,"pos":[-9.61474609,1193.16223,168.726471],"rotationMatrix":[0.997936726,0.0641782358,0.00185090362,-0.0641783401,0.997938454,-3.99850251e-08,-0.00184709055,-0.000118748037,0.999998271],"scale":0.999999881,"type":"italy_guardrails_highway_bridge_heavy"}
{"ctxid":0,"pos":[-12.6557617,1192.9668,168.720871],"rotationMatrix":[0.997944176,0.0640628412,0.00182648515,-0.0640629455,0.997945845,-3.54848453e-08,-0.00182273565,-0.000116974625,0.999998331],"scale":0.99999994,"type":"italy_guardrails_highway_bridge_heavy"}
{"ctxid":0,"pos":[-15.6972656,1192.77173,168.715347],"rotationMatrix":[0.997951984,0.0639422238,0.00180248753,-0.0639423281,0.997953594,-4.2571628e-08,-0.00179880159,-0.000115212752,0.999998391],"scale":0.99999994,"type":"italy_guardrails_highway_bridge_heavy"}
{"ctxid":0,"pos":[-18.7397461,1192.57727,168.709885],"rotationMatrix":[0.997958302,0.0638444349,0.00178093335,-0.0638445392,0.997959852,-1.51110726e-07,-0.00177730958,-0.000113552058,0.999998391],"scale":1,"type":"italy_guardrails_highway_bridge_heavy"}
{"ctxid":0,"pos":[-21.78125,1192.38257,168.704483],"rotationMatrix":[0.99796474,0.0637440234,0.00175854424,-0.0637441278,0.99796629,2.01689545e-08,-0.00175496656,-0.000112116999,0.99999845],"scale":0.99999994,"type":"italy_guardrails_highway_bridge_heavy"}
{"ctxid":0,"pos":[-24.8232422,1192.1886,168.699173],"rotationMatrix":[0.997970164,0.0636593252,0.00173281867,-0.0636594146,0.997971654,-1.31331035e-08,-0.00172930479,-0.000110297122,0.99999851],"scale":0.99999994,"type":"italy_guardrails_highway_bridge_heavy"}
{"ctxid":0,"pos":[-27.8642578,1191.99463,168.693939],"rotationMatrix":[0.997978151,0.0635353625,0.00170789391,-0.0635354519,0.997979581,1.54250301e-09,-0.00170444313,-0.000108513355,0.999998569],"scale":0.999999881,"type":"italy_guardrails_highway_bridge_heavy"}
{"ctxid":0,"pos":[-30.9057617,1191.80127,168.688751],"rotationMatrix":[0.997984648,0.0634330511,0.00168470619,-0.0634331405,0.997986078,2.34897016e-07,-0.00168129848,-0.000107100634,0.999998569],"scale":0.99999994,"type":"italy_guardrails_highway_bridge_heavy"}
{"ctxid":0,"pos":[-33.9477539,1191.60791,168.683655],"rotationMatrix":[0.997991145,0.0633321702,0.0016613336,-0.0633322597,0.997992516,-3.53793439e-08,-0.00165800063,-0.00010518069,0.999998629],"scale":0.99999994,"type":"italy_guardrails_highway_bridge_heavy"}
{"ctxid":0,"pos":[-36.9892578,1191.41528,168.67865],"rotationMatrix":[0.997996211,0.0632529333,0.00163813285,-0.0632530227,0.997997522,-2.46909622e-07,-0.00163486809,-0.000103370439,0.999998629],"scale":0.99999994,"type":"italy_guardrails_highway_bridge_heavy"}
{"ctxid":0,"pos":[-40.03125,1191.22241,168.673676],"rotationMatrix":[0.998003185,0.0631430149,0.00161278993,-0.0631430894,0.998004496,-1.57080649e-07,-0.00160958152,-0.000101679776,0.999998689],"scale":0.99999994,"type":"italy_guardrails_highway_bridge_heavy"}
{"ctxid":0,"pos":[-43.0732422,1191.03027,168.668808],"rotationMatrix":[0.998008609,0.0630583093,0.00158737344,-0.0630583838,0.998009861,2.49783625e-07,-0.00158419856,-0.0001003465,0.999998748],"scale":0.99999994,"type":"italy_guardrails_highway_bridge_heavy"}
{"ctxid":0,"pos":[-46.1142578,1190.83826,168.664001],"rotationMatrix":[0.998014987,0.0629578903,0.00156278617,-0.0629579648,0.998016179,2.18693458e-07,-0.00155967206,-9.86080995e-05,0.999998808],"scale":1,"type":"italy_guardrails_highway_bridge_heavy"}
{"ctxid":0,"pos":[-49.15625,1190.64648,168.659271],"rotationMatrix":[0.998021722,0.0628515407,0.0015355791,-0.0628516153,0.998022854,1.93067535e-08,-0.00153254182,-9.65328945e-05,0.999998808],"scale":0.99999994,"type":"italy_guardrails_highway_bridge_heavy"}
{"ctxid":0,"pos":[-52.1982422,1190.45496,168.654648],"rotationMatrix":[0.998027563,0.0627589747,0.00151069835,-0.0627590492,0.998028696,2.87800503e-08,-0.00150771858,-9.48387169e-05,0.999998868],"scale":0.99999994,"type":"italy_guardrails_highway_bridge_heavy"}
{"ctxid":0,"pos":[-55.2402344,1190.26392,168.65007],"rotationMatrix":[0.998035192,0.0626383349,0.00148265634,-0.0626384094,0.998036265,1.13643182e-07,-0.00147973781,-9.29846574e-05,0.999998927],"scale":0.99999994,"type":"italy_guardrails_highway_bridge_heavy"}
