{"ctxid":0,"pos":[-1105.80005,-747.822021,407.082001],"rotationMatrix":[0.992823958,0.119585067,0,-0.119585067,0.992823958,0,0,0,1],"scale":1,"type":"italy_fence_mesh_6m_conc_base"}
{"ctxid":0,"pos":[-1099.69995,-747.479004,407.084991],"rotationMatrix":[1,0,0,0,1,0,0,0,1],"scale":1,"type":"italy_fence_mesh_6m_conc_base"}
{"ctxid":0,"pos":[-1093.57996,-747.901978,407.109009],"rotationMatrix":[0.991314411,-0.131513268,0,0.131513268,0.991314411,0,0,0,1],"scale":1,"type":"italy_fence_mesh_6m_conc_base"}
{"ctxid":0,"pos":[-1111.78003,-749.140015,407.084991],"rotationMatrix":[0.960631847,0.277824491,0,-0.277824491,0.960631847,0,0,0,1],"scale":1,"type":"italy_fence_mesh_6m_conc_base"}
{"ctxid":0,"pos":[-1087.62,-749.226013,407.141998],"rotationMatrix":[0.956073523,-0.293126971,0,0.293126971,0.956073523,0,0,0,1],"scale":1,"type":"italy_fence_mesh_6m_conc_base"}
{"ctxid":0,"pos":[-1117.43994,-751.43103,407.083008],"rotationMatrix":[0.882484436,0.470341593,0,-0.470341593,0.882484436,0,0,0,1],"scale":1,"type":"italy_fence_mesh_6m_conc_base"}
{"ctxid":0,"pos":[-1122.68005,-754.655029,407.070007],"rotationMatrix":[0.818918347,0.573910058,0,-0.573910058,0.818918347,0,0,0,1],"scale":1,"type":"italy_fence_mesh_6m_conc_base"}
{"ctxid":0,"pos":[-1082.02002,-751.656006,407.096008],"rotationMatrix":[0.861346245,-0.508018374,0,0.508018374,0.861346245,0,0,0,1],"scale":1,"type":"italy_fence_mesh_6m_conc_base"}
{"ctxid":0,"pos":[-1076.47998,-754.237976,407.079987],"rotationMatrix":[0.949055672,-0.315108448,0,0.315108448,0.949055672,0,0,0,1],"scale":1,"type":"italy_fence_mesh_6m_conc_base"}
{"ctxid":0,"pos":[-1070.53003,-754.676025,407.078003],"rotationMatrix":[0.985921621,0.16720812,0,-0.16720812,0.985921621,0,0,0,1],"scale":1,"type":"italy_fence_mesh_6m_conc_base"}
{"ctxid":0,"pos":[-1127.39001,-758.265991,407.057007],"rotationMatrix":[0.767437935,0.641123235,0,-0.641123235,0.767437935,0,0,0,1],"scale":1,"type":"italy_fence_mesh_6m_conc_base"}
{"ctxid":0,"pos":[-1132.56995,-761.409973,407.066986],"rotationMatrix":[0.921116114,0.389287949,0,-0.389287949,0.921116114,0,0,0,1],"scale":1,"type":"italy_fence_mesh_6m_conc_base"}
{"ctxid":0,"pos":[-124.092003,384.623993,179.181],"rotationMatrix":[0.993014336,-0.117993765,0,0.117993765,0.993014336,0,0,0,1],"scale":1,"type":"italy_fence_mesh_6m_conc_base"}
{"ctxid":0,"pos":[-118.142998,384.011993,179.179993],"rotationMatrix":[0.996387482,-0.0849234164,0,0.0849234164,0.996387482,0,0,0,1],"scale":1,"type":"italy_fence_mesh_6m_conc_base"}
{"ctxid":0,"pos":[-112.178001,383.60199,179.184006],"rotationMatrix":[0.998584151,-0.0531814173,0.00119561644,0.0531814173,0.998584867,3.18148122e-05,-0.00119561644,3.18148122e-05,0.999999285],"scale":1,"type":"italy_fence_mesh_6m_conc_base"}
{"ctxid":0,"pos":[-106.203003,383.371002,179.194],"rotationMatrix":[0.999700785,-0.0243954509,0.00178971386,0.0243948307,0.999702334,0.000367125962,-0.00179813732,-0.000323356333,0.999998331],"scale":1,"type":"italy_fence_mesh_6m_conc_base"}
{"ctxid":0,"pos":[-100.223,383.30899,179.207001],"rotationMatrix":[0.999990702,0.00358811137,0.00239207433,-0.00358811137,0.999993563,-4.29153442e-06,-0.00239207433,-4.29153442e-06,0.999997139],"scale":1,"type":"italy_fence_mesh_6m_conc_base"}
{"ctxid":0,"pos":[-94.2445984,383.417999,179.222],"rotationMatrix":[0.99943161,0.0335945114,0.00280456361,-0.0335945114,0.999435544,-4.71223648e-05,-0.00280456361,-4.71223648e-05,0.999996066],"scale":1,"type":"italy_fence_mesh_6m_conc_base"}
{"ctxid":0,"pos":[-88.2720032,383.720001,179.238998],"rotationMatrix":[0.997669935,0.0681593716,0.00300013088,-0.0681603998,0.997674346,0.000243103947,-0.00297658402,-0.000447027647,0.99999547],"scale":1,"type":"italy_fence_mesh_6m_conc_base"}
{"ctxid":0,"pos":[-82.3163986,384.253998,179.257004],"rotationMatrix":[0.993610978,0.112819292,0.00300515629,-0.112819292,0.993615508,-0.000170063067,-0.00300515629,-0.000170063067,0.99999547],"scale":1,"type":"italy_fence_mesh_6m_conc_base"}
{"ctxid":0,"pos":[-76.3989029,385.110992,179.274002],"rotationMatrix":[0.983760595,0.179467186,0.00257323054,-0.179467186,0.983763933,-0.000232795443,-0.00257323054,-0.000232795443,0.999996662],"scale":1,"type":"italy_fence_mesh_6m_conc_base"}
{"ctxid":0,"pos":[-70.589798,386.518005,179.285995],"rotationMatrix":[0.950826883,0.309720576,0.00118509401,-0.309720963,0.950827479,0.000161441159,-0.00107681821,-0.000520551053,0.999999285],"scale":1,"type":"italy_fence_mesh_6m_conc_base"}
{"ctxid":0,"pos":[-65.1519012,388.988007,179.283997],"rotationMatrix":[0.872788668,0.488094896,-0.00182314264,-0.488095492,0.872790217,0.000118355856,0.00164898997,0.000786568096,0.999998331],"scale":1,"type":"italy_fence_mesh_6m_conc_base"}
{"ctxid":0,"pos":[-60.1269989,392.22699,179.266998],"rotationMatrix":[0.808536768,0.588433504,-0.00378211169,-0.588437617,0.808542609,2.63620368e-05,0.00307351071,0.00220422214,0.999992847],"scale":1,"type":"italy_fence_mesh_6m_conc_base"}
{"ctxid":0,"pos":[-55.4604988,395.964996,179.242004],"rotationMatrix":[0.754571795,0.65620333,-0.0043116915,-0.656209707,0.75457859,-7.66779704e-05,0.00320319366,0.00288723269,0.999990702],"scale":1,"type":"italy_fence_mesh_6m_conc_base"}
{"ctxid":0,"pos":[-51.0727997,400.027008,179.216995],"rotationMatrix":[0.715433836,0.69866991,-0.00384400366,-0.698674858,0.71543932,7.43906858e-05,0.00280212588,0.0026324871,0.999992609],"scale":1,"type":"italy_fence_mesh_6m_conc_base"}
{"ctxid":0,"pos":[-46.8740005,404.283997,179.197998],"rotationMatrix":[0.691256762,0.722605288,-0.00239174254,-0.722607374,0.691258669,-4.00676363e-05,0.00162435963,0.00175598788,0.999997139],"scale":1,"type":"italy_fence_mesh_6m_conc_base"}
{"ctxid":0,"pos":[-42.7778015,408.639008,179.188995],"rotationMatrix":[0.679839849,0.733360469,-0.000447507744,-0.733360469,0.679839969,0.000195334025,0.000447483908,0.000195388639,0.999999881],"scale":1,"type":"italy_fence_mesh_6m_conc_base"}
{"ctxid":0,"pos":[-38.8871994,413.178986,179.186005],"rotationMatrix":[0.625194788,0.780468166,-0.000973751477,-0.780468583,0.625195026,-7.40414907e-05,0.00055099756,0.000806272787,0.999999523],"scale":1,"type":"italy_fence_mesh_6m_conc_base"}
{"ctxid":0,"pos":[-35.2388,417.916992,179.179993],"rotationMatrix":[0.598770857,0.800919771,-0.000974852592,-0.800920188,0.598771095,-5.77626997e-05,0.000537450251,0.000815365755,0.999999523],"scale":1,"type":"italy_fence_mesh_6m_conc_base"}
{"ctxid":0,"pos":[-31.6926003,422.731995,179.175003],"rotationMatrix":[0.589762926,0.807575822,-0.000975160801,-0.807576239,0.589763165,-5.23024937e-05,0.000532875652,0.000818362751,0.999999523],"scale":1,"type":"italy_fence_mesh_6m_conc_base"}
{"ctxid":0,"pos":[-28.1636009,427.561005,179.169998],"rotationMatrix":[0.592295289,0.805720687,-0.000689483946,-0.805720866,0.592295408,-3.80657111e-05,0.000377707853,0.000578077743,0.999999762],"scale":1,"type":"italy_fence_mesh_6m_conc_base"}
{"ctxid":0,"pos":[-24.5893993,432.355988,179.167007],"rotationMatrix":[0.604305863,0.796752274,-0.000437319279,-0.796752274,0.604305983,0.00021718748,0.000437319279,0.00021718748,0.999999881],"scale":1,"type":"italy_fence_mesh_6m_conc_base"}
{"ctxid":0,"pos":[-20.9185009,437.075989,179.166],"rotationMatrix":[0.624848843,0.780745745,0,-0.780745745,0.624848843,0,0,0,1],"scale":1,"type":"italy_fence_mesh_6m_conc_base"}
{"ctxid":0,"pos":[-17.0991001,441.675995,179.167999],"rotationMatrix":[0.654220581,0.756303489,0.000687434862,-0.756303668,0.6542207,6.53484531e-05,-0.000400310848,-0.000562661793,0.999999762],"scale":1,"type":"italy_fence_mesh_6m_conc_base"}
{"ctxid":0,"pos":[-13.0756998,446.098999,179.173996],"rotationMatrix":[0.692984819,0.720950902,0.00137096795,-0.720951676,0.692985296,0.000166717451,-0.000829865516,-0.00110393437,0.999999046],"scale":1,"type":"italy_fence_mesh_6m_conc_base"}
{"ctxid":0,"pos":[-8.85990047,450.341003,179.182007],"rotationMatrix":[0.71498704,0.699136853,0.00108863227,-0.69913733,0.714987397,8.35007086e-05,-0.000719979929,-0.000820805377,0.999999404],"scale":1,"type":"italy_fence_mesh_6m_conc_base"}
{"ctxid":0,"pos":[-4.52780008,454.463013,179.188004],"rotationMatrix":[0.733257532,0.679950595,0.000787312631,-0.679950595,0.73325789,-0.000308859861,-0.000787312631,-0.000308859861,0.999999642],"scale":1,"type":"italy_fence_mesh_6m_conc_base"}
{"ctxid":0,"pos":[-0.0932999998,458.475006,179.192001],"rotationMatrix":[0.749651074,0.661833107,0.000445090933,-0.661833227,0.749651074,0.000200780036,-0.000200780036,-0.000445090933,0.999999881],"scale":1,"type":"italy_fence_mesh_6m_conc_base"}
{"ctxid":0,"pos":[-183.042999,394.638,179.205994],"rotationMatrix":[0.986617565,-0.163051471,0,0.163051471,0.986617565,0,0,0,1],"scale":1,"type":"italy_fence_mesh_6m_conc_base"}
{"ctxid":0,"pos":[-177.147995,393.626007,179.205002],"rotationMatrix":[0.984722376,-0.174131334,-0.000343945721,0.174131334,0.984722495,-3.01763775e-05,0.000343945721,-3.01763775e-05,1],"scale":1,"type":"italy_fence_mesh_6m_conc_base"}
{"ctxid":0,"pos":[-171.261993,392.56601,179.203003],"rotationMatrix":[0.983727813,-0.17966488,-0.000343859545,0.17966488,0.983727932,-3.11431249e-05,0.000343859545,-3.11431249e-05,1],"scale":1,"type":"italy_fence_mesh_6m_conc_base"}
{"ctxid":0,"pos":[-165.380997,391.484009,179.199997],"rotationMatrix":[0.983328581,-0.181837574,0,0.181837574,0.983328581,0,0,0,1],"scale":1,"type":"italy_fence_mesh_6m_conc_base"}
{"ctxid":0,"pos":[-159.5,390.397003,179.197006],"rotationMatrix":[0.983437777,-0.181244776,-0.000687668798,0.181244776,0.983438015,-6.28385606e-05,0.000687668798,-6.28385606e-05,0.999999762],"scale":1,"type":"italy_fence_mesh_6m_conc_base"}
{"ctxid":0,"pos":[-153.617996,389.320007,179.194],"rotationMatrix":[0.983943462,-0.178479105,-0.000687756459,0.178479105,0.983943701,-6.18718041e-05,0.000687756459,-6.18718041e-05,0.999999762],"scale":1,"type":"italy_fence_mesh_6m_conc_base"}
{"ctxid":0,"pos":[-147.731003,388.265991,179.190994],"rotationMatrix":[0.984827042,-0.173537627,-0.000625819899,0.173537835,0.984827161,0.000291867327,0.000565674505,-0.000396042276,0.999999762],"scale":1,"type":"italy_fence_mesh_6m_conc_base"}
{"ctxid":0,"pos":[-141.837997,387.248993,179.188004],"rotationMatrix":[0.986122012,-0.166021049,-0.000624702254,0.166021243,0.986122131,0.000294251862,0.000567180745,-0.000393882103,0.999999762],"scale":1,"type":"italy_fence_mesh_6m_conc_base"}
{"ctxid":0,"pos":[-135.936005,386.286011,179.184998],"rotationMatrix":[0.987863064,-0.155326903,-0.000344217755,0.155326903,0.987863183,-2.68963595e-05,0.000344217755,-2.68963595e-05,1],"scale":1,"type":"italy_fence_mesh_6m_conc_base"}
{"ctxid":0,"pos":[-130.022003,385.399994,179.182007],"rotationMatrix":[0.990143776,-0.140054211,-0.000344415166,0.140054211,0.990143895,-2.42378446e-05,0.000344415166,-2.42378446e-05,1],"scale":1,"type":"italy_fence_mesh_6m_conc_base"}
{"ctxid":0,"pos":[-247.585999,400.264008,179.328995],"rotationMatrix":[-0.741803885,-0.669696093,0.0351304747,0.670109391,-0.742262363,-1.29965256e-05,0.0260847323,0.0235316195,0.999382734],"scale":1,"type":"italy_fence_mesh_6m_conc_base"}
{"ctxid":0,"pos":[-242.378006,401.947998,179.283005],"rotationMatrix":[0.994445443,-0.105253316,0,0.105253316,0.994445443,0,0,0,1],"scale":1,"type":"italy_fence_mesh_6m_conc_base"}
{"ctxid":0,"pos":[-236.421997,401.401001,179.274002],"rotationMatrix":[0.996196032,-0.0871172845,-0.00201131962,0.0871172845,0.996198058,-8.77773055e-05,0.00201131962,-8.77773055e-05,0.999997973],"scale":1,"type":"italy_fence_mesh_6m_conc_base"}
{"ctxid":0,"pos":[-230.466003,400.865997,179.261002],"rotationMatrix":[0.995635748,-0.0932989791,-0.00218127621,0.0932989791,0.995638132,-0.000101977959,0.00218127621,-0.000101977959,0.999997616],"scale":1,"type":"italy_fence_mesh_6m_conc_base"}
{"ctxid":0,"pos":[-224.514008,400.279999,179.248001],"rotationMatrix":[0.994672537,-0.103062063,-0.00218074978,0.103062063,0.994674921,-0.000112676425,0.00218074978,-0.000112676425,0.999997616],"scale":1,"type":"italy_fence_mesh_6m_conc_base"}
{"ctxid":0,"pos":[-218.569,399.632996,179.235992],"rotationMatrix":[0.993568659,-0.113216788,-0.00181074953,0.113217406,0.993570209,0.000242988579,0.00177159638,-0.00044643422,0.999998331],"scale":1,"type":"italy_fence_mesh_6m_conc_base"}
{"ctxid":0,"pos":[-212.632004,398.927002,179.225998],"rotationMatrix":[0.992434502,-0.122767501,-0.00137845334,0.122767501,0.992435455,-8.49359276e-05,0.00137845334,-8.49359276e-05,0.999999046],"scale":1,"type":"italy_fence_mesh_6m_conc_base"}
{"ctxid":0,"pos":[-206.701004,398.165009,179.218002],"rotationMatrix":[0.991287231,-0.131712571,-0.0011934319,0.131712571,0.991287947,-7.89388723e-05,0.0011934319,-7.89388723e-05,0.999999285],"scale":1,"type":"italy_fence_mesh_6m_conc_base"}
{"ctxid":0,"pos":[-200.776001,397.35199,179.212006],"rotationMatrix":[0.990143538,-0.140054211,-0.000770135666,0.140054211,0.990143895,-5.41974696e-05,0.000770135666,-5.41974696e-05,0.999999762],"scale":1,"type":"italy_fence_mesh_6m_conc_base"}
{"ctxid":0,"pos":[-194.858002,396.48999,179.207993],"rotationMatrix":[0.989018202,-0.147792161,-0.000688635511,0.147792161,0.98901844,-5.11684266e-05,0.000688635511,-5.11684266e-05,0.999999762],"scale":1,"type":"italy_fence_mesh_6m_conc_base"}
{"ctxid":0,"pos":[-188.947006,395.584991,179.205994],"rotationMatrix":[0.98792541,-0.154930249,0,0.154930249,0.98792541,0,0,0,1],"scale":1,"type":"italy_fence_mesh_6m_conc_base"}
{"ctxid":0,"pos":[-248.903,259.871002,177.143005],"rotationMatrix":[0.608035088,-0.791418552,0.0628492236,0.792986572,0.609239101,-8.66079699e-06,-0.0382833518,0.0498438589,0.998023033],"scale":1,"type":"italy_fence_mesh_6m_conc_base"}
{"ctxid":0,"pos":[-245.044006,255.287003,177.457001],"rotationMatrix":[0.673299909,-0.738155603,0.0423499718,0.738815188,0.673908114,0.000115222982,-0.0286250412,0.0312112216,0.999102831],"scale":1,"type":"italy_fence_mesh_6m_conc_base"}
{"ctxid":0,"pos":[-240.848007,251.022995,177.699005],"rotationMatrix":[0.727025509,-0.685258269,0.0430694558,0.685898066,0.727697611,-0.000106248153,-0.0312687308,0.0296185017,0.999072075],"scale":1,"type":"italy_fence_mesh_6m_conc_base"}
{"ctxid":0,"pos":[-57.0786018,208.822006,190.445007],"rotationMatrix":[0.965255499,0.261300296,-0.00199567131,-0.261300296,0.965257525,0.000265344366,0.00199567131,0.000265344366,0.999997973],"scale":1,"type":"italy_fence_mesh_6m_conc_base"}
{"ctxid":0,"pos":[-51.2963982,210.376999,190.434998],"rotationMatrix":[0.966095209,0.25818336,-0.0011858606,-0.25818336,0.966095924,0.000155709611,0.00118585676,0.000155739166,0.999999285],"scale":1,"type":"italy_fence_mesh_6m_conc_base"}
{"ctxid":0,"pos":[-45.5088005,211.914001,190.431],"rotationMatrix":[0.966820955,0.25545451,-0.000484214135,-0.25545451,0.966821194,6.28906637e-05,0.000484214135,6.28906637e-05,1],"scale":1,"type":"italy_fence_mesh_6m_conc_base"}
{"ctxid":0,"pos":[-39.7168007,213.436005,190.431],"rotationMatrix":[0.967436433,0.253113866,0.000342444662,-0.253113866,0.967436552,-4.4056058e-05,-0.000342444662,-4.4056058e-05,1],"scale":1,"type":"italy_fence_mesh_6m_conc_base"}
{"ctxid":0,"pos":[-33.9213982,214.945007,190.434006],"rotationMatrix":[0.967995167,0.250967652,0.000765838253,-0.250967652,0.967995524,-9.76631636e-05,-0.000765838253,-9.76631636e-05,0.999999762],"scale":1,"type":"italy_fence_mesh_6m_conc_base"}
{"ctxid":0,"pos":[-28.1229992,216.442001,190.438995],"rotationMatrix":[0.968498707,0.249015763,0.00118658331,-0.249015763,0.968499422,-0.000150103195,-0.00118658331,-0.000150103195,0.999999285],"scale":1,"type":"italy_fence_mesh_6m_conc_base"}
{"ctxid":0,"pos":[-22.3218002,217.927994,190.447006],"rotationMatrix":[0.968998551,0.247062609,0.00137032231,-0.247062609,0.968999505,-0.000171942942,-0.00137032231,-0.000171942942,0.999999046],"scale":1,"type":"italy_fence_mesh_6m_conc_base"}
{"ctxid":0,"pos":[-16.5170994,219.401001,190.455994],"rotationMatrix":[0.969543576,0.244913593,0.00160706777,-0.244913593,0.969544888,-0.000199839575,-0.00160706777,-0.000199839575,0.999998689],"scale":1,"type":"italy_fence_mesh_6m_conc_base"}
{"ctxid":0,"pos":[-10.7084999,220.860001,190.466003],"rotationMatrix":[0.970230699,0.242177218,0.00160734809,-0.242177218,0.97023201,-0.000197572343,-0.00160734809,-0.000197572343,0.999998689],"scale":1,"type":"italy_fence_mesh_6m_conc_base"}
{"ctxid":0,"pos":[-4.89550018,222.302002,190.475006],"rotationMatrix":[0.970620871,0.240612701,0.000808195327,-0.240612969,0.970621109,0.000249150471,-0.000724502665,-0.000436292903,0.999999642],"scale":1,"type":"italy_fence_mesh_6m_conc_base"}
{"ctxid":0,"pos":[-121.444,202.052994,190.701004],"rotationMatrix":[0.976740599,-0.203977093,-0.0661146566,0.204424605,0.978882313,3.57980525e-06,0.0647177324,-0.0135189584,0.997812033],"scale":1,"type":"italy_fence_mesh_6m_conc_base"}
{"ctxid":0,"pos":[-115.595001,200.882996,190.358994],"rotationMatrix":[0.981781721,-0.184658855,-0.0447857305,0.184845552,0.982767582,2.80548047e-05,0.044008784,-0.00830598641,0.998996615],"scale":1,"type":"italy_fence_mesh_6m_conc_base"}
{"ctxid":0,"pos":[-109.709999,199.897003,190.173996],"rotationMatrix":[0.989890099,-0.140832856,-0.0168433357,0.140852958,0.990030527,6.83066128e-06,0.0166744534,-0.00237919507,0.999858141],"scale":1,"type":"italy_fence_mesh_6m_conc_base"}
{"ctxid":0,"pos":[-103.772003,199.270004,190.154999],"rotationMatrix":[0.997933388,-0.0635649636,0.00940474309,0.0635682046,0.997977495,-4.62149619e-05,-0.00938278437,0.000643962121,0.999955773],"scale":1,"type":"italy_fence_mesh_6m_conc_base"}
{"ctxid":0,"pos":[-97.796402,199.190994,190.264999],"rotationMatrix":[0.998892546,0.0399832055,0.0247997027,-0.0399953164,0.999199867,-7.79425864e-06,-0.024780171,-0.000984086306,0.99969244],"scale":1,"type":"italy_fence_mesh_6m_conc_base"}
{"ctxid":0,"pos":[-91.8374023,199.742004,190.419998],"rotationMatrix":[0.989620328,0.141609564,0.0244609453,-0.141653329,0.989916325,5.72073441e-05,-0.0242061876,-0.00352158793,0.999700785],"scale":1,"type":"italy_fence_mesh_6m_conc_base"}
{"ctxid":0,"pos":[-85.9448013,200.835007,190.537003],"rotationMatrix":[0.975803375,0.218258649,0.0130742416,-0.218276605,0.975886941,-5.48765966e-05,-0.0127709592,-0.00280025229,0.999914527],"scale":1,"type":"italy_fence_mesh_6m_conc_base"}
{"ctxid":0,"pos":[-80.1298981,202.306,190.570999],"rotationMatrix":[0.96338582,0.268111378,-0.00201188331,-0.268112063,0.963387728,-7.37367664e-05,0.00191845407,0.000610447139,0.999997973],"scale":1,"type":"italy_fence_mesh_6m_conc_base"}
{"ctxid":0,"pos":[-74.3778992,203.987,190.526001],"rotationMatrix":[0.959751844,0.280727148,-0.00828630943,-0.280736953,0.959784746,-2.12346258e-05,0.00794711243,0.00234665326,0.999965668],"scale":1,"type":"italy_fence_mesh_6m_conc_base"}
{"ctxid":0,"pos":[-68.6231003,205.638,190.487],"rotationMatrix":[0.962393641,0.271607846,-0.00525867892,-0.271611869,0.962406874,-5.15571483e-05,0.00504698558,0.00147793791,0.999986172],"scale":1,"type":"italy_fence_mesh_6m_conc_base"}
{"ctxid":0,"pos":[-62.8554993,207.244995,190.460999],"rotationMatrix":[0.964082241,0.265581936,-0.0034160784,-0.265583098,0.964087963,0.000113512273,0.00332354684,0.000797817542,0.999994159],"scale":1,"type":"italy_fence_mesh_6m_conc_base"}
{"ctxid":0,"pos":[-236.373001,247.085999,178.029007],"rotationMatrix":[0.770550013,-0.633277237,0.0721986666,0.634936571,0.772564292,-4.15198592e-05,-0.0557518154,0.0458735637,0.99739027],"scale":1,"type":"italy_fence_mesh_6m_conc_base"}
{"ctxid":0,"pos":[-231.686996,243.457993,178.610992],"rotationMatrix":[0.801280499,-0.585461855,0.123223402,0.589946687,0.807442188,0.000112010341,-0.0995613486,0.0726054832,0.99237895],"scale":1,"type":"italy_fence_mesh_6m_conc_base"}
{"ctxid":0,"pos":[-226.824005,240.070007,179.399994],"rotationMatrix":[0.824566126,-0.548730254,0.137789115,0.55401808,0.83250463,-2.97007464e-05,-0.114693783,0.0763621554,0.990461588],"scale":1,"type":"italy_fence_mesh_6m_conc_base"}
{"ctxid":0,"pos":[-221.832993,236.862,180.227005],"rotationMatrix":[0.84118402,-0.523438215,0.135727108,0.528330266,0.849038959,-2.5756568e-05,-0.115224123,0.0717304051,0.99074626],"scale":1,"type":"italy_fence_mesh_6m_conc_base"}
{"ctxid":0,"pos":[-216.751999,233.768997,181],"rotationMatrix":[0.852314711,-0.509095371,0.119923048,0.512800992,0.858507514,-4.68541111e-05,-0.102930985,0.0615365915,0.992783189],"scale":1,"type":"italy_fence_mesh_6m_conc_base"}
{"ctxid":0,"pos":[-211.613998,230.731995,181.643997],"rotationMatrix":[0.858779788,-0.502944708,0.0976928994,0.505361259,0.862907887,9.55892847e-06,-0.0843047798,0.0493619964,0.995216608],"scale":1,"type":"italy_fence_mesh_6m_conc_base"}
{"ctxid":0,"pos":[-206.460007,227.744995,182.235992],"rotationMatrix":[0.863755226,-0.493711472,0.100875691,0.496249348,0.868180037,-7.47346712e-05,-0.0875413641,0.0501240492,0.994899035],"scale":1,"type":"italy_fence_mesh_6m_conc_base"}
{"ctxid":0,"pos":[-201.270996,224.826004,182.852005],"rotationMatrix":[0.870617151,-0.480631411,0.104972482,0.483298749,0.875455499,3.08906237e-05,-0.0919135883,0.0507061742,0.994475126],"scale":1,"type":"italy_fence_mesh_6m_conc_base"}
{"ctxid":0,"pos":[-196.031998,222.001007,183.494995],"rotationMatrix":[0.88039422,-0.461252898,0.110235058,0.464083344,0.88579154,-2.14455922e-05,-0.0976353958,0.0511771366,0.993905544],"scale":1,"type":"italy_fence_mesh_6m_conc_base"}
{"ctxid":0,"pos":[-190.725006,219.320007,184.173004],"rotationMatrix":[0.894334197,-0.431956232,0.116533913,0.434915125,0.900471449,4.10850043e-05,-0.104953207,0.0506456196,0.993186712],"scale":1,"type":"italy_fence_mesh_6m_conc_base"}
{"ctxid":0,"pos":[-185.317001,216.860992,184.891006],"rotationMatrix":[0.91466701,-0.384975225,0.123200409,0.38792783,0.921689749,2.36938213e-05,-0.113561675,0.0477711968,0.992381811],"scale":1,"type":"italy_fence_mesh_6m_conc_base"}
{"ctxid":0,"pos":[-179.766998,214.753006,185.643997],"rotationMatrix":[0.94143641,-0.312204659,0.127380282,0.31477505,0.949166298,-5.14608291e-05,-0.120889001,0.0401445813,0.991853952],"scale":1,"type":"italy_fence_mesh_6m_conc_base"}
{"ctxid":0,"pos":[-174.046005,213.139999,186.395996],"rotationMatrix":[0.966647029,-0.225850999,0.12076775,0.227509484,0.973775864,5.69925651e-05,-0.117613591,0.0274207164,0.992680788],"scale":1,"type":"italy_fence_mesh_6m_conc_base"}
{"ctxid":0,"pos":[-168.201996,211.949997,187.063004],"rotationMatrix":[0.97827208,-0.181341335,0.100494057,0.182263166,0.983249784,8.56039514e-06,-0.0988123119,0.0183079913,0.994937658],"scale":1,"type":"italy_fence_mesh_6m_conc_base"}
{"ctxid":0,"pos":[-162.326996,210.843002,187.600998],"rotationMatrix":[0.977679014,-0.194392845,0.0797193199,0.19501254,0.980800748,1.21372805e-05,-0.0781911239,0.0155344009,0.99681735],"scale":1,"type":"italy_fence_mesh_6m_conc_base"}
{"ctxid":0,"pos":[-156.492996,209.628998,188.091003],"rotationMatrix":[0.974010348,-0.20598343,0.0942054465,0.20690231,0.978361607,1.37209345e-05,-0.0921698138,0.0194779597,0.995552778],"scale":1,"type":"italy_fence_mesh_6m_conc_base"}
{"ctxid":0,"pos":[-150.688995,208.391006,188.742996],"rotationMatrix":[0.970132828,-0.208813116,0.123447865,0.210412294,0.977612734,8.49740463e-05,-0.120701954,0.0258925129,0.992351055],"scale":1,"type":"italy_fence_mesh_6m_conc_base"}
{"ctxid":0,"pos":[-144.899002,207.132996,189.541],"rotationMatrix":[0.967269897,-0.211986855,0.139465109,0.214071617,0.976817966,5.40365181e-05,-0.136243477,0.0298032537,0.990226984],"scale":1,"type":"italy_fence_mesh_6m_conc_base"}
{"ctxid":0,"pos":[-139.087997,205.854004,190.335999],"rotationMatrix":[0.96983099,-0.213824198,0.117077164,0.215293482,0.976549387,9.90608096e-05,-0.114352815,0.0251098778,0.993122816],"scale":1,"type":"italy_fence_mesh_6m_conc_base"}
{"ctxid":0,"pos":[-133.223007,204.567001,190.860992],"rotationMatrix":[0.975708008,-0.21254839,0.0530760363,0.212843463,0.977086306,9.50289686e-05,-0.0518800654,0.0112041673,0.998590469],"scale":1,"type":"italy_fence_mesh_6m_conc_base"}
{"ctxid":0,"pos":[-127.328003,203.296005,190.966995],"rotationMatrix":[0.977860689,-0.208621413,-0.0162965655,0.208649933,0.977990389,5.11789476e-05,0.0159272067,-0.00345032313,0.999867201],"scale":1,"type":"italy_fence_mesh_6m_conc_base"}
{"ctxid":0,"pos":[-251.279999,395.575012,179.488007],"rotationMatrix":[-0.478554368,-0.877871096,0.0181117076,0.878014624,-0.478633761,-5.55653678e-05,0.00871765427,0.0158757549,0.999835968],"scale":1,"type":"italy_fence_mesh_6m_conc_base"}
{"ctxid":0,"pos":[-253.460007,390.005005,179.561996],"rotationMatrix":[-0.27266407,-0.962071121,0.00856911391,0.962106586,-0.272673726,4.30784276e-05,0.00229512784,0.00825614668,0.999963284],"scale":1,"type":"italy_fence_mesh_6m_conc_base"}
{"ctxid":0,"pos":[-254.809006,384.165985,179.604004],"rotationMatrix":[-0.183029771,-0.98310715,0.000687611522,0.983107388,-0.183029771,6.34627213e-05,6.34627213e-05,0.000687611522,0.999999762],"scale":1,"type":"italy_fence_mesh_6m_conc_base"}
{"ctxid":0,"pos":[-255.557007,378.207001,179.498993],"rotationMatrix":[-0.0686987638,-0.997054458,-0.0341012701,0.99763447,-0.0687420368,9.6756834e-05,-0.00244066259,-0.0340139531,0.999418378],"scale":1,"type":"italy_fence_mesh_6m_conc_base"}
{"ctxid":0,"pos":[-255.759995,372.218994,179.238007],"rotationMatrix":[-0.0113562346,-0.998724282,-0.0492022932,0.999935329,-0.011370182,3.58349507e-06,-0.000563017966,-0.0491990745,0.998788834],"scale":1,"type":"italy_fence_mesh_6m_conc_base"}
{"ctxid":0,"pos":[-255.785004,366.235992,178.936996],"rotationMatrix":[-0.00118029118,-0.998731852,-0.050331492,0.999999285,-0.00118029118,-2.97217539e-05,-2.97217539e-05,-0.050331492,0.998732567],"scale":1,"type":"italy_fence_mesh_6m_conc_base"}
{"ctxid":0,"pos":[-255.781998,360.255005,178.632004],"rotationMatrix":[0.0041372776,-0.998629808,-0.0521666743,0.999991417,0.00414466858,-3.3499924e-05,0.000249667588,-0.0521660894,0.998638391],"scale":1,"type":"italy_fence_mesh_6m_conc_base"}
{"ctxid":0,"pos":[-255.740997,354.273987,178.315002],"rotationMatrix":[0.00889062881,-0.99853158,-0.0534382015,0.999960363,0.00890576839,-4.5187764e-05,0.000521029637,-0.0534356795,0.998571157],"scale":1,"type":"italy_fence_mesh_6m_conc_base"}
{"ctxid":0,"pos":[-255.682007,348.294006,177.996994],"rotationMatrix":[0.0106012821,-0.998559833,-0.0525916927,0.999943674,0.0106161833,-3.98219345e-06,0.000562299509,-0.0525886863,0.998616099],"scale":1,"type":"italy_fence_mesh_6m_conc_base"}
{"ctxid":0,"pos":[-255.619003,342.315002,177.688004],"rotationMatrix":[0.00982320309,-0.998698592,-0.0500468202,0.999951601,0.00983738899,-3.71352435e-05,0.000529416953,-0.0500440337,0.998746872],"scale":1,"type":"italy_fence_mesh_6m_conc_base"}
{"ctxid":0,"pos":[-255.567993,336.337006,177.401993],"rotationMatrix":[0.00684094429,-0.99894613,-0.0453853309,0.999976575,0.00684738159,1.36291264e-05,0.000297155901,-0.0453843586,0.998969555],"scale":1,"type":"italy_fence_mesh_6m_conc_base"}
{"ctxid":0,"pos":[-255.544006,330.358002,177.151993],"rotationMatrix":[0.000231027603,-0.999292374,-0.037613187,1,0.000231027603,4.34638014e-06,4.34638014e-06,-0.037613187,0.999292374],"scale":1,"type":"italy_fence_mesh_6m_conc_base"}
{"ctxid":0,"pos":[-255.509995,324.377991,176.959],"rotationMatrix":[0.0136342049,-0.999518871,-0.0278592575,0.999907017,0.013638258,4.45309852e-05,0.000335442193,-0.0278572738,0.999611855],"scale":1,"type":"italy_fence_mesh_6m_conc_base"}
{"ctxid":0,"pos":[-255.401001,318.395996,176.809998],"rotationMatrix":[0.0212714672,-0.999520838,-0.0224858094,0.999773681,0.0212745667,0.000101396356,0.000377028075,-0.0224828757,0.999747157],"scale":1,"type":"italy_fence_mesh_6m_conc_base"}
{"ctxid":0,"pos":[-255.261993,312.411987,176.688004],"rotationMatrix":[0.024387598,-0.999533474,-0.0183860064,0.999702454,0.0243928432,-6.10408388e-05,0.000509499339,-0.0183790475,0.999830961],"scale":1,"type":"italy_fence_mesh_6m_conc_base"}
{"ctxid":0,"pos":[-255.113007,306.428986,176.589005],"rotationMatrix":[0.0249794722,-0.999581814,-0.0145663805,0.99968791,0.0249814987,4.28407548e-05,0.000321067171,-0.0145629048,0.999893904],"scale":1,"type":"italy_fence_mesh_6m_conc_base"}
{"ctxid":0,"pos":[-254.966003,300.445007,176.514999],"rotationMatrix":[0.0236105919,-0.999670804,-0.0100423079,0.999721169,0.0236120224,-2.38932244e-05,0.000261004549,-0.010038944,0.999949574],"scale":1,"type":"italy_fence_mesh_6m_conc_base"}
{"ctxid":0,"pos":[-254.837006,294.462006,176.472],"rotationMatrix":[0.0191559792,-0.999808609,-0.00396662578,0.999816477,0.0191559792,3.79959383e-05,3.79959383e-05,-0.00396662578,0.999992132],"scale":1,"type":"italy_fence_mesh_6m_conc_base"}
{"ctxid":0,"pos":[-254.748001,288.480988,176.475006],"rotationMatrix":[0.00903999805,-0.999939799,0.00621471228,0.999959111,0.00903999805,-2.80913391e-05,-2.80913391e-05,0.00621471228,0.999980688],"scale":1,"type":"italy_fence_mesh_6m_conc_base"}
{"ctxid":0,"pos":[-254.748993,282.494995,176.544998],"rotationMatrix":[-0.00453877449,-0.999934852,0.0104722958,0.999989688,-0.00453877449,2.37664681e-05,2.37664681e-05,0.0104722958,0.999945164],"scale":1,"type":"italy_fence_mesh_6m_conc_base"}
{"ctxid":0,"pos":[-254.666,276.505005,176.591995],"rotationMatrix":[0.0480625629,-0.998819292,0.00707512069,0.998844206,0.0480644703,9.97012103e-05,-0.000439645431,0.00706215156,0.999974966],"scale":1,"type":"italy_fence_mesh_6m_conc_base"}
{"ctxid":0,"pos":[-253.955994,270.571991,176.658005],"rotationMatrix":[0.207867861,-0.977995455,0.0177729875,0.97815001,0.207900286,-2.37730346e-05,-0.00367175927,0.0173895899,0.999842048],"scale":1,"type":"italy_fence_mesh_6m_conc_base"}
{"ctxid":0,"pos":[-252.050003,264.927002,176.828995],"rotationMatrix":[0.432288885,-0.900807858,0.0408848189,0.901562035,0.432649851,-2.13592375e-05,-0.0176695697,0.0368694328,0.999163866],"scale":1,"type":"italy_fence_mesh_6m_conc_base"}
{"ctxid":0,"pos":[1857.5,-1338.96997,160.5],"rotationMatrix":[1,0,0,0,1,0,0,0,1],"scale":1,"type":"italy_fence_mesh_6m_conc_base"}
{"ctxid":0,"pos":[1851.5,-1339,161],"rotationMatrix":[1,0,0,0,1,0,0,0,1],"scale":1,"type":"italy_fence_mesh_6m_conc_base"}
{"ctxid":0,"pos":[1845.5,-1339,161],"rotationMatrix":[0.999887466,0,-0.0150018157,0,1,0,0.0150018157,0,0.999887466],"scale":1,"type":"italy_fence_mesh_6m_conc_base"}
{"ctxid":0,"pos":[1839.5,-1339,161.5],"rotationMatrix":[1,0,0,0,1,0,0,0,1],"scale":1,"type":"italy_fence_mesh_6m_conc_base"}
{"ctxid":0,"pos":[1833.5,-1339,162],"rotationMatrix":[1,0,0,0,1,0,0,0,1],"scale":1,"type":"italy_fence_mesh_6m_conc_base"}
{"ctxid":0,"pos":[1827.5,-1339,162.5],"rotationMatrix":[1,0,0,0,1,0,0,0,1],"scale":1,"type":"italy_fence_mesh_6m_conc_base"}
{"ctxid":0,"pos":[1840.5,-1334.06006,161.5],"rotationMatrix":[1,0,0,0,1,0,0,0,1],"scale":1,"type":"italy_fence_mesh_6m_conc_base"}
{"ctxid":0,"pos":[1846.5,-1334,161.5],"rotationMatrix":[1,0,0,0,1,0,0,0,1],"scale":1,"type":"italy_fence_mesh_6m_conc_base"}
{"ctxid":0,"pos":[1852.5,-1334,161],"rotationMatrix":[1,0,0,0,1,0,0,0,1],"scale":1,"type":"italy_fence_mesh_6m_conc_base"}
{"ctxid":0,"pos":[114.5,-247.5,192.071075],"rotationMatrix":[1,0,0,0,1,0,0,0,1],"scale":1,"type":"italy_fence_mesh_6m_conc_base"}
{"ctxid":0,"pos":[108.5,-247.5,192.540588],"rotationMatrix":[1,0,0,0,1,0,0,0,1],"scale":1,"type":"italy_fence_mesh_6m_conc_base"}
{"ctxid":0,"pos":[102.5,-247.5,192.908371],"rotationMatrix":[1,0,0,0,1,0,0,0,1],"scale":1,"type":"italy_fence_mesh_6m_conc_base"}
{"ctxid":0,"pos":[96.5,-247.5,193.123825],"rotationMatrix":[1,0,0,0,1,0,0,0,1],"scale":1,"type":"italy_fence_mesh_6m_conc_base"}
{"ctxid":0,"pos":[90.5,-247.5,193.141769],"rotationMatrix":[1,0,0,0,1,0,0,0,1],"scale":1,"type":"italy_fence_mesh_6m_conc_base"}
{"ctxid":0,"pos":[84.5,-247.5,193.142593],"rotationMatrix":[1,0,0,0,1,0,0,0,1],"scale":1,"type":"italy_fence_mesh_6m_conc_base"}
{"ctxid":0,"pos":[78.5,-247.5,192.87822],"rotationMatrix":[1,0,0,0,1,0,0,0,1],"scale":1,"type":"italy_fence_mesh_6m_conc_base"}
{"ctxid":0,"pos":[72.5,-247.5,192.654587],"rotationMatrix":[1,0,0,0,1,0,0,0,1],"scale":1,"type":"italy_fence_mesh_6m_conc_base"}
{"ctxid":0,"pos":[66.5,-247.5,192.240082],"rotationMatrix":[1,0,0,0,1,0,0,0,1],"scale":1,"type":"italy_fence_mesh_6m_conc_base"}
{"ctxid":0,"pos":[60.5,-247.5,192.009232],"rotationMatrix":[1,0,0,0,1,0,0,0,1],"scale":1,"type":"italy_fence_mesh_6m_conc_base"}
{"ctxid":0,"pos":[54.5,-247.5,191.668289],"rotationMatrix":[1,0,0,0,1,0,0,0,1],"scale":1,"type":"italy_fence_mesh_6m_conc_base"}
{"ctxid":0,"pos":[48.5,-247.5,191.282257],"rotationMatrix":[1,0,0,0,1,0,0,0,1],"scale":1,"type":"italy_fence_mesh_6m_conc_base"}
{"ctxid":0,"pos":[42.5,-247.5,191.001266],"rotationMatrix":[1,0,0,0,1,0,0,0,1],"scale":1,"type":"italy_fence_mesh_6m_conc_base"}
{"ctxid":0,"pos":[36.5,-247.5,190.578812],"rotationMatrix":[1,0,0,0,1,0,0,0,1],"scale":1,"type":"italy_fence_mesh_6m_conc_base"}
{"ctxid":0,"pos":[30.5,-247.5,190.194992],"rotationMatrix":[1,0,0,0,1,0,0,0,1],"scale":1,"type":"italy_fence_mesh_6m_conc_base"}
{"ctxid":0,"pos":[24.5,-247.5,189.756531],"rotationMatrix":[1,0,0,0,1,0,0,0,1],"scale":1,"type":"italy_fence_mesh_6m_conc_base"}
{"ctxid":0,"pos":[18.5,-247.5,189.278],"rotationMatrix":[1,0,0,0,1,0,0,0,1],"scale":1,"type":"italy_fence_mesh_6m_conc_base"}
{"ctxid":0,"pos":[12.5,-247.5,188.694748],"rotationMatrix":[1,0,0,0,1,0,0,0,1],"scale":1,"type":"italy_fence_mesh_6m_conc_base"}
{"ctxid":0,"pos":[6.72550011,-248.800003,188.708755],"rotationMatrix":[0.896396518,0.44325307,0,-0.44325307,0.896396518,0,0,0,1],"scale":1,"type":"italy_fence_mesh_6m_conc_base"}
{"ctxid":0,"pos":[117.5,-244.5,193],"rotationMatrix":[1.93119049e-05,1,0,-1,1.93119049e-05,0,0,0,1],"scale":1,"type":"italy_fence_mesh_6m_conc_base"}
{"ctxid":0,"pos":[117.5,-238.5,192],"rotationMatrix":[1.93119049e-05,1,0,-1,1.93119049e-05,0,0,0,1],"scale":1,"type":"italy_fence_mesh_6m_conc_base"}
{"ctxid":0,"pos":[117.5,-232.5,191],"rotationMatrix":[1.93119049e-05,1,0,-1,1.93119049e-05,0,0,0,1],"scale":1,"type":"italy_fence_mesh_6m_conc_base"}
{"ctxid":0,"pos":[116.987,-226.386993,189.962006],"rotationMatrix":[-0.164643288,0.986353159,0,-0.986353159,-0.164643288,0,0,0,1],"scale":1,"type":"italy_fence_mesh_6m_conc_base"}
{"ctxid":0,"pos":[116.489998,-220.255005,189.348007],"rotationMatrix":[1.93119049e-05,-1,0,1,1.93119049e-05,0,0,0,1],"scale":1,"type":"italy_fence_mesh_6m_conc_base"}
{"ctxid":0,"pos":[116.487999,-214.087006,188.651993],"rotationMatrix":[1.93119049e-05,-1,0,1,1.93119049e-05,0,0,0,1],"scale":1,"type":"italy_fence_mesh_6m_conc_base"}
{"ctxid":0,"pos":[116.489998,-207.888,187.841003],"rotationMatrix":[1.93119049e-05,1,0,-1,1.93119049e-05,0,0,0,1],"scale":1,"type":"italy_fence_mesh_6m_conc_base"}
{"ctxid":0,"pos":[115.906998,-201.792999,187.289001],"rotationMatrix":[-0.188882113,0.981999755,0,-0.981999755,-0.188882113,0,0,0,1],"scale":1,"type":"italy_fence_mesh_6m_conc_base"}
{"ctxid":0,"pos":[115.320999,-195.727997,186.882004],"rotationMatrix":[1.93119049e-05,-1,0,1,1.93119049e-05,0,0,0,1],"scale":1,"type":"italy_fence_mesh_6m_conc_base"}
{"ctxid":0,"pos":[115.250999,-189.574005,186.531998],"rotationMatrix":[0.0199999809,-0.999799967,0,0.999799967,0.0199999809,0,0,0,1],"scale":1,"type":"italy_fence_mesh_6m_conc_base"}
{"ctxid":0,"pos":[193,-299.5,193],"rotationMatrix":[1,0,0,0,1,0,0,0,1],"scale":1,"type":"italy_fence_mesh_6m_conc_base"}
{"ctxid":0,"pos":[199,-299.5,193],"rotationMatrix":[1,0,0,0,1,0,0,0,1],"scale":1,"type":"italy_fence_mesh_6m_conc_base"}
{"ctxid":0,"pos":[205,-299.5,193],"rotationMatrix":[1,0,0,0,1,0,0,0,1],"scale":1,"type":"italy_fence_mesh_6m_conc_base"}
{"ctxid":0,"pos":[207,-302.5,193],"rotationMatrix":[1.93119049e-05,-1,0,1,1.93119049e-05,0,0,0,1],"scale":1,"type":"italy_fence_mesh_6m_conc_base"}
{"ctxid":0,"pos":[214.5,-309.5,192],"rotationMatrix":[1,0,0,0,1,0,0,0,1],"scale":1,"type":"italy_fence_mesh_6m_conc_base"}
{"ctxid":0,"pos":[220.5,-309.5,192],"rotationMatrix":[1,0,0,0,1,0,0,0,1],"scale":1,"type":"italy_fence_mesh_6m_conc_base"}
{"ctxid":0,"pos":[226.5,-309.5,192],"rotationMatrix":[1,0,0,0,1,0,0,0,1],"scale":1,"type":"italy_fence_mesh_6m_conc_base"}
{"ctxid":0,"pos":[229.5,-312.5,192],"rotationMatrix":[1.93119049e-05,-1,0,1,1.93119049e-05,0,0,0,1],"scale":1,"type":"italy_fence_mesh_6m_conc_base"}
{"ctxid":0,"pos":[207,-312.5,193.009995],"rotationMatrix":[-0.0036611557,-0.999993324,0,0.999993324,-0.0036611557,0,0,0,1],"scale":1,"type":"italy_fence_mesh_6m_conc_base"}
{"ctxid":0,"pos":[215.272003,-374.571014,195.481995],"rotationMatrix":[0.998847961,0.0479869768,0,-0.0479869768,0.998847961,0,0,0,1],"scale":1,"type":"italy_fence_mesh_6m_conc_base"}
{"ctxid":0,"pos":[229.5,-318.5,192.020996],"rotationMatrix":[1.93119049e-05,-1,0,1,1.93119049e-05,0,0,0,1],"scale":1,"type":"italy_fence_mesh_6m_conc_base"}
{"ctxid":0,"pos":[229.5,-324.5,192.016006],"rotationMatrix":[1.93119049e-05,-1,0,1,1.93119049e-05,0,0,0,1],"scale":1,"type":"italy_fence_mesh_6m_conc_base"}
{"ctxid":0,"pos":[229.5,-330.5,192.016998],"rotationMatrix":[1.93119049e-05,-1,0,1,1.93119049e-05,0,0,0,1],"scale":1,"type":"italy_fence_mesh_6m_conc_base"}
{"ctxid":0,"pos":[229.5,-336.5,192.024002],"rotationMatrix":[1.93119049e-05,1,0,-1,1.93119049e-05,0,0,0,1],"scale":1,"type":"italy_fence_mesh_6m_conc_base"}
{"ctxid":0,"pos":[226.5,-339.5,192],"rotationMatrix":[1,0,0,0,1,0,0,0,1],"scale":1,"type":"italy_fence_mesh_6m_conc_base"}
{"ctxid":0,"pos":[222.5,-339.5,192],"rotationMatrix":[1,0,0,0,1,0,0,0,1],"scale":1,"type":"italy_fence_mesh_6m_conc_base"}
{"ctxid":0,"pos":[219.5,-342.5,193],"rotationMatrix":[1.93119049e-05,1,0,-1,1.93119049e-05,0,0,0,1],"scale":1,"type":"italy_fence_mesh_6m_conc_base"}
{"ctxid":0,"pos":[219.5,-348.5,193.5],"rotationMatrix":[1.93119049e-05,1,0,-1,1.93119049e-05,0,0,0,1],"scale":1,"type":"italy_fence_mesh_6m_conc_base"}
{"ctxid":0,"pos":[207,-318.5,192.992004],"rotationMatrix":[-0.0036611557,-0.999993324,0,0.999993324,-0.0036611557,0,0,0,1],"scale":1,"type":"italy_fence_mesh_6m_conc_base"}
{"ctxid":0,"pos":[207,-324.5,192.998001],"rotationMatrix":[-0.0036611557,-0.999993324,0,0.999993324,-0.0036611557,0,0,0,1],"scale":1,"type":"italy_fence_mesh_6m_conc_base"}
{"ctxid":0,"pos":[193,-327.5,193],"rotationMatrix":[1,0,0,0,1,0,0,0,1],"scale":1,"type":"italy_fence_mesh_6m_conc_base"}
{"ctxid":0,"pos":[199,-327.5,193],"rotationMatrix":[1,0,0,0,1,0,0,0,1],"scale":1,"type":"italy_fence_mesh_6m_conc_base"}
{"ctxid":0,"pos":[139,-299.5,193],"rotationMatrix":[1,0,0,0,1,0,0,0,1],"scale":1,"type":"italy_fence_mesh_6m_conc_base"}
{"ctxid":0,"pos":[145,-299.5,193],"rotationMatrix":[1,0,0,0,1,0,0,0,1],"scale":1,"type":"italy_fence_mesh_6m_conc_base"}
{"ctxid":0,"pos":[151,-299.5,193],"rotationMatrix":[1,0,0,0,1,0,0,0,1],"scale":1,"type":"italy_fence_mesh_6m_conc_base"}
{"ctxid":0,"pos":[157,-299.5,193],"rotationMatrix":[1,0,0,0,1,0,0,0,1],"scale":1,"type":"italy_fence_mesh_6m_conc_base"}
{"ctxid":0,"pos":[163,-299.5,193],"rotationMatrix":[1,0,0,0,1,0,0,0,1],"scale":1,"type":"italy_fence_mesh_6m_conc_base"}
{"ctxid":0,"pos":[169,-299.5,193],"rotationMatrix":[1,0,0,0,1,0,0,0,1],"scale":1,"type":"italy_fence_mesh_6m_conc_base"}
{"ctxid":0,"pos":[175,-299.5,193],"rotationMatrix":[1,0,0,0,1,0,0,0,1],"scale":1,"type":"italy_fence_mesh_6m_conc_base"}
{"ctxid":0,"pos":[181,-299.5,193],"rotationMatrix":[1,0,0,0,1,0,0,0,1],"scale":1,"type":"italy_fence_mesh_6m_conc_base"}
{"ctxid":0,"pos":[187,-299.5,193],"rotationMatrix":[1,0,0,0,1,0,0,0,1],"scale":1,"type":"italy_fence_mesh_6m_conc_base"}
{"ctxid":0,"pos":[134,-308.5,192.998993],"rotationMatrix":[1.93119049e-05,-1,0,1,1.93119049e-05,0,0,0,1],"scale":1,"type":"italy_fence_mesh_6m_conc_base"}
{"ctxid":0,"pos":[134,-302.5,193],"rotationMatrix":[1.93119049e-05,-1,0,1,1.93119049e-05,0,0,0,1],"scale":1,"type":"italy_fence_mesh_6m_conc_base"}
{"ctxid":0,"pos":[134,-314.5,192.998001],"rotationMatrix":[1.93119049e-05,-1,0,1,1.93119049e-05,0,0,0,1],"scale":1,"type":"italy_fence_mesh_6m_conc_base"}
{"ctxid":0,"pos":[134,-320.5,193.003998],"rotationMatrix":[1.93119049e-05,-1,0,1,1.93119049e-05,0,0,0,1],"scale":1,"type":"italy_fence_mesh_6m_conc_base"}
{"ctxid":0,"pos":[134,-326.5,193],"rotationMatrix":[1.93119049e-05,-1,0,1,1.93119049e-05,0,0,0,1],"scale":1,"type":"italy_fence_mesh_6m_conc_base"}
