{"ctxid":0,"pos":[259.614014,-1137.96997,325.066986],"rotationMatrix":[-0.240093589,0.966207922,-0.0937938318,-0.970485091,-0.241161227,-4.95860295e-05,-0.0226673465,0.0910136104,0.99559164],"scale":1,"type":"italy_rock_wall_a_low"}
{"ctxid":0,"pos":[653.411987,383.233002,170.651993],"rotationMatrix":[-0.755563259,0.655075669,0,-0.655075669,-0.755563259,0,0,0,1],"scale":1,"type":"italy_rock_wall_a_low"}
{"ctxid":0,"pos":[658.106995,379.444,170.565994],"rotationMatrix":[0.788879991,-0.614547253,0,0.614547253,0.788879991,0,0,0,1],"scale":1,"type":"italy_rock_wall_a_low"}
{"ctxid":0,"pos":[664.840027,386.648987,170.358994],"rotationMatrix":[0.788750052,-0.614714026,0,0.614714026,0.788750052,0,0,0,1],"scale":1,"type":"italy_rock_wall_a_low"}
{"ctxid":0,"pos":[612.169983,415.69101,171.764008],"rotationMatrix":[-0.786428094,0.617681861,0,-0.617681861,-0.786428094,0,0,0,1],"scale":1,"type":"italy_rock_wall_a_low"}
{"ctxid":0,"pos":[572.450989,386.002991,174.171005],"rotationMatrix":[0.970470428,0.238133058,-0.0384680703,-0.238308534,0.971189499,2.45682659e-05,0.0373656377,0.00914342701,0.99925983],"scale":1,"type":"italy_rock_wall_a_low"}
{"ctxid":0,"pos":[566.497986,384.661011,174.360001],"rotationMatrix":[0.976150751,0.217093781,0,-0.217093781,0.976150751,0,0,0,1],"scale":1,"type":"italy_rock_wall_a_low"}
{"ctxid":0,"pos":[560.60199,383.322998,174.108994],"rotationMatrix":[0.967834949,0.229105264,0.103953309,-0.230346084,0.973108768,-7.06597493e-05,-0.101174064,-0.0238768496,0.994582176],"scale":1,"type":"italy_rock_wall_a_low"}
{"ctxid":0,"pos":[150.694,706.976013,171.296005],"rotationMatrix":[-0.891901493,-0.452229738,0,0.452229738,-0.891901493,0,0,0,1],"scale":1,"type":"italy_rock_wall_a_low"}
{"ctxid":0,"pos":[280.091003,299.515991,181.341995],"rotationMatrix":[-0.314793348,0.949160218,0,-0.949160218,-0.314793348,0,0,0,1],"scale":1,"type":"italy_rock_wall_a_low"}
{"ctxid":0,"pos":[286.791992,284.048004,181.688004],"rotationMatrix":[0.470991015,-0.882138014,0,0.882138014,0.470991015,0,0,0,1],"scale":1,"type":"italy_rock_wall_a_low"}
{"ctxid":0,"pos":[408.962585,-1128.41589,350.145966],"rotationMatrix":[0.927553594,0.37368983,0,-0.37368983,0.927553594,0,0,0,1],"scale":1,"type":"italy_rock_wall_a_low"}
{"ctxid":0,"pos":[414.455994,-1126.03357,349.511169],"rotationMatrix":[0.909204423,0.39961797,-0.11684598,-0.401136518,0.915949225,0.011251905,0.111521415,0.0366408862,0.993086338],"scale":1,"type":"italy_rock_wall_a_low"}
{"ctxid":0,"pos":[424.421021,-1093.28455,344.301788],"rotationMatrix":[0.484694213,0.85928005,0.163429648,-0.870990396,0.491299719,0,-0.0802929327,-0.142345652,0.98655504],"scale":1,"type":"italy_rock_wall_a_low"}
{"ctxid":0,"pos":[433.343079,-1077.61279,345.465393],"rotationMatrix":[0.648521066,0.75899601,0.0578396283,-0.760268807,0.649608552,0,-0.0375731178,-0.043973662,0.998325884],"scale":1,"type":"italy_rock_wall_a_low"}
{"ctxid":0,"pos":[437.571228,-1073.4856,345.844299],"rotationMatrix":[0.787421823,0.606991947,0.107367277,-0.610521078,0.791999936,0,-0.085034892,-0.0655499846,0.994219542],"scale":1,"type":"italy_rock_wall_a_low"}
{"ctxid":0,"pos":[442.802887,-1071.22253,346.145264],"rotationMatrix":[0.97938025,0.190064996,0.0684883669,-0.189602017,0.981771886,-0.0132589312,-0.0697599873,0,0.997564018],"scale":1,"type":"italy_rock_wall_a_low"}
{"ctxid":0,"pos":[455.299866,-1074.38037,346.887268],"rotationMatrix":[0.684065461,-0.724071264,0.0881792307,0.726902783,0.686740458,0,-0.0605562478,0.0640977323,0.996104538],"scale":1,"type":"italy_rock_wall_a_low"}
{"ctxid":0,"pos":[349.88092,-1171.19141,338.015778],"rotationMatrix":[0.126800478,-0.98845017,-0.0829913989,0.991871953,0.127239451,0,0.0105597805,-0.0823168457,0.996550083],"scale":1,"type":"italy_rock_wall_a_low"}
{"ctxid":0,"pos":[360.827972,-1134.55188,339.950378],"rotationMatrix":[0.804277837,0.59263736,0.0437972769,-0.593206525,0.805050373,0,-0.0352590159,-0.0259808339,0.999040425],"scale":1,"type":"italy_rock_wall_a_low"}
{"ctxid":0,"pos":[212.204849,-1309.63074,374.842773],"rotationMatrix":[0.089921616,0.994104624,0.0605803877,-0.995933712,0.0900870711,0,-0.00545750931,-0.0603340529,0.998163342],"scale":1,"type":"italy_rock_wall_a_low"}
{"ctxid":0,"pos":[223.243698,-1291.29688,375.787567],"rotationMatrix":[0.912041545,0.402391106,0.0791283548,-0.403656781,0.914910316,0,-0.0723953545,-0.0319406986,0.996864378],"scale":1,"type":"italy_rock_wall_a_low"}
{"ctxid":0,"pos":[310.713379,-1364.92163,366.943298],"rotationMatrix":[0.991819084,0.127652228,0,-0.127652228,0.991819084,0,0,0,1],"scale":1,"type":"italy_rock_wall_a_low"}
{"ctxid":0,"pos":[333.233795,-1360.75586,365.159424],"rotationMatrix":[0.959600508,0.268519729,-0.0840469003,-0.269473195,0.963007867,0,0.0809378177,0.0226483867,0.996461749],"scale":1,"type":"italy_rock_wall_a_low"}
{"ctxid":0,"pos":[1025.84326,854.271973,180.269958],"rotationMatrix":[0.987868726,0.155290902,0,-0.155290902,0.987868726,0,0,0,1],"scale":1,"type":"italy_rock_wall_a_low"}
{"ctxid":0,"pos":[1038.91626,870.420898,177.341507],"rotationMatrix":[0.917410553,-0.369886339,0.146773189,0.373935997,0.927454591,0,-0.136125475,0.0548837744,0.989170253],"scale":1,"type":"italy_rock_wall_a_low"}
{"ctxid":0,"pos":[998.157776,844.79071,180.317307],"rotationMatrix":[0.870702863,0.487632751,0.0639576986,-0.488633186,0.872489154,0,-0.0558024049,-0.0312518552,0.99795258],"scale":1,"type":"italy_rock_wall_a_low"}
{"ctxid":0,"pos":[-471.10553,-1137.70923,284.182953],"rotationMatrix":[0.732099473,-0.681197226,0,0.681197226,0.732099473,0,0,0,1],"scale":1,"type":"italy_rock_wall_a_low"}
{"ctxid":0,"pos":[-600.75177,-858.770996,437.094788],"rotationMatrix":[0.992345572,0.0709029287,0.101109244,-0.0712681487,0.997457206,4.65661065e-10,-0.100852139,-0.00720586907,0.994875312],"scale":1,"type":"italy_rock_wall_a_low"}
{"ctxid":0,"pos":[965.650146,133.822266,219.186615],"rotationMatrix":[0.290309548,0.956932962,0,-0.956932962,0.290309548,0,0,0,1],"scale":1,"type":"italy_rock_wall_a_low"}
{"ctxid":0,"pos":[962.421143,122.38195,218.65007],"rotationMatrix":[0.344948024,0.933608592,0.0968824551,-0.938021123,0.34657836,0,-0.0335773639,-0.0908777937,0.995295763],"scale":1,"type":"italy_rock_wall_a_low"}
{"ctxid":0,"pos":[1077.19543,-122.587563,260.246521],"rotationMatrix":[0.052691482,0.998611093,0,-0.998611093,0.052691482,0,0,0,1],"scale":1,"type":"italy_rock_wall_a_low"}
{"ctxid":0,"pos":[1115.59375,-66.295723,260.061523],"rotationMatrix":[0.866256952,0.496939659,-0.0514740199,-0.497599304,0.867406845,0,0.0446489193,0.0256134383,0.998674273],"scale":1,"type":"italy_rock_wall_a_low"}
{"ctxid":0,"pos":[-1850.36377,-232.167816,148.432861],"rotationMatrix":[0.215817168,0.976433575,0,-0.976433575,0.215817168,0,0,0,1],"scale":1,"type":"italy_rock_wall_a_low"}
{"ctxid":0,"pos":[784.107666,302.296509,174.340729],"rotationMatrix":[0.0620334223,0.998073876,0,-0.998073876,0.0620334223,0,0,0,1],"scale":1,"type":"italy_rock_wall_a_low"}
{"ctxid":0,"pos":[783.495667,285.258026,175.099747],"rotationMatrix":[0.00016188249,0.99999994,0,-0.99999994,0.00016188249,0,0,0,1],"scale":1,"type":"italy_rock_wall_a_low"}
{"ctxid":0,"pos":[329.526337,-59.3170547,182.820679],"rotationMatrix":[0.422550559,0.906339288,0,-0.906339288,0.422550559,0,0,0,1],"scale":1,"type":"italy_rock_wall_a_low"}
{"ctxid":0,"pos":[188.274948,365.88913,183.025253],"rotationMatrix":[-0.246160552,0.968728781,0.031134475,-0.969198585,-0.246279955,0,0.00766779669,-0.0301754884,0.999515176],"scale":1,"type":"italy_rock_wall_a_low"}
{"ctxid":0,"pos":[190.209717,358.714813,183.266052],"rotationMatrix":[-0.276045471,0.959203243,-0.0610557385,-0.960996151,-0.276561469,0,-0.0168856643,0.058674328,0.998134315],"scale":1,"type":"italy_rock_wall_a_low"}
{"ctxid":0,"pos":[769.889099,-555.110229,188.208786],"rotationMatrix":[0.862321317,-0.500433564,-0.077253446,0.501933694,0.864906073,0,0.0668169707,-0.0387761071,0.997011542],"scale":1,"type":"italy_rock_wall_a_low"}
{"ctxid":0,"pos":[780.23468,-560.661743,187.356308],"rotationMatrix":[0.939131796,-0.343556881,0,0.343556881,0.939131796,0,0,0,1],"scale":1,"type":"italy_rock_wall_a_low"}
{"ctxid":0,"pos":[793.929565,-566.715576,186.53595],"rotationMatrix":[0.918958783,-0.3943533,0,0.3943533,0.918958783,0,0,0,1],"scale":1,"type":"italy_rock_wall_a_low"}
{"ctxid":0,"pos":[738.034851,-810.676941,193.124802],"rotationMatrix":[0.933554709,-0.358435005,0,0.358435005,0.933554709,0,0,0,1],"scale":1,"type":"italy_rock_wall_a_low"}
{"ctxid":0,"pos":[746.104736,-814.346741,193.759247],"rotationMatrix":[0.908306658,-0.396136642,0.134368971,0.399761915,0.916619062,0,-0.123165168,0.0537155978,0.990931392],"scale":1,"type":"italy_rock_wall_a_low"}
{"ctxid":0,"pos":[-204.113098,849.218262,205.521515],"rotationMatrix":[0.762271106,0.647257924,0,-0.647257924,0.762271106,0,0,0,1],"scale":1,"type":"italy_rock_wall_a_low"}
{"ctxid":0,"pos":[49.0560188,325.933014,186.224426],"rotationMatrix":[0.962160408,0.219163179,0.161910087,-0.222093657,0.975025296,0,-0.157866448,-0.0359591991,0.986805439],"scale":1,"type":"italy_rock_wall_a_low"}
{"ctxid":0,"pos":[89.548645,336.709961,187.927841],"rotationMatrix":[0.958938122,0.262673587,-0.106962107,-0.264189184,0.964471042,0,0.103161879,0.0282582361,0.994262993],"scale":1,"type":"italy_rock_wall_a_low"}
{"ctxid":0,"pos":[-563.798035,335.048523,189.742172],"rotationMatrix":[-0.11148604,0.993766069,0,-0.993766069,-0.11148604,0,0,0,1],"scale":1,"type":"italy_rock_wall_a_low"}
{"ctxid":0,"pos":[724.776489,925.605103,179.187836],"rotationMatrix":[0.996341527,-0.0467519313,-0.0715366527,0.046872016,0.998900712,0,0.0714580193,-0.00335306744,0.997437954],"scale":1,"type":"italy_rock_wall_a_low"}
{"ctxid":0,"pos":[366.548584,-1130.94019,340.353668],"rotationMatrix":[0.879529417,0.475844711,0,-0.475844711,0.879529417,0,0,0,1],"scale":1,"type":"italy_rock_wall_a_low"}
{"ctxid":0,"pos":[59.8855934,-1597.38782,410.67218],"rotationMatrix":[0.954020917,-0.299739778,0,0.299739778,0.954020917,0,0,0,1],"scale":1,"type":"italy_rock_wall_a_low"}
{"ctxid":0,"pos":[-81.2760773,-1479.50488,394.449463],"rotationMatrix":[0.991820514,-0.12763904,0,0.12763904,0.991820514,0,0,0,1],"scale":1,"type":"italy_rock_wall_a_low"}
{"ctxid":0,"pos":[-89.8998337,-1523.56519,375.288544],"rotationMatrix":[0.18779321,-0.982208312,0,0.982208312,0.18779321,0,0,0,1],"scale":1,"type":"italy_rock_wall_a_low"}
{"ctxid":0,"pos":[1354.89209,-1334.13354,270.608612],"rotationMatrix":[0.191278473,0.981535733,0,-0.981535733,0.191278473,0,0,0,1],"scale":1,"type":"italy_rock_wall_a_low"}
{"ctxid":0,"pos":[1510.6449,-990.634949,160.733917],"rotationMatrix":[1,0,0,0,1,0,0,0,1],"scale":1,"type":"italy_rock_wall_a_low"}
{"ctxid":0,"pos":[1046.33984,-201.968124,260.636322],"rotationMatrix":[0.903630793,0.428311884,0,-0.428311884,0.903630793,0,0,0,1],"scale":1,"type":"italy_rock_wall_a_low"}
{"ctxid":0,"pos":[859.697449,-599.205811,179.134796],"rotationMatrix":[0.933091104,-0.359639645,0,0.359639645,0.933091104,0,0,0,1],"scale":1,"type":"italy_rock_wall_a_low"}
{"ctxid":0,"pos":[1302.48474,845.519958,186.22995],"rotationMatrix":[0.993273795,-0.0630412698,0.0971248299,0.0633407459,0.997991979,-1.16415322e-10,-0.0969297662,0.00615195604,0.995272279],"scale":1,"type":"italy_rock_wall_a_low"}
{"ctxid":0,"pos":[644.379944,1011.43994,172.379974],"rotationMatrix":[0.258819103,-0.965925694,0,0.965925694,0.258819103,0,0,0,1],"scale":1,"type":"italy_rock_wall_a_low"}
{"ctxid":0,"pos":[-422.138428,-542.996765,403.373138],"rotationMatrix":[0.99887234,-0.0474767983,0,0.0474767983,0.99887234,0,0,0,1],"scale":1,"type":"italy_rock_wall_a_low"}
{"ctxid":0,"pos":[555.836914,1115.88818,175.688095],"rotationMatrix":[-0.0213234536,-0.999772608,0,0.999772608,-0.0213234536,0,0,0,1],"scale":1,"type":"italy_rock_wall_a_low"}
{"ctxid":0,"pos":[968.200073,637.700073,189.599991],"rotationMatrix":[-0.478838861,-0.877902448,0,0.877902448,-0.478838861,0,0,0,1],"scale":1,"type":"italy_rock_wall_a_low"}
{"ctxid":0,"pos":[1084.7998,542.5,182.633972],"rotationMatrix":[0.49700278,0.867748797,0,-0.867748797,0.49700278,0,0,0,1],"scale":1,"type":"italy_rock_wall_a_low"}
{"ctxid":0,"pos":[1081.69983,537.30011,182.633972],"rotationMatrix":[-0.532653689,-0.846332669,0,0.846332669,-0.532653689,0,0,0,1],"scale":1,"type":"italy_rock_wall_a_low"}
{"ctxid":0,"pos":[1069.00012,556.5,181.800003],"rotationMatrix":[0.875805199,-0.482664704,0,0.482664704,0.875805199,0,0,0,1],"scale":1,"type":"italy_rock_wall_a_low"}
{"ctxid":0,"pos":[974.69989,500.199982,181.718445],"rotationMatrix":[0.830780268,-0.556601048,0,0.556601048,0.830780268,0,0,0,1],"scale":1,"type":"italy_rock_wall_a_low"}
{"ctxid":0,"pos":[970.100159,503.900024,181.726135],"rotationMatrix":[-0.734530687,0.678575158,0,-0.678575158,-0.734530687,0,0,0,1],"scale":1,"type":"italy_rock_wall_a_low"}
