{"ctxid":0,"pos":[-499.552002,-1498.67004,141.350006],"rotationMatrix":[-0.397816658,0.91737479,-0.0128627671,-0.917450309,-0.397850394,-6.97831128e-05,-0.00518147415,0.0117731886,0.999917269],"scale":1,"type":"italy_wall_stone"}
{"ctxid":0,"pos":[-1.27690005,-1925.45996,149.533005],"rotationMatrix":[-0.918068647,0.395689547,0.0240778942,-0.395802736,-0.918335557,7.06285136e-05,0.0221395325,-0.00946525391,0.999710083],"scale":1,"type":"italy_wall_stone"}
{"ctxid":0,"pos":[-3.98880005,-1924.27002,149.612],"rotationMatrix":[-0.912985921,0.406957388,0.02902399,-0.407127798,-0.913371205,4.19641801e-05,0.0265267547,-0.01177816,0.999578714],"scale":1,"type":"italy_wall_stone"}
{"ctxid":0,"pos":[-6.69040012,-1923.05005,149.703995],"rotationMatrix":[-0.909473419,0.414439112,0.0331410617,-0.414665878,-0.909973741,3.33926509e-05,0.0301713347,-0.0137120979,0.999450684],"scale":1,"type":"italy_wall_stone"}
{"ctxid":0,"pos":[-9.38379955,-1921.81995,149.807999],"rotationMatrix":[-0.907134771,0.41924268,0.0366343968,-0.419521838,-0.907745242,7.39048628e-05,0.0332856812,-0.0153018869,0.999328732],"scale":1,"type":"italy_wall_stone"}
{"ctxid":0,"pos":[-12.0712996,-1920.56995,149.921005],"rotationMatrix":[-0.905969739,0.421455145,0.039929729,-0.421790451,-0.906693339,2.99288258e-05,0.0362166353,-0.0168148652,0.99920249],"scale":1,"type":"italy_wall_stone"}
{"ctxid":0,"pos":[-14.7578001,-1919.31995,150.044006],"rotationMatrix":[-0.905975103,0.421162605,0.0427921489,-0.421547443,-0.90680635,3.37603888e-05,0.0388184115,-0.0180083346,0.999083996],"scale":1,"type":"italy_wall_stone"}
{"ctxid":0,"pos":[-17.4452991,-1918.06995,150.175003],"rotationMatrix":[-0.906762004,0.419185132,0.0454587229,-0.419620603,-0.907699585,-4.09835047e-05,0.041245684,-0.0191125795,0.998966217],"scale":1,"type":"italy_wall_stone"}
{"ctxid":0,"pos":[-20.1357002,-1916.83997,150.313004],"rotationMatrix":[-0.908328533,0.415529907,0.0476882681,-0.416005015,-0.909362316,-4.17064039e-05,0.0433485806,-0.019876441,0.998862267],"scale":1,"type":"italy_wall_stone"}
{"ctxid":0,"pos":[-22.8330002,-1915.60999,150.457993],"rotationMatrix":[-0.910675645,0.410099804,0.0498799719,-0.410607517,-0.911812186,7.50851614e-05,0.045511961,-0.0204127133,0.998755217],"scale":1,"type":"italy_wall_stone"}
{"ctxid":0,"pos":[-25.5380993,-1914.40002,150.608002],"rotationMatrix":[-0.913806677,0.402822554,0.0518782586,-0.403361171,-0.915040851,9.55267242e-05,0.0475092083,-0.0208383817,0.998653412],"scale":1,"type":"italy_wall_stone"}
{"ctxid":0,"pos":[-28.2528992,-1913.21997,150.764999],"rotationMatrix":[-0.917723536,0.393576115,0.0536782593,-0.394144058,-0.919048667,5.77920537e-06,0.0493352078,-0.0211516637,0.998558283],"scale":1,"type":"italy_wall_stone"}
{"ctxid":0,"pos":[-30.9810009,-1912.06995,150.927002],"rotationMatrix":[-0.922034502,0.38314563,0.0552431867,-0.383730829,-0.923444986,1.50229444e-05,0.0510198027,-0.0211846624,0.998472929],"scale":1,"type":"italy_wall_stone"}
{"ctxid":0,"pos":[-33.7235985,-1910.94995,151.093002],"rotationMatrix":[-0.927528143,0.369410098,0.0568129905,-0.370012611,-0.929026723,-9.25276909e-05,0.0527466051,-0.0211073458,0.998384833],"scale":1,"type":"italy_wall_stone"}
{"ctxid":0,"pos":[-36.4833984,-1909.88,151.264008],"rotationMatrix":[-0.933420658,0.354008168,0.05834461,-0.354616433,-0.935011864,-7.64792421e-05,0.0545258299,-0.0207613446,0.998296499],"scale":1,"type":"italy_wall_stone"}
{"ctxid":0,"pos":[-39.2607002,-1908.84998,151.438995],"rotationMatrix":[-0.939713955,0.3367185,0.0596516989,-0.337318033,-0.941390753,2.07849716e-05,0.0561625585,-0.0201020613,0.998219252],"scale":1,"type":"italy_wall_stone"}
{"ctxid":0,"pos":[-42.0586014,-1907.88,151.617996],"rotationMatrix":[-0.946807146,0.315974116,0.0609637983,-0.316564202,-0.948571086,-2.1933427e-05,0.0578215681,-0.0193197243,0.998139977],"scale":1,"type":"italy_wall_stone"}
{"ctxid":0,"pos":[-44.8788986,-1906.97998,151.800003],"rotationMatrix":[-0.954702258,0.291062385,0.0618569627,-0.291625023,-0.956532717,-7.07199142e-05,0.0591476262,-0.0181065556,0.998085022],"scale":1,"type":"italy_wall_stone"}
{"ctxid":0,"pos":[-47.7201996,-1906.15002,151.985001],"rotationMatrix":[-0.959840894,0.273480117,0.0625626966,-0.274013132,-0.96172595,6.25073008e-05,0.0601852648,-0.0170830023,0.998041034],"scale":1,"type":"italy_wall_stone"}
{"ctxid":0,"pos":[-50.5718002,-1905.34998,152.171005],"rotationMatrix":[-0.962611914,0.263472587,0.0629324615,-0.26399681,-0.964523554,-1.50380729e-05,0.0606958792,-0.0166284442,0.998017788],"scale":1,"type":"italy_wall_stone"}
{"ctxid":0,"pos":[-53.4320984,-1904.58997,152.358002],"rotationMatrix":[-0.965383291,0.253093451,0.0630778223,-0.253594309,-0.967310667,6.7910798e-05,0.0610330403,-0.0159306172,0.998008609],"scale":1,"type":"italy_wall_stone"}
{"ctxid":0,"pos":[-56.3008003,-1903.84998,152.544998],"rotationMatrix":[-0.968156815,0.242331892,0.0628302246,-0.242805883,-0.970074892,9.41665276e-05,0.0609728433,-0.01516438,0.998024225],"scale":1,"type":"italy_wall_stone"}
{"ctxid":0,"pos":[-59.1777,-1903.15002,152.731003],"rotationMatrix":[-0.970932364,0.231027365,0.0625835583,-0.231474757,-0.972840905,0.000104450613,0.0609079748,-0.0143850986,0.998039722],"scale":1,"type":"italy_wall_stone"}
{"ctxid":0,"pos":[-62.0639992,-1902.47998,152.916],"rotationMatrix":[-0.973710179,0.219205961,0.0619454011,-0.219624907,-0.975584388,4.69089937e-05,0.0604432523,-0.0135590779,0.998079538],"scale":1,"type":"italy_wall_stone"}
{"ctxid":0,"pos":[-64.9580002,-1901.84998,153.098999],"rotationMatrix":[-0.976887703,0.204832777,0.0611060522,-0.205221549,-0.978715539,-8.82262393e-05,0.0597873703,-0.0126264663,0.998131275],"scale":1,"type":"italy_wall_stone"}
{"ctxid":0,"pos":[-67.8612976,-1901.26001,153.279007],"rotationMatrix":[-0.979668736,0.191422999,0.0600533076,-0.191769734,-0.981439948,-1.03505699e-05,0.0589367338,-0.0115265464,0.998195171],"scale":1,"type":"italy_wall_stone"}
{"ctxid":0,"pos":[-70.7733994,-1900.71997,153.455002],"rotationMatrix":[-0.982850432,0.174777403,0.0588038191,-0.175081566,-0.984553933,-2.06263394e-05,0.0578919277,-0.0103157368,0.998269558],"scale":1,"type":"italy_wall_stone"}
{"ctxid":0,"pos":[-73.6939011,-1900.21997,153.628006],"rotationMatrix":[-0.986035228,0.156419516,0.0571617261,-0.156682089,-0.987649083,-0.00011299341,0.0564380512,-0.00906763412,0.998364925],"scale":1,"type":"italy_wall_stone"}
{"ctxid":0,"pos":[-76.625,-1899.79004,153.794006],"rotationMatrix":[-0.988823056,0.138534889,0.0551094301,-0.138743773,-0.990328312,3.59431542e-05,0.0545814075,-0.00761054875,0.99848032],"scale":1,"type":"italy_wall_stone"}
{"ctxid":0,"pos":[-79.5659027,-1899.41003,153.953995],"rotationMatrix":[-0.99201262,0.114709072,0.0524670407,-0.114865758,-0.993381023,2.93305202e-05,0.0521231256,-0.00599756977,0.998622656],"scale":1,"type":"italy_wall_stone"}
{"ctxid":0,"pos":[-82.516098,-1899.12,154.104996],"rotationMatrix":[-0.995205164,0.0845146701,0.0492336452,-0.0846221074,-0.996413112,-9.81475241e-05,0.0490487553,-0.00426393189,0.998787284],"scale":1,"type":"italy_wall_stone"}
{"ctxid":0,"pos":[-85.4750977,-1898.91003,154.244995],"rotationMatrix":[-0.997601509,0.052589938,0.0450058617,-0.0526459552,-0.998613238,-5.95139354e-05,0.0449403189,-0.00242874795,0.998986721],"scale":1,"type":"italy_wall_stone"}
{"ctxid":0,"pos":[-88.4419022,-1898.81995,154.371002],"rotationMatrix":[-0.999200225,0.00686935242,0.0393919088,-0.00686935242,-0.999976397,0.000135352588,0.0393919088,-0.000135352588,0.999223828],"scale":1,"type":"italy_wall_stone"}
{"ctxid":0,"pos":[-91.4092026,-1898.87,154.479004],"rotationMatrix":[-0.998400688,-0.0451619253,0.0340068601,0.0451906808,-0.998978376,7.70547194e-05,0.0339686386,0.00161372463,0.999421597],"scale":1,"type":"italy_wall_stone"}
{"ctxid":0,"pos":[-94.3701019,-1899.06006,154.576996],"rotationMatrix":[-0.996402502,-0.0783837661,0.032218609,0.0784222856,-0.996920228,-6.84880433e-05,0.0321247503,0.00245841499,0.999480844],"scale":1,"type":"italy_wall_stone"}
{"ctxid":0,"pos":[-97.3231964,-1899.33997,154.669998],"rotationMatrix":[-0.993606329,-0.108606644,0.0308392681,0.108656518,-0.994079351,-5.87771356e-05,0.0306630637,0.0032924863,0.999524355],"scale":1,"type":"italy_wall_stone"}
{"ctxid":0,"pos":[-100.266998,-1899.68994,154.759995],"rotationMatrix":[-0.99081254,-0.131993875,0.0294640101,0.132053062,-0.991242647,6.34899625e-05,0.0291976035,0.00395371951,0.99956584],"scale":1,"type":"italy_wall_stone"}
{"ctxid":0,"pos":[-103.205002,-1900.10999,154.845001],"rotationMatrix":[-0.988419175,-0.149089143,0.0282836277,0.149151474,-0.988814354,9.56575313e-05,0.0279529952,0.00431309454,0.999599934],"scale":1,"type":"italy_wall_stone"}
{"ctxid":0,"pos":[-106.134003,-1900.57996,154.927994],"rotationMatrix":[-0.985628247,-0.166710168,0.0272887442,0.166770309,-0.98599577,-7.31735854e-05,0.0269187856,0.00447883038,0.99962759],"scale":1,"type":"italy_wall_stone"}
{"ctxid":0,"pos":[-109.056,-1901.08997,155.007004],"rotationMatrix":[-0.98323822,-0.180417165,0.0263105799,0.180480495,-0.983578563,3.27189446e-05,0.0258726198,0.00478071719,0.999653816],"scale":1,"type":"italy_wall_stone"}
{"ctxid":0,"pos":[-111.971001,-1901.64001,155.082993],"rotationMatrix":[-0.981247067,-0.191084877,0.0253133364,0.191145152,-0.98156178,-3.87873552e-05,0.0248540137,0.0048004617,0.999679565],"scale":1,"type":"italy_wall_stone"}
{"ctxid":0,"pos":[-114.878998,-1902.22998,155.156006],"rotationMatrix":[-0.978859067,-0.203085557,0.0243142415,0.203143448,-0.979148984,-9.12016403e-05,0.023825787,0.00485000527,0.999704361],"scale":1,"type":"italy_wall_stone"}
{"ctxid":0,"pos":[-117.779999,-1902.84998,155.227005],"rotationMatrix":[-0.97687006,-0.212557986,0.0233235229,0.212613493,-0.977136374,-0.000102426631,0.0228120331,0.00485883793,0.999727964],"scale":1,"type":"italy_wall_stone"}
{"ctxid":0,"pos":[-120.677002,-1903.5,155.294006],"rotationMatrix":[-0.974484801,-0.223360091,0.0221278686,0.223412707,-0.974723935,-9.62813065e-05,0.0215900671,0.00484982226,0.999755144],"scale":1,"type":"italy_wall_stone"}
{"ctxid":0,"pos":[-123.566002,-1904.17004,155.358994],"rotationMatrix":[-0.972498059,-0.231949955,0.0211362373,0.232000202,-0.972715735,-7.72940548e-05,0.0205774792,0.00482844282,0.999776602],"scale":1,"type":"italy_wall_stone"}
{"ctxid":0,"pos":[-126.449997,-1904.87,155.419998],"rotationMatrix":[-0.970512509,-0.24022454,0.0199409667,0.240271896,-0.970705628,-2.15664677e-05,0.0193619896,0.00477032363,0.999801159],"scale":1,"type":"italy_wall_stone"}
{"ctxid":0,"pos":[-129.326996,-1905.58997,155.477005],"rotationMatrix":[-0.968527675,-0.248213425,0.0185537525,0.248257428,-0.968694091,7.12501496e-05,0.017955225,0.00467511453,0.999827862],"scale":1,"type":"italy_wall_stone"}
{"ctxid":0,"pos":[-132.197998,-1906.33997,155.529999],"rotationMatrix":[-0.966146946,-0.257422566,0.0171379223,0.25745967,-0.966289043,-4.17698684e-05,0.0165709388,0.0043719681,0.999853134],"scale":1,"type":"italy_wall_stone"}
{"ctxid":0,"pos":[-135.063004,-1907.12,155.578003],"rotationMatrix":[-0.963767529,-0.266302615,0.0153318178,0.266333222,-0.963881016,-4.7634494e-05,0.0147907333,0.00403746404,0.99988246],"scale":1,"type":"italy_wall_stone"}
{"ctxid":0,"pos":[-137.919998,-1907.92004,155.621002],"rotationMatrix":[-0.962578654,-0.270623028,0.0143354675,0.270651191,-0.962677479,2.52811169e-05,0.0137935895,0.00390424649,0.999897242],"scale":1,"type":"italy_wall_stone"}
{"ctxid":0,"pos":[-140.776001,-1908.71997,155.664993],"rotationMatrix":[-0.962578654,-0.270601451,0.0147372838,0.270630836,-0.962683201,1.31387992e-07,0.0141872996,0.00398848997,0.9998914],"scale":1,"type":"italy_wall_stone"}
{"ctxid":0,"pos":[-214.613007,-1931,156.873001],"rotationMatrix":[-0.947551847,-0.319200516,0.0160162933,0.319241732,-0.947673321,1.61899006e-05,0.0151730468,0.00512841018,0.999871731],"scale":1,"type":"italy_wall_stone"}
{"ctxid":0,"pos":[-217.421997,-1931.94995,156.921005],"rotationMatrix":[-0.946367979,-0.322693557,0.016016297,0.322734743,-0.946489453,-1.33475851e-05,0.0151635632,0.00515638385,0.999871731],"scale":1,"type":"italy_wall_stone"}
{"ctxid":0,"pos":[-220.227997,-1932.91003,156.968994],"rotationMatrix":[-0.944789886,-0.327285111,0.0160162169,0.327326328,-0.944911361,-5.22311639e-05,0.0151509997,0.0051931818,0.999871731],"scale":1,"type":"italy_wall_stone"}
{"ctxid":0,"pos":[-223.029999,-1933.89001,157.016998],"rotationMatrix":[-0.943212986,-0.33179149,0.0162379481,0.331836015,-0.943337083,5.11087055e-05,0.0153009007,0.00543654244,0.999868155],"scale":1,"type":"italy_wall_stone"}
{"ctxid":0,"pos":[-225.826004,-1934.88,157.065002],"rotationMatrix":[-0.941636086,-0.336240709,0.0162380226,0.336285233,-0.941760182,1.27812918e-05,0.0152880261,0.00547264284,0.999868155],"scale":1,"type":"italy_wall_stone"}
{"ctxid":0,"pos":[-228.615997,-1935.89001,157.113007],"rotationMatrix":[-0.939272165,-0.342788756,0.0162379686,0.342833281,-0.939396262,-4.37445233e-05,0.0152688827,0.00552582834,0.999868155],"scale":1,"type":"italy_wall_stone"}
{"ctxid":0,"pos":[-231.399994,-1936.91003,157.160995],"rotationMatrix":[-0.936909437,-0.349194854,0.0162377246,0.349239379,-0.937033534,-9.91837514e-05,0.0152499275,0.00557792699,0.999868155],"scale":1,"type":"italy_wall_stone"}
{"ctxid":0,"pos":[-234.175003,-1937.95996,157.209],"rotationMatrix":[-0.934155583,-0.356494397,0.0162819028,0.356542557,-0.934279084,5.9360962e-05,0.0151906796,0.00586064346,0.999867439],"scale":1,"type":"italy_wall_stone"}
{"ctxid":0,"pos":[-236.942001,-1939.03003,157.257996],"rotationMatrix":[-0.930617094,-0.365631938,0.0162819978,0.365680099,-0.930740595,-2.04163825e-05,0.0151617816,0.00593500305,0.999867439],"scale":1,"type":"italy_wall_stone"}
{"ctxid":0,"pos":[-239.697006,-1940.13,157.306],"rotationMatrix":[-0.926689744,-0.375473112,0.0163111407,0.375524044,-0.926812649,6.40500148e-05,0.0150933228,0.00618458027,0.999866962],"scale":1,"type":"italy_wall_stone"}
{"ctxid":0,"pos":[-242.440002,-1941.26001,157.354996],"rotationMatrix":[-0.921589136,-0.387815326,0.0165144727,0.387867212,-0.92171526,-6.68551002e-05,0.0152475685,0.00634380942,0.999863625],"scale":1,"type":"italy_wall_stone"}
{"ctxid":0,"pos":[-245.164993,-1942.43005,157.404007],"rotationMatrix":[-0.914930224,-0.403272569,0.0165506303,0.403327376,-0.915055752,-2.87028579e-05,0.015156325,0.00664906111,0.999863029],"scale":1,"type":"italy_wall_stone"}
{"ctxid":0,"pos":[-247.867996,-1943.66003,157.453003],"rotationMatrix":[-0.90632987,-0.422244966,0.0165938083,0.42230311,-0.906454682,-7.62898026e-07,0.015041858,0.00700692553,0.999862313],"scale":1,"type":"italy_wall_stone"}
{"ctxid":0,"pos":[-338.548004,-1749.93994,156.701004],"rotationMatrix":[-0.57757473,0.81350553,-0.0679423735,-0.815389991,-0.57891202,7.81170638e-06,-0.0393263027,0.0554040447,0.997689247],"scale":1,"type":"italy_wall_stone"}
{"ctxid":0,"pos":[-340.213013,-1747.53003,156.5],"rotationMatrix":[-0.5556674,0.828563333,-0.0686770678,-0.830526769,-0.556978703,6.58347199e-05,-0.0381971151,0.0570747256,0.997638941],"scale":1,"type":"italy_wall_stone"}
{"ctxid":0,"pos":[-341.811005,-1745.06995,156.296997],"rotationMatrix":[-0.531814456,0.843996048,-0.0695990473,-0.846045613,-0.533110499,-5.56327104e-05,-0.0371509343,0.0588543825,0.997575045],"scale":1,"type":"italy_wall_stone"}
{"ctxid":0,"pos":[-343.337006,-1742.56995,156.091003],"rotationMatrix":[-0.507460356,0.858775496,-0.0706302449,-0.860924482,-0.508732796,-3.14693243e-05,-0.0359589458,0.0607913323,0.997502565],"scale":1,"type":"italy_wall_stone"}
{"ctxid":0,"pos":[-344.791992,-1740.02002,155.880997],"rotationMatrix":[-0.482967377,0.872677207,-0.0719512105,-0.874946535,-0.484219551,4.5244371e-05,-0.0348007008,0.0629753172,0.997408152],"scale":1,"type":"italy_wall_stone"}
{"ctxid":0,"pos":[-346.175995,-1737.43994,155.667007],"rotationMatrix":[-0.459020019,0.885384023,-0.0734557211,-0.887782931,-0.460262418,1.54758818e-05,-0.0337952077,0.0652198419,0.997298479],"scale":1,"type":"italy_wall_stone"}
{"ctxid":0,"pos":[-347.490997,-1734.81006,155.449005],"rotationMatrix":[-0.436965585,0.896334052,-0.0751421154,-0.89887321,-0.438208818,-6.43403473e-05,-0.032985609,0.0675151199,0.997172832],"scale":1,"type":"italy_wall_stone"}
{"ctxid":0,"pos":[-348.744995,-1732.17004,155.225998],"rotationMatrix":[-0.417101383,0.905605972,-0.0768392608,-0.908288717,-0.418343902,-8.14336163e-05,-0.0322189815,0.0697582662,0.99704349],"scale":1,"type":"italy_wall_stone"}
{"ctxid":0,"pos":[-349.945007,-1729.48999,154.996994],"rotationMatrix":[-0.400054336,0.913119614,-0.078543447,-0.915948987,-0.401294708,-9.02731699e-06,-0.0315273143,0.0719381794,0.996910691],"scale":1,"type":"italy_wall_stone"}
{"ctxid":0,"pos":[-351.097992,-1726.80005,154.764008],"rotationMatrix":[-0.386099219,0.918969154,-0.0801444948,-0.921934962,-0.387344718,6.63054425e-06,-0.0310374517,0.0738905668,0.996783257],"scale":1,"type":"italy_wall_stone"}
{"ctxid":0,"pos":[-352.216003,-1724.08997,154.524994],"rotationMatrix":[-0.374867797,0.923452199,-0.0819158182,-0.926566541,-0.376130939,1.23809441e-05,-0.0307996422,0.0759050995,0.996639252],"scale":1,"type":"italy_wall_stone"}
{"ctxid":0,"pos":[-353.302002,-1721.37,154.281998],"rotationMatrix":[-0.36400497,0.927669227,-0.0832479298,-0.930902719,-0.365267158,7.35793583e-05,-0.0303394776,0.0775225088,0.996528864],"scale":1,"type":"italy_wall_stone"}
{"ctxid":0,"pos":[-354.355988,-1718.63,154.035995],"rotationMatrix":[-0.353187203,0.931721151,-0.0845841691,-0.935075819,-0.354447722,0.000122631056,-0.0298664086,0.0791359246,0.99641633],"scale":1,"type":"italy_wall_stone"}
{"ctxid":0,"pos":[-355.380005,-1715.89001,153.785004],"rotationMatrix":[-0.344380856,0.934859753,-0.0862500891,-0.938357234,-0.345667005,2.43753057e-05,-0.0297910217,0.0809417889,0.996273518],"scale":1,"type":"italy_wall_stone"}
{"ctxid":0,"pos":[-356.382996,-1713.14001,153.529007],"rotationMatrix":[-0.339200974,0.936596692,-0.0879165083,-0.940239906,-0.340512753,8.15032472e-05,-0.029860355,0.0826902539,0.996127844],"scale":1,"type":"italy_wall_stone"}
{"ctxid":0,"pos":[-357.377991,-1710.38,153.266998],"rotationMatrix":[-0.338281155,0.936724484,-0.090072602,-0.940547287,-0.33966279,-1.15083531e-05,-0.0306050926,0.0847136527,0.995935202],"scale":1,"type":"italy_wall_stone"}
{"ctxid":0,"pos":[-358.377991,-1707.63,152.998993],"rotationMatrix":[-0.342926502,0.934807479,-0.0923926309,-0.938824892,-0.344394803,5.52767524e-05,-0.0317678675,0.086759463,0.995722651],"scale":1,"type":"italy_wall_stone"}
{"ctxid":0,"pos":[-359.402008,-1704.88,152.723999],"rotationMatrix":[-0.354799628,0.930094182,-0.0950894132,-0.934327781,-0.356414914,-3.10315272e-06,-0.0338941701,0.0888435766,0.995468736],"scale":1,"type":"italy_wall_stone"}
{"ctxid":0,"pos":[-360.473999,-1702.16003,152.440002],"rotationMatrix":[-0.374657393,0.921968579,-0.0980093405,-0.926429331,-0.376468778,1.2399043e-05,-0.0368860252,0.0908033773,0.995185494],"scale":1,"type":"italy_wall_stone"}
{"ctxid":0,"pos":[-361.617004,-1699.46997,152.147003],"rotationMatrix":[-0.402996421,0.909605384,-0.101054266,-0.914286375,-0.405068398,1.73488152e-05,-0.0409181118,0.0923995301,0.994880915],"scale":1,"type":"italy_wall_stone"}
{"ctxid":0,"pos":[-362.855988,-1696.81995,151.845001],"rotationMatrix":[-0.439053178,0.892392755,-0.10424716,-0.897283554,-0.441454649,4.09347267e-05,-0.0459838659,0.0935572386,0.99455142],"scale":1,"type":"italy_wall_stone"}
{"ctxid":0,"pos":[-364.210999,-1694.22998,151.533997],"rotationMatrix":[-0.481711864,0.86978513,-0.106899329,-0.874800861,-0.484482646,5.74893966e-05,-0.0517408662,0.0935433209,0.994269848],"scale":1,"type":"italy_wall_stone"}
{"ctxid":0,"pos":[-365.699005,-1691.70996,151.216995],"rotationMatrix":[-0.528097391,0.842152953,-0.109048419,-0.847200572,-0.531273127,-8.07230026e-05,-0.0580024756,0.0923432559,0.994036436],"scale":1,"type":"italy_wall_stone"}
{"ctxid":0,"pos":[-367.324005,-1689.28003,150.893997],"rotationMatrix":[-0.575183034,0.810541868,-0.110391855,-0.8155303,-0.578714371,6.31170697e-05,-0.0638341904,0.0900642052,0.99388814],"scale":1,"type":"italy_wall_stone"}
{"ctxid":0,"pos":[-369.084991,-1686.94995,150.567993],"rotationMatrix":[-0.620081663,0.776616812,-0.111198097,-0.781456172,-0.623960137,-0.00010172528,-0.0694621801,0.0868333578,0.993798256],"scale":1,"type":"italy_wall_stone"}
{"ctxid":0,"pos":[-370.971985,-1684.71997,150.240997],"rotationMatrix":[-0.661245942,0.741882861,-0.111191735,-0.74651587,-0.665367603,5.18119741e-05,-0.0739449412,0.0830406547,0.993798971],"scale":1,"type":"italy_wall_stone"}
{"ctxid":0,"pos":[-372.972992,-1682.58997,149.914993],"rotationMatrix":[-0.699591875,0.705979228,-0.110293031,-0.710303962,-0.703895092,-0.000112803224,-0.0777143613,0.0782626569,0.993899107],"scale":1,"type":"italy_wall_stone"}
{"ctxid":0,"pos":[-483.302002,-1624.94995,143.561005],"rotationMatrix":[-0.446712017,0.894632638,-0.00898961909,-0.894669175,-0.446729302,9.49708992e-05,-0.00393096218,0.00808515958,0.999959588],"scale":1,"type":"italy_wall_stone"}
{"ctxid":0,"pos":[-484.531006,-1622.18005,143.531998],"rotationMatrix":[-0.363247633,0.931636691,-0.010207057,-0.931685448,-0.36326611,4.68900216e-05,-0.00366419321,0.0095267985,0.999947906],"scale":1,"type":"italy_wall_stone"}
{"ctxid":0,"pos":[-485.501007,-1619.31006,143.498993],"rotationMatrix":[-0.27714467,0.960761964,-0.011283217,-0.960823178,-0.277162075,2.20295515e-05,-0.00310611469,0.0108472817,0.999936342],"scale":1,"type":"italy_wall_stone"}
{"ctxid":0,"pos":[-486.208008,-1616.35999,143.462997],"rotationMatrix":[-0.192308664,0.981254935,-0.0124961389,-0.981331706,-0.19232285,6.76989221e-05,-0.0023368632,0.0122758765,0.999921918],"scale":1,"type":"italy_wall_stone"}
{"ctxid":0,"pos":[-486.666992,-1613.37,143.423004],"rotationMatrix":[-0.113371015,0.993461668,-0.013451675,-0.993551672,-0.113380432,6.29005881e-05,-0.00146266737,0.0133720646,0.99990952],"scale":1,"type":"italy_wall_stone"}
{"ctxid":0,"pos":[-486.899994,-1610.34998,143.380997],"rotationMatrix":[-0.0426179171,0.998987257,-0.0144266505,-0.999091268,-0.0426220894,1.8269564e-05,-0.00059664296,0.0144143198,0.99989593],"scale":1,"type":"italy_wall_stone"}
{"ctxid":0,"pos":[-486.934998,-1607.31995,143.335999],"rotationMatrix":[0.0174179077,0.999729574,-0.0154094379,-0.999848247,0.0174200535,5.02638295e-06,0.000273458252,0.0154070118,0.999881268],"scale":1,"type":"italy_wall_stone"}
{"ctxid":0,"pos":[-486.804993,-1604.29004,143.287994],"rotationMatrix":[0.0664058924,0.997662246,-0.016134901,-0.997792065,0.0664150715,3.31383671e-05,0.0011046615,0.0160970762,0.999869823],"scale":1,"type":"italy_wall_stone"}
{"ctxid":0,"pos":[-486.541992,-1601.28003,143.238007],"rotationMatrix":[0.104263306,0.994404554,-0.0169912521,-0.994548202,0.10427773,-3.72409049e-05,0.00173477677,0.0169025026,0.999855638],"scale":1,"type":"italy_wall_stone"}
{"ctxid":0,"pos":[-486.179993,-1598.27002,143.186005],"rotationMatrix":[0.131877899,0.991110206,-0.0175706446,-0.99126333,0.131897807,-2.60558882e-05,0.00229170523,0.0174205713,0.999845624],"scale":1,"type":"italy_wall_stone"}
{"ctxid":0,"pos":[-485.751007,-1595.27002,143.130997],"rotationMatrix":[0.149433136,0.988599896,-0.018437868,-0.988767922,0.149459124,3.18612219e-05,0.00278720562,0.0182260107,0.999830008],"scale":1,"type":"italy_wall_stone"}
{"ctxid":0,"pos":[-485.28299,-1592.27002,143.074005],"rotationMatrix":[0.157751083,0.987293124,-0.0191543996,-0.987474144,0.157780766,3.89333691e-05,0.00306063448,0.018908333,0.999816537],"scale":1,"type":"italy_wall_stone"}
{"ctxid":0,"pos":[-484.806,-1589.28003,143.014999],"rotationMatrix":[0.154887676,0.987735271,-0.0197185818,-0.987927318,0.154918194,2.03712971e-05,0.00307488861,0.0194773711,0.99980557],"scale":1,"type":"italy_wall_stone"}
{"ctxid":0,"pos":[-484.347992,-1586.29004,142.955002],"rotationMatrix":[0.147327662,0.98888284,-0.0201311931,-0.989083529,0.147356033,-7.48272651e-05,0.00289245718,0.0199224539,0.999797344],"scale":1,"type":"italy_wall_stone"}
{"ctxid":0,"pos":[-483.915009,-1583.29004,142.893005],"rotationMatrix":[0.138684511,0.990126193,-0.020413531,-0.990332544,0.13871336,-2.77702748e-06,0.00282887975,0.0202165693,0.999791622],"scale":1,"type":"italy_wall_stone"}
{"ctxid":0,"pos":[-483.507996,-1580.29004,142.830994],"rotationMatrix":[0.128942251,0.991433322,-0.0208295304,-0.991648674,0.128968716,-7.339484e-05,0.00261359173,0.0206650402,0.999783039],"scale":1,"type":"italy_wall_stone"}
{"ctxid":0,"pos":[-483.134003,-1577.28003,142.766998],"rotationMatrix":[0.11781764,0.992807984,-0.0212428793,-0.993032396,0.117841601,-0.000124656537,0.00237953477,0.0211095531,0.999774337],"scale":1,"type":"italy_wall_stone"}
{"ctxid":0,"pos":[-482.79599,-1574.27002,142.701996],"rotationMatrix":[0.105017662,0.994237304,-0.021527471,-0.994467795,0.105041981,-1.1226316e-06,0.00226017204,0.0214084946,0.999768257],"scale":1,"type":"italy_wall_stone"}
{"ctxid":0,"pos":[-482.5,-1571.26001,142.636002],"rotationMatrix":[0.0902380943,0.995678425,-0.0219441913,-0.995918274,0.0902597904,-1.7715297e-06,0.00197891425,0.0218547806,0.999759197],"scale":1,"type":"italy_wall_stone"}
{"ctxid":0,"pos":[-482.251007,-1568.23999,142.567993],"rotationMatrix":[0.0734329224,0.99704951,-0.0223584622,-0.997298777,0.0734517574,2.12346858e-05,0.00166344037,0.0222965069,0.999750018],"scale":1,"type":"italy_wall_stone"}
{"ctxid":0,"pos":[-482.058014,-1565.20996,142.5],"rotationMatrix":[0.0540030003,0.998284221,-0.0226339139,-0.998540103,0.0540158749,-4.26145853e-05,0.00118004926,0.0226031728,0.999743819],"scale":1,"type":"italy_wall_stone"}
{"ctxid":0,"pos":[-481.927002,-1562.18994,142.431],"rotationMatrix":[0.031868577,0.999229431,-0.0229111891,-0.99949187,0.0318751335,-7.90616541e-05,0.000651296461,0.0229020659,0.999737501],"scale":1,"type":"italy_wall_stone"}
{"ctxid":0,"pos":[-481.868011,-1559.16003,142.360992],"rotationMatrix":[0.00694322586,0.999710202,-0.0230512526,-0.99997586,0.00694656372,6.4729742e-05,0.000224837975,0.0230502468,0.999734282],"scale":1,"type":"italy_wall_stone"}
{"ctxid":0,"pos":[-481.889008,-1556.13,142.291],"rotationMatrix":[-0.021437645,0.999501169,-0.0231904909,-0.999770045,-0.0214442015,-3.40482766e-05,-0.000531332858,0.023184428,0.999731064],"scale":1,"type":"italy_wall_stone"}
{"ctxid":0,"pos":[-482.001007,-1553.09998,142.220993],"rotationMatrix":[-0.0528253317,0.998337448,-0.0230614692,-0.998602927,-0.0528416634,-9.89453183e-05,-0.00131738721,0.0230240226,0.999734044],"scale":1,"type":"italy_wall_stone"}
{"ctxid":0,"pos":[-482.210999,-1550.07996,142.151001],"rotationMatrix":[-0.0870463848,0.995943606,-0.0227861423,-0.99620229,-0.0870689154,3.34048877e-06,-0.00198063767,0.0226998962,0.999740362],"scale":1,"type":"italy_wall_stone"}
{"ctxid":0,"pos":[-482.531006,-1547.06995,142.082993],"rotationMatrix":[-0.123310328,0.992115676,-0.0223850869,-0.992364228,-0.123341918,-3.07829105e-05,-0.00279155979,0.0222103633,0.999749422],"scale":1,"type":"italy_wall_stone"}
{"ctxid":0,"pos":[-482.963013,-1544.06995,142.016006],"rotationMatrix":[-0.161386013,0.986655831,-0.0215606075,-0.986885369,-0.161422491,4.91372848e-05,-0.00343188527,0.0212857779,0.999767542],"scale":1,"type":"italy_wall_stone"}
{"ctxid":0,"pos":[-483.51001,-1541.08997,141.951996],"rotationMatrix":[-0.199165463,0.979749084,-0.0206109993,-0.979957044,-0.199208975,-5.91118114e-05,-0.00416381098,0.0201861206,0.999787569],"scale":1,"type":"italy_wall_stone"}
{"ctxid":0,"pos":[-484.17099,-1538.14001,141.891006],"rotationMatrix":[-0.235978365,0.971562266,-0.0195179153,-0.971746981,-0.236024976,-8.70325603e-05,-0.00469127297,0.018945938,0.999809504],"scale":1,"type":"italy_wall_stone"}
{"ctxid":0,"pos":[-484.938995,-1535.20996,141.834],"rotationMatrix":[-0.270159721,0.962645054,-0.0181182418,-0.962803423,-0.270202875,6.87378852e-05,-0.00482943095,0.0174628757,0.999835849],"scale":1,"type":"italy_wall_stone"}
{"ctxid":0,"pos":[-485.806,-1532.31006,141.781998],"rotationMatrix":[-0.300932646,0.953500867,-0.0166009832,-0.953632236,-0.300974369,-1.56190799e-05,-0.00501136342,0.0158265326,0.999862194],"scale":1,"type":"italy_wall_stone"}
{"ctxid":0,"pos":[-486.759003,-1529.43005,141.733994],"rotationMatrix":[-0.327185035,0.94484055,-0.0150411809,-0.944947958,-0.327220678,9.65110594e-05,-0.0048305979,0.0142447101,0.99988687],"scale":1,"type":"italy_wall_stone"}
{"ctxid":0,"pos":[-487.783997,-1526.57996,141.690002],"rotationMatrix":[-0.34942472,0.936869025,-0.0133717824,-0.936952591,-0.349456429,-3.72197101e-05,-0.00470772525,0.0125157209,0.999910593],"scale":1,"type":"italy_wall_stone"}
{"ctxid":0,"pos":[-488.871002,-1523.76001,141.651993],"rotationMatrix":[-0.367219567,0.930055618,-0.0120989103,-0.930123687,-0.367246389,5.18214938e-06,-0.00443846127,0.0112553863,0.999926805],"scale":1,"type":"italy_wall_stone"}
{"ctxid":0,"pos":[-490.005005,-1520.94995,141.617996],"rotationMatrix":[-0.380806446,0.9245947,-0.0105400924,-0.924645722,-0.380828381,-8.01734204e-05,-0.00408809399,0.00971532054,0.999944448],"scale":1,"type":"italy_wall_stone"}
{"ctxid":0,"pos":[-491.174988,-1518.15002,141.587997],"rotationMatrix":[-0.389791369,0.920855582,-0.00936673395,-0.920896053,-0.389808297,2.00134946e-05,-0.00363280112,0.00863358937,0.999956131],"scale":1,"type":"italy_wall_stone"}
{"ctxid":0,"pos":[-492.359985,-1515.35999,141.559006],"rotationMatrix":[-0.391793847,0.920000672,-0.00981418788,-0.920044899,-0.391812921,-2.25659314e-05,-0.00386608625,0.00902065169,0.999951839],"scale":1,"type":"italy_wall_stone"}
{"ctxid":0,"pos":[-493.549988,-1512.57996,141.528],"rotationMatrix":[-0.393131018,0.919423878,-0.0103802979,-0.919473827,-0.393151164,0.000108234133,-0.00398151297,0.00958696194,0.999946117],"scale":1,"type":"italy_wall_stone"}
{"ctxid":0,"pos":[-494.743011,-1509.79004,141.496002],"rotationMatrix":[-0.39446795,0.918844044,-0.0109833265,-0.918899238,-0.394492269,-5.19217683e-05,-0.00438054558,0.0100720897,0.99993968],"scale":1,"type":"italy_wall_stone"}
{"ctxid":0,"pos":[-495.94101,-1507.01001,141.460999],"rotationMatrix":[-0.395806789,0.918261349,-0.0115338108,-0.918322742,-0.395832419,6.59542857e-05,-0.00450489298,0.0106178662,0.999933481],"scale":1,"type":"italy_wall_stone"}
{"ctxid":0,"pos":[-497.141998,-1504.22998,141.425995],"rotationMatrix":[-0.39681077,0.917820036,-0.0121478159,-0.91788739,-0.39684093,-7.88593316e-05,-0.00489312923,0.0111190351,0.999926209],"scale":1,"type":"italy_wall_stone"}
{"ctxid":0,"pos":[-498.346008,-1501.44995,141.388],"rotationMatrix":[-0.397815228,0.917381346,-0.0124293501,-0.917452097,-0.397846222,-2.29714915e-05,-0.0049660434,0.0113941953,0.999922752],"scale":1,"type":"italy_wall_stone"}
{"ctxid":0,"pos":[-375.096985,-1680.58997,149.595001],"rotationMatrix":[-0.743574023,0.659993589,-0.107266791,-0.66382885,-0.747884512,6.45951441e-05,-0.0801805407,0.0712548271,0.99423027],"scale":1,"type":"italy_wall_stone"}
{"ctxid":0,"pos":[-377.34201,-1678.71997,149.285004],"rotationMatrix":[-0.782472372,0.613944471,-0.103967018,-0.61729008,-0.786735654,3.72004865e-06,-0.0817922726,0.0641807169,0.994580746],"scale":1,"type":"italy_wall_stone"}
{"ctxid":0,"pos":[-379.694,-1676.98999,148.985001],"rotationMatrix":[-0.816492796,0.5685395,-0.10051056,-0.571438551,-0.820644855,6.42691157e-05,-0.0824469328,0.0574880838,0.994935989],"scale":1,"type":"italy_wall_stone"}
{"ctxid":0,"pos":[-382.136993,-1675.39001,148.694],"rotationMatrix":[-0.845095396,0.525696874,-0.0972449407,-0.528205335,-0.849116683,6.07007969e-05,-0.0825403929,0.0514165945,0.995260477],"scale":1,"type":"italy_wall_stone"}
{"ctxid":0,"pos":[-384.658997,-1673.91003,148.412994],"rotationMatrix":[-0.869682908,0.484595954,-0.0939063877,-0.48674351,-0.873544931,-4.06202089e-05,-0.0820511356,0.0456729978,0.995581031],"scale":1,"type":"italy_wall_stone"}
{"ctxid":0,"pos":[-387.244995,-1672.54004,148.141998],"rotationMatrix":[-0.890177488,0.44644174,-0.0909605399,-0.448302478,-0.893881917,2.8466784e-05,-0.0812952742,0.0408031754,0.995854497],"scale":1,"type":"italy_wall_stone"}
{"ctxid":0,"pos":[-389.88501,-1671.28003,147.878998],"rotationMatrix":[-0.906886935,0.41206184,-0.0880973265,-0.413664848,-0.910429239,-6.69734436e-05,-0.0802339762,0.036382027,0.99611187],"scale":1,"type":"italy_wall_stone"}
{"ctxid":0,"pos":[-392.571991,-1670.12,147.623993],"rotationMatrix":[-0.920549154,0.381135732,-0.0855851248,-0.382547051,-0.923936009,9.74096693e-05,-0.0790380538,0.0328300074,0.996330857],"scale":1,"type":"italy_wall_stone"}
{"ctxid":0,"pos":[-395.292999,-1669.04004,147.375],"rotationMatrix":[-0.931511045,0.354002148,-0.0834844634,-0.355235338,-0.934776902,-8.86518174e-05,-0.07807073,0.0295740496,0.996509075],"scale":1,"type":"italy_wall_stone"}
{"ctxid":0,"pos":[-398.045013,-1668.04004,147.132996],"rotationMatrix":[-0.940542579,0.329760075,-0.0814736634,-0.330853313,-0.943682194,-8.69025316e-05,-0.0769139007,0.0268740952,0.996675491],"scale":1,"type":"italy_wall_stone"}
{"ctxid":0,"pos":[-400.820007,-1667.10999,146.895996],"rotationMatrix":[-0.947627902,0.309160739,-0.0801311433,-0.31015873,-0.950684786,8.25744883e-06,-0.0761769116,0.0248611998,0.996784329],"scale":1,"type":"italy_wall_stone"}
{"ctxid":0,"pos":[-403.614014,-1666.21997,146.662003],"rotationMatrix":[-0.953145742,0.292069227,-0.0787956789,-0.292973727,-0.956120491,-8.53262754e-05,-0.0753630847,0.0230037346,0.996890783],"scale":1,"type":"italy_wall_stone"}
{"ctxid":0,"pos":[-406.42099,-1665.39001,146.432007],"rotationMatrix":[-0.95748961,0.277689338,-0.0781171173,-0.278540701,-0.960424423,2.84671569e-06,-0.0750247985,0.0217615236,0.996944189],"scale":1,"type":"italy_wall_stone"}
{"ctxid":0,"pos":[-409.23999,-1664.58997,146.203003],"rotationMatrix":[-0.960256219,0.268096238,-0.0776685178,-0.268912643,-0.963164568,5.45997318e-05,-0.074792929,0.0209384765,0.996979237],"scale":1,"type":"italy_wall_stone"}
{"ctxid":0,"pos":[-412.06601,-1663.81006,145.975006],"rotationMatrix":[-0.962232351,0.260931134,-0.0776134059,-0.261716217,-0.965144873,-5.8698577e-05,-0.0749235004,0.0202562045,0.996983528],"scale":1,"type":"italy_wall_stone"}
{"ctxid":0,"pos":[-414.895996,-1663.05005,145.746002],"rotationMatrix":[-0.963024974,0.257810682,-0.0782083422,-0.258602321,-0.965983868,-5.95780284e-06,-0.0755495355,0.020219123,0.996937037],"scale":1,"type":"italy_wall_stone"}
{"ctxid":0,"pos":[-417.72699,-1662.29004,145.514008],"rotationMatrix":[-0.962630749,0.258970618,-0.0792228803,-0.259788364,-0.965665579,1.58509301e-05,-0.0764987022,0.0205964409,0.996856928],"scale":1,"type":"italy_wall_stone"}
{"ctxid":0,"pos":[-420.546997,-1661.52002,145.292999],"rotationMatrix":[-0.960642219,0.268664747,-0.0706100464,-0.2693367,-0.963046074,-4.64779168e-06,-0.0680019706,0.0190134104,0.997503996],"scale":1,"type":"italy_wall_stone"}
{"ctxid":0,"pos":[-423.368988,-1660.72998,145.095993],"rotationMatrix":[-0.962217331,0.264666498,-0.0639488548,-0.265211999,-0.964190125,4.30831315e-05,-0.0616474487,0.0170014575,0.997953176],"scale":1,"type":"italy_wall_stone"}
{"ctxid":0,"pos":[-426.197998,-1659.96997,144.917007],"rotationMatrix":[-0.965378761,0.254310876,-0.0580501743,-0.254737437,-0.96701026,-5.39833163e-05,-0.056148842,0.014735437,0.998313665],"scale":1,"type":"italy_wall_stone"}
{"ctxid":0,"pos":[-429.037994,-1659.23999,144.755997],"rotationMatrix":[-0.969734669,0.23869881,-0.0513571016,-0.239014775,-0.97101593,1.11229374e-05,-0.0498659089,0.0122858929,0.998680353],"scale":1,"type":"italy_wall_stone"}
{"ctxid":0,"pos":[-431.893005,-1658.58997,144.619995],"rotationMatrix":[-0.977273822,0.207976714,-0.0410068966,-0.208148077,-0.97809732,-9.23910266e-05,-0.0401279479,0.00844521541,0.999158859],"scale":1,"type":"italy_wall_stone"}
{"ctxid":0,"pos":[-454.477997,-1650.96997,143.968994],"rotationMatrix":[-0.685851216,0.724190593,-0.071805656,-0.726065159,-0.687625885,6.51812525e-06,-0.0493707098,0.0521400571,0.997418642],"scale":1,"type":"italy_wall_stone"}
{"ctxid":0,"pos":[-456.712006,-1648.95996,143.809006],"rotationMatrix":[-0.780091763,0.624423444,-0.0393981598,-0.624907076,-0.780699134,-4.99827329e-05,-0.0307893194,0.0245811976,0.99922359],"scale":1,"type":"italy_wall_stone"}
{"ctxid":0,"pos":[-459.143005,-1647.18005,143.720001],"rotationMatrix":[-0.828271151,0.559968293,-0.0200600382,-0.560079813,-0.82843864,-7.03459737e-05,-0.0166579019,0.0111769568,0.999798775],"scale":1,"type":"italy_wall_stone"}
{"ctxid":0,"pos":[-461.721985,-1645.60999,143.695999],"rotationMatrix":[-0.86360836,0.504161179,-0.00146065583,-0.504161835,-0.863609195,0.000110682529,-0.00120563398,0.000831993239,0.999998927],"scale":1,"type":"italy_wall_stone"}
{"ctxid":0,"pos":[-464.31601,-1644.05005,143.690994],"rotationMatrix":[-0.847426534,0.5309093,-0.00188944349,-0.530910373,-0.847427964,7.92392966e-05,-0.00155909837,0.00107027462,0.999998212],"scale":1,"type":"italy_wall_stone"}
{"ctxid":0,"pos":[-466.854004,-1642.39001,143.684998],"rotationMatrix":[-0.827872157,0.560912132,-0.00229015714,-0.560913682,-0.827874303,1.95420944e-05,-0.00188500085,0.0013007588,0.999997377],"scale":1,"type":"italy_wall_stone"}
{"ctxid":0,"pos":[-469.326996,-1640.64001,143.677002],"rotationMatrix":[-0.803860545,0.594811618,-0.00271862606,-0.594813764,-0.803863525,-5.93202321e-06,-0.00218893262,0.00161230762,0.999996305],"scale":1,"type":"italy_wall_stone"}
{"ctxid":0,"pos":[-471.721985,-1638.78003,143.667999],"rotationMatrix":[-0.775482416,0.631359935,-0.00341753499,-0.63136375,-0.775486827,5.41316986e-05,-0.00261607696,0.0021996859,0.999994159],"scale":1,"type":"italy_wall_stone"}
{"ctxid":0,"pos":[-474.020996,-1636.81006,143.656998],"rotationMatrix":[-0.741352081,0.671104074,-0.00405511633,-0.671109319,-0.741358399,-8.2738843e-05,-0.00306182099,0.00266008778,0.999991775],"scale":1,"type":"italy_wall_stone"}
{"ctxid":0,"pos":[-476.207001,-1634.70996,143.643005],"rotationMatrix":[-0.699800849,0.71432215,-0.00475912867,-0.714330196,-0.699808836,-1.82381846e-05,-0.00334350811,0.00338682602,0.999988675],"scale":1,"type":"italy_wall_stone"}
{"ctxid":0,"pos":[-478.253998,-1632.47998,143.626999],"rotationMatrix":[-0.650383949,0.75958395,-0.00573594542,-0.759596527,-0.650394559,2.05787983e-05,-0.00371499639,0.00437038857,0.999983549],"scale":1,"type":"italy_wall_stone"}
{"ctxid":0,"pos":[-480.139008,-1630.10999,143.608002],"rotationMatrix":[-0.591689229,0.806138337,-0.00669482397,-0.806156278,-0.5917027,-3.90391688e-05,-0.00399281643,0.00537397526,0.999977589],"scale":1,"type":"italy_wall_stone"}
{"ctxid":0,"pos":[-481.830994,-1627.59998,143.585999],"rotationMatrix":[-0.523566961,0.851948977,-0.00778186368,-0.851974785,-0.523582816,-1.79172076e-07,-0.00407460285,0.0066298577,0.999969721],"scale":1,"type":"italy_wall_stone"}
{"ctxid":0,"pos":[-389.835999,-1689.35999,141.901993],"rotationMatrix":[-0.752589583,0.658203065,-0.0194324143,-0.658327043,-0.752732038,-2.49395744e-05,-0.0146438163,0.0127741145,0.999811172],"scale":1,"type":"italy_wall_stone"}
{"ctxid":0,"pos":[-392.225006,-1687.53003,141.863007],"rotationMatrix":[-0.820616961,0.571413934,-0.00859699398,-0.571435153,-0.82064724,9.70626115e-06,-0.00704955263,0.00492058927,0.999963045],"scale":1,"type":"italy_wall_stone"}
{"ctxid":0,"pos":[-394.738007,-1685.88,141.845001],"rotationMatrix":[-0.845505476,0.533950448,-0.0041716937,-0.533955216,-0.845512748,3.81110949e-05,-0.00350687071,0.00225972082,0.999991298],"scale":1,"type":"italy_wall_stone"}
{"ctxid":0,"pos":[-397.308014,-1684.31006,141.835999],"rotationMatrix":[-0.859749079,0.51071316,-0.00188837387,-0.510714233,-0.859750509,0.000101584556,-0.00157164992,0.00105175667,0.999998212],"scale":1,"type":"italy_wall_stone"}
{"ctxid":0,"pos":[-399.912994,-1682.79004,141.832993],"rotationMatrix":[-0.869404435,0.494100899,-0.000472075684,-0.494100899,-0.869404554,-0.000124752187,-0.000472064916,0.000124792932,0.999999881],"scale":1,"type":"italy_wall_stone"}
{"ctxid":0,"pos":[-402.542999,-1681.31995,141.832993],"rotationMatrix":[-0.876371861,0.481634855,0.000472954445,-0.481634855,-0.87637198,0.000121378143,0.000472943968,-0.000121418961,0.999999881],"scale":1,"type":"italy_wall_stone"}
