{"ctxid":0,"pos":[-102.307999,-747.744019,442.117004],"rotationMatrix":[-0.186742067,0.979279578,-0.0783510506,-0.982299685,-0.18731606,2.401659e-05,-0.0146528911,0.0769686997,0.996925831],"scale":1,"type":"italy_wall_concrete_high"}
{"ctxid":0,"pos":[-102.849998,-744.869019,441.885986],"rotationMatrix":[-0.18277204,0.979973018,-0.0790396407,-0.983049512,-0.183340192,6.99185766e-05,-0.0144226244,0.0777126625,0.996871471],"scale":1,"type":"italy_wall_concrete_high"}
{"ctxid":0,"pos":[-103.380997,-741.991028,441.653015],"rotationMatrix":[-0.178819537,0.980610847,-0.0801622793,-0.983776987,-0.179395914,1.20504719e-05,-0.014368969,0.078863956,0.996781826],"scale":1,"type":"italy_wall_concrete_high"}
{"ctxid":0,"pos":[-103.900002,-739.109009,441.415009],"rotationMatrix":[-0.175201774,0.981124401,-0.0818490759,-0.984427631,-0.17579031,1.59691717e-05,-0.0143726068,0.0805772915,0.996644735],"scale":1,"type":"italy_wall_concrete_high"}
{"ctxid":0,"pos":[-104.407997,-736.228027,441.17099],"rotationMatrix":[-0.171000957,0.981662095,-0.0842507258,-0.98516345,-0.1716187,-9.11787865e-05,-0.0145485066,0.0829851404,0.996444583],"scale":1,"type":"italy_wall_concrete_high"}
{"ctxid":0,"pos":[-104.903999,-733.343994,440.919006],"rotationMatrix":[-0.166538954,0.982158899,-0.0873419568,-0.985926449,-0.167179585,-2.01524508e-05,-0.0146215856,0.0861093923,0.996178389],"scale":1,"type":"italy_wall_concrete_high"}
{"ctxid":0,"pos":[-105.386002,-730.458008,440.657013],"rotationMatrix":[-0.161516905,0.982625663,-0.0914278626,-0.986757815,-0.16220057,-4.78970032e-05,-0.0148767168,0.0902094245,0.995811701],"scale":1,"type":"italy_wall_concrete_high"}
{"ctxid":0,"pos":[-105.850998,-727.56897,440.380005],"rotationMatrix":[-0.155082703,0.983080208,-0.0974813625,-0.987784564,-0.155825734,-9.22369054e-06,-0.0151991723,0.0962891579,0.99523735],"scale":1,"type":"italy_wall_concrete_high"}
{"ctxid":0,"pos":[-106.295998,-724.677979,440.080994],"rotationMatrix":[-0.146690011,0.983480215,-0.106059976,-0.989059985,-0.147513986,7.66731537e-05,-0.0155699234,0.104910925,0.994359732],"scale":1,"type":"italy_wall_concrete_high"}
{"ctxid":0,"pos":[-106.709,-721.781982,439.75],"rotationMatrix":[-0.133542776,0.983718336,-0.120268919,-0.990909696,-0.134528875,-8.05667951e-05,-0.0162588973,0.119164877,0.992741346],"scale":1,"type":"italy_wall_concrete_high"}
{"ctxid":0,"pos":[-107.056999,-718.890015,439.382996],"rotationMatrix":[-0.0990725756,0.987749219,-0.120565735,-0.995006919,-0.0998061895,-4.63679862e-05,-0.0120790061,0.119959138,0.992705345],"scale":1,"type":"italy_wall_concrete_high"}
{"ctxid":0,"pos":[-107.291,-715.992981,439.053009],"rotationMatrix":[-0.0649342537,0.992246866,-0.105970532,-0.997866035,-0.0652942657,7.22694676e-05,-0.00684755854,0.105749086,0.994369268],"scale":1,"type":"italy_wall_concrete_high"}
{"ctxid":0,"pos":[-107.445,-713.08197,438.756989],"rotationMatrix":[-0.0433555841,0.994402111,-0.0963574797,-0.999051392,-0.0435465574,0.000121097641,-0.0040756166,0.0962713212,0.995346785],"scale":1,"type":"italy_wall_concrete_high"}
{"ctxid":0,"pos":[-107.552002,-710.166016,438.484985],"rotationMatrix":[-0.031596899,0.99540168,-0.0904277861,-0.999496639,-0.0317249298,2.15281798e-05,-0.00284738583,0.0903829485,0.995903015],"scale":1,"type":"italy_wall_concrete_high"}
{"ctxid":0,"pos":[-107.636002,-707.244995,438.225006],"rotationMatrix":[-0.0274589062,0.995801568,-0.0873228908,-0.999620199,-0.0275577307,7.38265007e-05,-0.00233290414,0.0872917548,0.996180058],"scale":1,"type":"italy_wall_concrete_high"}
{"ctxid":0,"pos":[-107.719002,-704.322021,437.968994],"rotationMatrix":[-0.0300141573,0.995764792,-0.0869003013,-0.99954617,-0.0301249027,3.70323542e-05,-0.00258098776,0.0868619755,0.996217012],"scale":1,"type":"italy_wall_concrete_high"}
{"ctxid":0,"pos":[-107.82,-701.398987,437.712006],"rotationMatrix":[-0.0389853716,0.995291412,-0.0887419507,-0.999233902,-0.0391360521,4.20059914e-05,-0.00343120145,0.0886756033,0.996054649],"scale":1,"type":"italy_wall_concrete_high"}
{"ctxid":0,"pos":[-107.956001,-698.47699,437.446014],"rotationMatrix":[-0.0544582605,0.994176686,-0.0929893851,-0.998503089,-0.0546951294,1.2888537e-06,-0.00508478517,0.0928502604,0.9956671],"scale":1,"type":"italy_wall_concrete_high"}
{"ctxid":0,"pos":[-108.148003,-695.557983,437.164001],"rotationMatrix":[-0.0765697956,0.992100239,-0.0993688405,-0.997035027,-0.076949358,1.29748587e-05,-0.00763349608,0.0990752056,0.995050669],"scale":1,"type":"italy_wall_concrete_high"}
{"ctxid":0,"pos":[-108.417999,-692.64502,436.859009],"rotationMatrix":[-0.106733322,0.988337636,-0.108612865,-0.99421823,-0.107378483,-9.18955993e-05,-0.0117535088,0.107975081,0.99408412],"scale":1,"type":"italy_wall_concrete_high"}
{"ctxid":0,"pos":[-108.791,-689.744019,436.522003],"rotationMatrix":[-0.146192431,0.981841803,-0.120890141,-0.989094019,-0.147285461,-0.00010724461,-0.0179106575,0.119556032,0.992665887],"scale":1,"type":"italy_wall_concrete_high"}
{"ctxid":0,"pos":[-109.296997,-686.869995,436.144012],"rotationMatrix":[-0.196867228,0.971090376,-0.135006383,-0.980061352,-0.198695064,-6.5973516e-05,-0.0268891677,0.132301554,0.990844727],"scale":1,"type":"italy_wall_concrete_high"}
{"ctxid":0,"pos":[-109.947998,-684.044006,435.777008],"rotationMatrix":[-0.240657449,0.963660181,-0.115944102,-0.970200419,-0.242303848,-0.000108818182,-0.0281985644,0.112462826,0.993255734],"scale":1,"type":"italy_wall_concrete_high"}
{"ctxid":0,"pos":[-110.694,-681.231018,435.457001],"rotationMatrix":[-0.265373349,0.958591223,-0.103343591,-0.963749468,-0.266808867,-6.97686919e-05,-0.0276398659,0.0995788127,0.994645715],"scale":1,"type":"italy_wall_concrete_high"}
{"ctxid":0,"pos":[-111.498001,-678.429016,435.166992],"rotationMatrix":[-0.281304479,0.954899311,-0.0950532109,-0.959242761,-0.282583237,7.94433072e-06,-0.0268528592,0.0911813453,0.995472193],"scale":1,"type":"italy_wall_concrete_high"}
{"ctxid":0,"pos":[-112.341003,-675.632996,434.89801],"rotationMatrix":[-0.292950511,0.951962054,-0.089153111,-0.955767393,-0.29412365,-2.25168933e-05,-0.0262434725,0.0852030367,0.996017933],"scale":1,"type":"italy_wall_concrete_high"}
{"ctxid":0,"pos":[-113.213997,-672.846008,434.643005],"rotationMatrix":[-0.301499367,0.949676335,-0.0849290118,-0.953120112,-0.302592278,4.36897835e-06,-0.025694713,0.0809488595,0.996387005],"scale":1,"type":"italy_wall_concrete_high"}
{"ctxid":0,"pos":[-114.109001,-670.062988,434.398987],"rotationMatrix":[-0.30817306,0.947829366,-0.0815407485,-0.950997353,-0.309198976,4.78993024e-05,-0.0251669157,0.077559799,0.996670008],"scale":1,"type":"italy_wall_concrete_high"}
{"ctxid":0,"pos":[-115.022003,-667.284973,434.164001],"rotationMatrix":[-0.313915133,0.946169436,-0.0788710937,-0.949126184,-0.314895988,1.3726052e-06,-0.0248348936,0.0748590529,0.996884823],"scale":1,"type":"italy_wall_concrete_high"}
{"ctxid":0,"pos":[-115.949997,-664.512024,433.936005],"rotationMatrix":[-0.318392754,0.944845974,-0.076760374,-0.947641492,-0.319336176,-1.70935018e-05,-0.0245285146,0.0727358684,0.99704957],"scale":1,"type":"italy_wall_concrete_high"}
{"ctxid":0,"pos":[-116.889999,-661.741028,433.713013],"rotationMatrix":[-0.321921825,0.943774581,-0.0752054006,-0.946455121,-0.322835326,1.05105146e-05,-0.0242690388,0.0711819157,0.997168064],"scale":1,"type":"italy_wall_concrete_high"}
{"ctxid":0,"pos":[-117.839996,-658.973022,433.494995],"rotationMatrix":[-0.32513988,0.942771673,-0.0739299878,-0.945360303,-0.326027393,6.69856454e-05,-0.0240400508,0.0699122623,0.997263432],"scale":1,"type":"italy_wall_concrete_high"}
{"ctxid":0,"pos":[-118.797997,-656.20697,433.278992],"rotationMatrix":[-0.327393651,0.9420439,-0.0732579306,-0.944579482,-0.328282833,-0.000102560654,-0.0241459385,0.0691643581,0.997313023],"scale":1,"type":"italy_wall_concrete_high"}
{"ctxid":0,"pos":[-119.762001,-653.442993,433.063995],"rotationMatrix":[-0.329340339,0.941386819,-0.0729782879,-0.943901896,-0.330226064,-7.5312877e-05,-0.0241702329,0.0688595399,0.997333527],"scale":1,"type":"italy_wall_concrete_high"}
{"ctxid":0,"pos":[-120.731003,-650.679993,432.848999],"rotationMatrix":[-0.330653191,0.9408921,-0.0734200552,-0.943436146,-0.331554294,-9.05827619e-05,-0.0244279634,0.0692371801,0.997301102],"scale":1,"type":"italy_wall_concrete_high"}
{"ctxid":0,"pos":[-121.703003,-647.91803,432.631989],"rotationMatrix":[-0.33101368,0.940665007,-0.0746946931,-0.943300128,-0.331941009,-4.98100519e-07,-0.0247946996,0.0704593509,0.99720645],"scale":1,"type":"italy_wall_concrete_high"}
{"ctxid":0,"pos":[-122.674004,-645.156006,432.408997],"rotationMatrix":[-0.329779625,0.940878928,-0.0774094984,-0.943710268,-0.330773234,-1.48620165e-05,-0.0256189723,0.0730472356,0.996999383],"scale":1,"type":"italy_wall_concrete_high"}
{"ctxid":0,"pos":[-123.650002,-642.39502,432.174988],"rotationMatrix":[-0.342598438,0.935988963,-0.0809381977,-0.939069808,-0.343726516,-4.64075038e-06,-0.0278249495,0.0760050267,0.996719122],"scale":1,"type":"italy_wall_concrete_high"}
{"ctxid":0,"pos":[-124.675003,-639.655029,431.937012],"rotationMatrix":[-0.351786971,0.932517171,-0.0815946311,-0.935635209,-0.352968454,-5.95397141e-05,-0.0288558528,0.0763218701,0.996665597],"scale":1,"type":"italy_wall_concrete_high"}
{"ctxid":0,"pos":[-130.130997,-622.982971,430.498993],"rotationMatrix":[-0.241237521,0.967103958,-0.0807117522,-0.97027123,-0.242020011,9.07051071e-05,-0.0194461383,0.0783341751,0.99673748],"scale":1,"type":"italy_wall_concrete_high"}
{"ctxid":0,"pos":[-130.789001,-620.132996,430.263],"rotationMatrix":[-0.209059238,0.974553943,-0.0808632448,-0.977754295,-0.209753394,-9.17907164e-05,-0.0170507953,0.0790451989,0.996725202],"scale":1,"type":"italy_wall_concrete_high"}
{"ctxid":0,"pos":[-131.403,-617.26001,429.990997],"rotationMatrix":[-0.209635973,0.972146392,-0.104805171,-0.97753197,-0.210787296,9.30123206e-05,-0.0220011771,0.102469899,0.994492769],"scale":1,"type":"italy_wall_concrete_high"}
{"ctxid":0,"pos":[-132.028,-614.398987,429.64801],"rotationMatrix":[-0.213720083,0.968670428,-0.12649627,-0.976515174,-0.215448618,1.73754597e-05,-0.0272366162,0.123529248,0.991967082],"scale":1,"type":"italy_wall_concrete_high"}
{"ctxid":0,"pos":[-132.664993,-611.551025,429.247986],"rotationMatrix":[-0.219014883,0.964964271,-0.144486845,-0.975197613,-0.221335888,1.08884742e-05,-0.0319696181,0.140905619,0.989506721],"scale":1,"type":"italy_wall_concrete_high"}
{"ctxid":0,"pos":[-133.320007,-608.715027,428.802002],"rotationMatrix":[-0.225407839,0.961328626,-0.158235714,-0.973594487,-0.228284478,-3.67936855e-06,-0.0361262932,0.154056594,0.987401366],"scale":1,"type":"italy_wall_concrete_high"}
{"ctxid":0,"pos":[-133.996002,-605.892029,428.321014],"rotationMatrix":[-0.23377943,0.957706869,-0.167763874,-0.971476376,-0.237136245,2.49618333e-05,-0.0397589877,0.162984475,0.985827208],"scale":1,"type":"italy_wall_concrete_high"}
{"ctxid":0,"pos":[-134.699005,-603.083984,427.820007],"rotationMatrix":[-0.24498558,0.954073489,-0.172411948,-0.968574226,-0.248724699,-8.65325346e-05,-0.0429656692,0.166972578,0.985024929],"scale":1,"type":"italy_wall_concrete_high"}
{"ctxid":0,"pos":[-135.442993,-600.291992,427.31601],"rotationMatrix":[-0.261437654,0.950198412,-0.169627085,-0.964171648,-0.265279174,1.72470245e-05,-0.0449821427,0.163554132,0.985508323],"scale":1,"type":"italy_wall_concrete_high"}
{"ctxid":0,"pos":[-136.244995,-597.52002,426.838989],"rotationMatrix":[-0.288001537,0.945355713,-0.152832136,-0.956591547,-0.291431904,-4.56408234e-05,-0.0445833057,0.146184787,0.988252163],"scale":1,"type":"italy_wall_concrete_high"}
{"ctxid":0,"pos":[-137.153,-594.783997,426.45401],"rotationMatrix":[-0.338660479,0.934309423,-0.111242868,-0.940146267,-0.340771198,4.17046358e-05,-0.0378694013,0.104598694,0.993793249],"scale":1,"type":"italy_wall_concrete_high"}
{"ctxid":0,"pos":[-138.218002,-592.072021,426.141998],"rotationMatrix":[-0.383101702,0.91789794,-0.103423893,-0.922845781,-0.385169625,-2.51627698e-05,-0.0398588367,0.0954346657,0.99463737],"scale":1,"type":"italy_wall_concrete_high"}
{"ctxid":0,"pos":[-139.397003,-589.403015,425.845001],"rotationMatrix":[-0.419343114,0.902417004,-0.0989692584,-0.906864405,-0.421422482,-0.00011579843,-0.0418123677,0.0897031426,0.995090485],"scale":1,"type":"italy_wall_concrete_high"}
{"ctxid":0,"pos":[-140.682007,-586.78302,425.561005],"rotationMatrix":[-0.455424666,0.885168254,-0.0952128693,-0.889205754,-0.457507491,-5.1251689e-05,-0.0436059646,0.084640488,0.995456934],"scale":1,"type":"italy_wall_concrete_high"}
{"ctxid":0,"pos":[-142.076004,-584.21698,425.286011],"rotationMatrix":[-0.494395494,0.864390135,-0.0916664526,-0.868042648,-0.496489644,-4.79236005e-05,-0.0455528721,0.0795466974,0.995789766],"scale":1,"type":"italy_wall_concrete_high"}
{"ctxid":0,"pos":[-143.591995,-581.721008,425.02301],"rotationMatrix":[-0.539139986,0.837627113,-0.0878002495,-0.840869546,-0.541237831,-0.000103513223,-0.0476075187,0.0737727433,0.996138096],"scale":1,"type":"italy_wall_concrete_high"}
{"ctxid":0,"pos":[-145.251999,-579.315979,424.772003],"rotationMatrix":[-0.592741013,0.801102757,-0.0830207542,-0.80387789,-0.594794393,-6.23722542e-07,-0.0493807793,0.0667381808,0.996547818],"scale":1,"type":"italy_wall_concrete_high"}
{"ctxid":0,"pos":[-147.085999,-577.04303,424.537994],"rotationMatrix":[-0.658884048,0.748338044,-0.0765634552,-0.750543654,-0.660820842,5.05709286e-05,-0.0505568795,0.0574975349,0.99706471],"scale":1,"type":"italy_wall_concrete_high"}
{"ctxid":0,"pos":[-149.138,-574.966003,424.326996],"rotationMatrix":[-0.742758989,0.666216373,-0.0668196455,-0.667714,-0.744417906,0.000107608925,-0.0496700481,0.0446963385,0.997765064],"scale":1,"type":"italy_wall_concrete_high"}
{"ctxid":0,"pos":[-151.445999,-573.161987,424.128998],"rotationMatrix":[-0.820838332,0.566707432,-0.0711836517,-0.568149209,-0.822925568,8.41711972e-06,-0.0585740767,0.0404498428,0.997463226],"scale":1,"type":"italy_wall_concrete_high"}
{"ctxid":0,"pos":[-153.947998,-571.638977,423.911011],"rotationMatrix":[-0.876935959,0.474481583,-0.0764889121,-0.47587657,-0.879512072,1.31260276e-05,-0.0672666952,0.0364107937,0.997070432],"scale":1,"type":"italy_wall_concrete_high"}
{"ctxid":0,"pos":[-156.585999,-570.375,423.68399],"rotationMatrix":[-0.916612148,0.392227054,-0.0773311257,-0.393409699,-0.91936326,6.41580045e-05,-0.0710702315,0.0304816235,0.997005463],"scale":1,"type":"italy_wall_concrete_high"}
{"ctxid":0,"pos":[-159.317993,-569.330017,423.460999],"rotationMatrix":[-0.942889094,0.324791849,-0.0739621744,-0.32568261,-0.945479155,-1.81799551e-05,-0.0699355975,0.0240710527,0.997261047],"scale":1,"type":"italy_wall_concrete_high"}
{"ctxid":0,"pos":[-162.108994,-568.461975,423.255005],"rotationMatrix":[-0.95984447,0.272758842,-0.065583542,-0.273343652,-0.961916447,-5.86286405e-05,-0.0631018803,0.0178705696,0.99784708],"scale":1,"type":"italy_wall_concrete_high"}
{"ctxid":0,"pos":[-164.934006,-567.719971,423.084015],"rotationMatrix":[-0.969733477,0.238961369,-0.0501442589,-0.239260182,-0.970955491,-4.49425679e-05,-0.0486985818,0.0119539415,0.998741984],"scale":1,"type":"italy_wall_concrete_high"}
{"ctxid":0,"pos":[-167.768997,-567.039001,422.971985],"rotationMatrix":[-0.972101808,0.233412161,-0.0231698062,-0.233476669,-0.972362399,8.16618922e-05,-0.022510387,0.00548899313,0.999731541],"scale":1,"type":"italy_wall_concrete_high"}
{"ctxid":0,"pos":[-170.612,-566.333984,422.942993],"rotationMatrix":[-0.970908165,0.239023671,-0.0143184746,-0.239049613,-0.971007347,0.000103740218,-0.0138785476,0.00352354813,0.99989748],"scale":1,"type":"italy_wall_concrete_high"}
{"ctxid":0,"pos":[-173.487,-565.653992,422.852997],"rotationMatrix":[-0.973700523,0.22295697,-0.0468773209,-0.223199382,-0.974772811,-6.47071065e-05,-0.0457091667,0.0103999842,0.998900652],"scale":1,"type":"italy_wall_concrete_high"}
{"ctxid":0,"pos":[-176.367004,-565.015991,422.665985],"rotationMatrix":[-0.974119782,0.211856812,-0.0787866712,-0.212514877,-0.977157831,-3.30452676e-05,-0.0769940093,0.0167111494,0.996891499],"scale":1,"type":"italy_wall_concrete_high"}
{"ctxid":0,"pos":[-179.235992,-564.388977,422.395996],"rotationMatrix":[-0.9709692,0.216235533,-0.102279067,-0.217374995,-0.976088166,-4.98432883e-06,-0.0998344645,0.0222280733,0.994755745],"scale":1,"type":"italy_wall_concrete_high"}
{"ctxid":0,"pos":[-182.082001,-563.723999,422.082001],"rotationMatrix":[-0.965041876,0.238608301,-0.108444721,-0.240031436,-0.970765114,7.1672308e-05,-0.10525725,0.0260993093,0.994102478],"scale":1,"type":"italy_wall_concrete_high"}
{"ctxid":0,"pos":[-184.893997,-562.971985,421.779999],"rotationMatrix":[-0.956329226,0.276485801,-0.0948156416,-0.277726769,-0.9606601,-0.00011242809,-0.0911166891,0.0262253229,0.995494843],"scale":1,"type":"italy_wall_concrete_high"}
{"ctxid":0,"pos":[-187.669006,-562.103027,421.540985],"rotationMatrix":[-0.945635915,0.31806913,-0.0678582862,-0.318806469,-0.947819829,3.87505243e-05,-0.0643051043,0.0216703042,0.997694969],"scale":1,"type":"italy_wall_concrete_high"}
{"ctxid":0,"pos":[-190.406998,-561.11499,421.388],"rotationMatrix":[-0.933779478,0.355973184,-0.0365921594,-0.356210619,-0.934405684,-3.21650114e-05,-0.0342033692,0.0130044809,0.999330282],"scale":1,"type":"italy_wall_concrete_high"}
{"ctxid":0,"pos":[-193.113007,-560.028015,421.325989],"rotationMatrix":[-0.921977162,0.387178361,-0.00714282971,-0.387188047,-0.922000766,-3.01234304e-05,-0.0065973578,0.00273784529,0.999974489],"scale":1,"type":"italy_wall_concrete_high"}
{"ctxid":0,"pos":[-195.807999,-558.838989,421.295013],"rotationMatrix":[-0.906728506,0.420985579,-0.0247900449,-0.421116114,-0.907006741,4.8479691e-05,-0.0224643275,0.0104834447,0.999692678],"scale":1,"type":"italy_wall_concrete_high"}
{"ctxid":0,"pos":[-198.460999,-557.541016,421.170013],"rotationMatrix":[-0.888111115,0.455717742,-0.0598329306,-0.456532508,-0.889706731,-5.94564372e-05,-0.0532608554,0.0272628739,0.998208404],"scale":1,"type":"italy_wall_concrete_high"}
{"ctxid":0,"pos":[-201.059998,-556.151001,420.944],"rotationMatrix":[-0.871216178,0.482197672,-0.092020601,-0.484249383,-0.874930024,-3.6115478e-05,-0.0805289969,0.0445294529,0.995757103],"scale":1,"type":"italy_wall_concrete_high"}
{"ctxid":0,"pos":[-203.610992,-554.703003,420.634003],"rotationMatrix":[-0.860590696,0.495821565,-0.116381392,-0.499221921,-0.866474152,7.88864272e-05,-0.100802355,0.058168035,0.993204594],"scale":1,"type":"italy_wall_concrete_high"}
{"ctxid":0,"pos":[-206.141006,-553.23999,420.269989],"rotationMatrix":[-0.858764291,0.495885879,-0.12892279,-0.500054419,-0.865993977,-4.11202782e-05,-0.111666746,0.0644330978,0.991654634],"scale":1,"type":"italy_wall_concrete_high"}
{"ctxid":0,"pos":[-208.671005,-551.802979,419.886993],"rotationMatrix":[-0.866463542,0.482038349,-0.129922852,-0.486170977,-0.873863697,0.000104749452,-0.113484368,0.0632554814,0.9915241],"scale":1,"type":"italy_wall_concrete_high"}
{"ctxid":0,"pos":[-211.235001,-550.419006,419.506012],"rotationMatrix":[-0.878059387,0.458937258,-0.135603487,-0.463213801,-0.886246562,-1.7220118e-05,-0.120186031,0.0627982914,0.990763187],"scale":1,"type":"italy_wall_concrete_high"}
{"ctxid":0,"pos":[-213.835007,-549.109985,419.088013],"rotationMatrix":[-0.888550997,0.435337037,-0.144771472,-0.439974755,-0.898010135,2.02997835e-05,-0.129997417,0.0637138337,0.989465117],"scale":1,"type":"italy_wall_concrete_high"}
{"ctxid":0,"pos":[-216.442001,-547.846985,418.682007],"rotationMatrix":[-0.892316222,0.432879895,-0.128010795,-0.436479926,-0.899713993,7.83332798e-05,-0.115139201,0.0559440404,0.991772771],"scale":1,"type":"italy_wall_concrete_high"}
{"ctxid":0,"pos":[-219.031998,-546.559998,418.364014],"rotationMatrix":[-0.886675239,0.453789592,-0.0887807533,-0.45558691,-0.890191317,-2.18575242e-05,-0.0790417716,0.0404279679,0.996051192],"scale":1,"type":"italy_wall_concrete_high"}
{"ctxid":0,"pos":[-221.593994,-545.195007,418.166992],"rotationMatrix":[-0.874507308,0.482639998,-0.0479124598,-0.483196795,-0.875511765,4.46214181e-05,-0.041926384,0.0231901687,0.998851538],"scale":1,"type":"italy_wall_concrete_high"}
{"ctxid":0,"pos":[-224.123993,-543.75,418.075989],"rotationMatrix":[-0.861686945,0.507183194,-0.0161495861,-0.507248521,-0.861799836,-6.1384213e-05,-0.0139488438,0.0081389593,0.999869585],"scale":1,"type":"italy_wall_concrete_high"}
{"ctxid":0,"pos":[-226.621002,-542.216003,418.056],"rotationMatrix":[-0.826728821,0.562518418,-0.00961787626,-0.562544227,-0.826767206,-2.6865524e-05,-0.0079668574,0.00538827013,0.999953747],"scale":1,"type":"italy_wall_concrete_high"}
{"ctxid":0,"pos":[-228.981995,-540.455017,417.997009],"rotationMatrix":[-0.786470413,0.616977692,-0.0283342469,-0.617224276,-0.786787271,-5.53538812e-05,-0.0223271772,0.0174450502,0.999598503],"scale":1,"type":"italy_wall_concrete_high"}
{"ctxid":0,"pos":[-231.296005,-538.640991,417.897003],"rotationMatrix":[-0.791798949,0.609610081,-0.0378153361,-0.610046744,-0.792365432,1.13257711e-05,-0.0299566612,0.0230780914,0.999284744],"scale":1,"type":"italy_wall_concrete_high"}
{"ctxid":0,"pos":[-233.660995,-536.901978,417.778992],"rotationMatrix":[-0.820311427,0.570349872,-0.0423106924,-0.570858955,-0.821048141,-6.07647708e-05,-0.0347737744,0.0241035912,0.9991045],"scale":1,"type":"italy_wall_concrete_high"}
{"ctxid":0,"pos":[-236.126007,-535.314026,417.652008],"rotationMatrix":[-0.859044909,0.510043323,-0.0435617007,-0.510530412,-0.859859705,6.44988904e-05,-0.037424054,0.0222949795,0.999050736],"scale":1,"type":"italy_wall_concrete_high"}
{"ctxid":0,"pos":[-238.705994,-533.924011,417.524994],"rotationMatrix":[-0.8985672,0.436774015,-0.0424904451,-0.437171698,-0.899378061,7.47389204e-05,-0.0381823294,0.0186427776,0.99909687],"scale":1,"type":"italy_wall_concrete_high"}
{"ctxid":0,"pos":[-241.397003,-532.763,417.403992],"rotationMatrix":[-0.933783531,0.355634779,-0.039651338,-0.355915308,-0.934518218,1.70158964e-05,-0.0370488465,0.0141284075,0.999213576],"scale":1,"type":"italy_wall_concrete_high"}
{"ctxid":0,"pos":[-244.179001,-531.844971,417.292999],"rotationMatrix":[-0.961400747,0.272794425,-0.0359417535,-0.272972107,-0.962021947,3.82394173e-05,-0.0345663242,0.00984785985,0.999353886],"scale":1,"type":"italy_wall_concrete_high"}
{"ctxid":0,"pos":[-247.033997,-531.16803,417.187988],"rotationMatrix":[-0.981251478,0.18874906,-0.0389785543,-0.188897029,-0.981996894,0.000115288909,-0.0382550582,0.00747606019,0.999240041],"scale":1,"type":"italy_wall_concrete_high"}
{"ctxid":0,"pos":[-249.942001,-530.754028,417.05899],"rotationMatrix":[-0.994805813,0.0894204304,-0.048635181,-0.0895265639,-0.995984435,3.76094044e-06,-0.0484395474,0.00435788184,0.998816609],"scale":1,"type":"italy_wall_concrete_high"}
{"ctxid":0,"pos":[-125.702003,-636.914978,431.696014],"rotationMatrix":[-0.346223235,0.934577167,-0.0818229392,-0.937722206,-0.347386003,2.68341628e-05,-0.0283990651,0.07673648,0.996646881],"scale":1,"type":"italy_wall_concrete_high"}
{"ctxid":0,"pos":[-126.700996,-634.166016,431.455994],"rotationMatrix":[-0.333805203,0.939078629,-0.0818867758,-0.942240953,-0.334935784,-7.44771387e-05,-0.0274967514,0.0771322101,0.996641636],"scale":1,"type":"italy_wall_concrete_high"}
{"ctxid":0,"pos":[-127.654999,-631.400024,431.216003],"rotationMatrix":[-0.316584349,0.945035279,-0.0817474052,-0.948209226,-0.317646503,1.26767209e-05,-0.0259547979,0.077517651,0.99665308],"scale":1,"type":"italy_wall_concrete_high"}
{"ctxid":0,"pos":[-128.552994,-628.617004,430.976013],"rotationMatrix":[-0.295289993,0.951915324,-0.0816150084,-0.9551,-0.296283603,-6.65462649e-05,-0.0242445357,0.0779308453,0.996663928],"scale":1,"type":"italy_wall_concrete_high"}
{"ctxid":0,"pos":[-129.380997,-625.810974,430.737],"rotationMatrix":[-0.270034909,0.959412515,-0.0812940821,-0.962600708,-0.270924091,9.62561899e-05,-0.0219321754,0.0782797337,0.996690154],"scale":1,"type":"italy_wall_concrete_high"}
{"ctxid":0,"pos":[-68.1660004,-874.645996,456.167999],"rotationMatrix":[0.347082376,0.932545424,-0.0994630978,-0.937191606,0.348814964,3.11358526e-05,0.0347232521,0.0932051763,0.995041251],"scale":1,"type":"italy_wall_concrete_high"}
{"ctxid":0,"pos":[-67.1455002,-871.90802,455.868988],"rotationMatrix":[0.346080184,0.932404757,-0.104162961,-0.937506497,0.347967744,-5.42685666e-05,0.0361947492,0.0976722389,0.994560242],"scale":1,"type":"italy_wall_concrete_high"}
{"ctxid":0,"pos":[-66.1408997,-869.164978,455.556],"rotationMatrix":[0.337105274,0.935208738,-0.108372599,-0.940749943,0.339101076,-1.35954378e-05,0.0367365517,0.101956099,0.994110346],"scale":1,"type":"italy_wall_concrete_high"}
{"ctxid":0,"pos":[-65.1741028,-866.409973,455.233002],"rotationMatrix":[0.320468664,0.940589488,-0.112210922,-0.946567059,0.322507143,1.55945745e-05,0.0362034924,0.106210165,0.993684411],"scale":1,"type":"italy_wall_concrete_high"}
{"ctxid":0,"pos":[-64.2686005,-863.63501,454.89801],"rotationMatrix":[0.295912504,0.948202729,-0.115530819,-0.954596281,0.297902584,-4.26762708e-05,0.0343764648,0.110297918,0.993303895],"scale":1,"type":"italy_wall_concrete_high"}
{"ctxid":0,"pos":[-63.4488983,-860.835999,454.554993],"rotationMatrix":[0.262786984,0.957581937,-0.118236296,-0.964345574,0.264646173,2.47693661e-05,0.0313145034,0.114014141,0.992985487],"scale":1,"type":"italy_wall_concrete_high"}
{"ctxid":0,"pos":[-62.7398987,-858.007996,454.20401],"rotationMatrix":[0.220512867,0.967880785,-0.12075109,-0.975013673,0.222144842,5.52164383e-05,0.0268776752,0.117721789,0.992682815],"scale":1,"type":"italy_wall_concrete_high"}
{"ctxid":0,"pos":[-62.1697006,-855.148987,453.846985],"rotationMatrix":[0.168464184,0.9780972,-0.122252755,-0.985491574,0.169724226,-0.000108386383,0.0206432417,0.120497316,0.992498994],"scale":1,"type":"italy_wall_concrete_high"}
{"ctxid":0,"pos":[-61.7755013,-852.260986,453.483002],"rotationMatrix":[0.0971894264,0.987071455,-0.127452657,-0.995188057,0.0979831219,-4.24996397e-05,0.0124462591,0.126843497,0.991844654],"scale":1,"type":"italy_wall_concrete_high"}
{"ctxid":0,"pos":[-61.6232986,-849.349976,453.093994],"rotationMatrix":[0.0126959085,0.990470469,-0.137138873,-0.999917924,0.0128126144,-3.1721258e-05,0.00172568858,0.137128025,0.990551829],"scale":1,"type":"italy_wall_concrete_high"}
{"ctxid":0,"pos":[-61.7070999,-846.440979,452.678986],"rotationMatrix":[-0.0637038946,0.987471163,-0.14436923,-0.99792552,-0.064379096,-5.26671147e-06,-0.00929956138,0.144069403,0.989523888],"scale":1,"type":"italy_wall_concrete_high"}
{"ctxid":0,"pos":[-62.0057983,-843.552002,452.247986],"rotationMatrix":[-0.133444309,0.979750872,-0.149267629,-0.990850389,-0.134964943,-5.81397107e-05,-0.0202028602,0.147894129,0.98879683],"scale":1,"type":"italy_wall_concrete_high"}
{"ctxid":0,"pos":[-62.4986992,-840.690002,451.803986],"rotationMatrix":[-0.197270751,0.968417346,-0.152486384,-0.979878485,-0.199594855,6.72148963e-05,-0.0303704068,0.149431393,0.988305569],"scale":1,"type":"italy_wall_concrete_high"}
{"ctxid":0,"pos":[-63.171299,-837.867981,451.352997],"rotationMatrix":[-0.255780101,0.954385817,-0.154026777,-0.965910137,-0.258877516,-5.47518357e-05,-0.039926324,0.148762017,0.988066673],"scale":1,"type":"italy_wall_concrete_high"}
{"ctxid":0,"pos":[-64.0084991,-835.091003,450.899994],"rotationMatrix":[-0.310173512,0.938038766,-0.15451768,-0.949443221,-0.313938856,3.44489526e-05,-0.0484767929,0.146716461,0.987990022],"scale":1,"type":"italy_wall_concrete_high"}
{"ctxid":0,"pos":[-64.9990005,-832.366028,450.447998],"rotationMatrix":[-0.360747933,0.919892728,-0.153812483,-0.930976629,-0.365078807,9.45708161e-05,-0.0560666807,0.143229932,0.988100052],"scale":1,"type":"italy_wall_concrete_high"}
{"ctxid":0,"pos":[-66.1323013,-829.697998,449.998993],"rotationMatrix":[-0.408234715,0.900123119,-0.152061626,-0.910712481,-0.413040876,-2.10477428e-05,-0.0628266111,0.13847582,0.988371015],"scale":1,"type":"italy_wall_concrete_high"}
{"ctxid":0,"pos":[-67.4001007,-827.088989,449.556],"rotationMatrix":[-0.452805996,0.878990829,-0.149472013,-0.888974905,-0.457955956,-3.96110481e-05,-0.0684864223,0.132858932,0.988765955],"scale":1,"type":"italy_wall_concrete_high"}
{"ctxid":0,"pos":[-68.7957001,-824.546997,449.122009],"rotationMatrix":[-0.495325565,0.856318176,-0.146191001,-0.865614533,-0.500710964,-4.70395862e-05,-0.0732397139,0.126521751,0.989256382],"scale":1,"type":"italy_wall_concrete_high"}
{"ctxid":0,"pos":[-70.3106003,-822.072998,448.699005],"rotationMatrix":[-0.53567636,0.832392693,-0.142032713,-0.840917587,-0.541163206,-4.30812543e-06,-0.0768664628,0.119435497,0.989861965],"scale":1,"type":"italy_wall_concrete_high"}
{"ctxid":0,"pos":[-71.9423981,-819.671021,448.290009],"rotationMatrix":[-0.574103713,0.80721277,-0.137158677,-0.814911306,-0.579585671,-3.88809203e-05,-0.0795265883,0.111749835,0.990549088],"scale":1,"type":"italy_wall_concrete_high"}
{"ctxid":0,"pos":[-73.6840973,-817.346008,447.895996],"rotationMatrix":[-0.610170722,0.781286001,-0.131468326,-0.788129389,-0.615509629,3.36528574e-05,-0.0808937252,0.103634581,0.991320372],"scale":1,"type":"italy_wall_concrete_high"}
{"ctxid":0,"pos":[-75.4738998,-815.059998,447.528015],"rotationMatrix":[-0.607352853,0.78554678,-0.118485272,-0.79111135,-0.611672163,-0.000112863258,-0.0725627989,0.0936664939,0.992955804],"scale":1,"type":"italy_wall_concrete_high"}
{"ctxid":0,"pos":[-77.2293015,-812.742981,447.205994],"rotationMatrix":[-0.592724323,0.79898721,-0.101475842,-0.803127587,-0.595807076,-8.83498433e-05,-0.0605306178,0.0814456865,0.994837999],"scale":1,"type":"italy_wall_concrete_high"}
{"ctxid":0,"pos":[-78.9290009,-810.380005,446.936005],"rotationMatrix":[-0.569666266,0.817680061,-0.0829434469,-0.820506334,-0.571637392,-2.07101057e-05,-0.0474305116,0.068043828,0.996554255],"scale":1,"type":"italy_wall_concrete_high"}
{"ctxid":0,"pos":[-80.5497971,-807.955017,446.718994],"rotationMatrix":[-0.539114356,0.839620292,-0.0662835538,-0.841470957,-0.540302396,3.20285244e-06,-0.0358104743,0.0557774119,0.997800827],"scale":1,"type":"italy_wall_concrete_high"}
{"ctxid":0,"pos":[-82.078598,-805.461975,446.541992],"rotationMatrix":[-0.505851507,0.860773921,-0.0564136207,-0.862145901,-0.506660104,-3.56206947e-05,-0.0286131911,0.0486187525,0.998407483],"scale":1,"type":"italy_wall_concrete_high"}
{"ctxid":0,"pos":[-83.5189972,-802.913025,446.380005],"rotationMatrix":[-0.478221893,0.876506805,-0.0551331677,-0.87784338,-0.478947759,5.3899279e-05,-0.026358664,0.0484240651,0.998479009],"scale":1,"type":"italy_wall_concrete_high"}
{"ctxid":0,"pos":[-84.8933029,-800.320007,446.212006],"rotationMatrix":[-0.459112406,0.886372924,-0.0596556924,-0.887953997,-0.459932327,-1.4879658e-05,-0.0274507701,0.0529646762,0.998219013],"scale":1,"type":"italy_wall_concrete_high"}
{"ctxid":0,"pos":[-86.2236023,-797.705994,446.026001],"rotationMatrix":[-0.447660208,0.891680717,-0.0671251565,-0.893694222,-0.448676586,-7.36433794e-05,-0.0301831532,0.0599563979,0.99774456],"scale":1,"type":"italy_wall_concrete_high"}
{"ctxid":0,"pos":[-87.5270996,-795.080017,445.816986],"rotationMatrix":[-0.438274622,0.895886898,-0.072815232,-0.898272276,-0.439439297,2.81244374e-05,-0.0319726765,0.0654202253,0.997345448],"scale":1,"type":"italy_wall_concrete_high"}
{"ctxid":0,"pos":[-88.7825012,-792.437012,445.609985],"rotationMatrix":[-0.418619871,0.905521274,-0.0691997036,-0.907693744,-0.419633269,-0.000118890617,-0.0291461553,0.0627623647,0.99760282],"scale":1,"type":"italy_wall_concrete_high"}
{"ctxid":0,"pos":[-89.9833984,-789.768005,445.410004],"rotationMatrix":[-0.401138306,0.91357404,-0.0668624341,-0.915623665,-0.402036428,2.53636044e-05,-0.0268579628,0.0612310022,0.997762203],"scale":1,"type":"italy_wall_concrete_high"}
{"ctxid":0,"pos":[-91.1356964,-787.077026,445.216003],"rotationMatrix":[-0.385110497,0.920537055,-0.0655853674,-0.922524452,-0.385938644,4.61652889e-05,-0.0252694301,0.060521882,0.997846961],"scale":1,"type":"italy_wall_concrete_high"}
{"ctxid":0,"pos":[-92.2432022,-784.36499,445.023987],"rotationMatrix":[-0.36985147,0.92680037,-0.0651997402,-0.928776741,-0.370639682,6.98359327e-06,-0.0241591372,0.0605585836,0.997872233],"scale":1,"type":"italy_wall_concrete_high"}
{"ctxid":0,"pos":[-93.3059006,-781.635986,444.832001],"rotationMatrix":[-0.355020642,0.932558358,-0.0655382052,-0.934567153,-0.3557868,-2.02145802e-05,-0.0233364794,0.0612426773,0.99785006],"scale":1,"type":"italy_wall_concrete_high"}
{"ctxid":0,"pos":[-94.3247986,-778.888977,444.638],"rotationMatrix":[-0.339639783,0.938186646,-0.0667127967,-0.940283239,-0.340393066,8.02861832e-05,-0.0226332489,0.0627561882,0.997772217],"scale":1,"type":"italy_wall_concrete_high"}
{"ctxid":0,"pos":[-95.2993011,-776.127014,444.440002],"rotationMatrix":[-0.324356437,0.943451464,-0.0685002357,-0.945672333,-0.325121284,-1.80549287e-05,-0.0222879183,0.0647729188,0.9976511],"scale":1,"type":"italy_wall_concrete_high"}
{"ctxid":0,"pos":[-96.2268982,-773.348022,444.235992],"rotationMatrix":[-0.307894588,0.948770344,-0.0709627792,-0.951169729,-0.308668375,6.48308123e-05,-0.0218424574,0.0675176084,0.997478962],"scale":1,"type":"italy_wall_concrete_high"}
{"ctxid":0,"pos":[-97.1039963,-770.552979,444.022003],"rotationMatrix":[-0.289961338,0.954139709,-0.0744300112,-0.956794858,-0.290763736,5.77220744e-05,-0.0215864722,0.0712309927,0.997226238],"scale":1,"type":"italy_wall_concrete_high"}
{"ctxid":0,"pos":[-97.9259033,-767.741028,443.796997],"rotationMatrix":[-0.269957423,0.959634364,-0.0788981542,-0.962633073,-0.270809054,-9.7886521e-05,-0.0214602686,0.0759235471,0.996882677],"scale":1,"type":"italy_wall_concrete_high"}
{"ctxid":0,"pos":[-98.6843033,-764.911987,443.558014],"rotationMatrix":[-0.246709585,0.965391576,-0.0845785812,-0.968865216,-0.247588754,9.74722934e-05,-0.0208466072,0.0819692984,0.996416807],"scale":1,"type":"italy_wall_concrete_high"}
{"ctxid":0,"pos":[-99.3702011,-762.067017,443.299988],"rotationMatrix":[-0.222382903,0.97094053,-0.0884323195,-0.974760354,-0.223253727,4.45719816e-05,-0.0196995679,0.086210236,0.996082187],"scale":1,"type":"italy_wall_concrete_high"}
{"ctxid":0,"pos":[-100.000999,-759.216003,443.049988],"rotationMatrix":[-0.209753036,0.974226713,-0.082982108,-0.977598786,-0.210477114,2.28107165e-05,-0.0174436122,0.0811279938,0.996551037],"scale":1,"type":"italy_wall_concrete_high"}
{"ctxid":0,"pos":[-100.603996,-756.35498,442.811005],"rotationMatrix":[-0.201910257,0.976121604,-0.0801177919,-0.979268909,-0.202564478,-3.89715096e-05,-0.0162670594,0.0784489959,0.996785402],"scale":1,"type":"italy_wall_concrete_high"}
{"ctxid":0,"pos":[-101.186996,-753.487976,442.578003],"rotationMatrix":[-0.195998788,0.977431893,-0.0788123086,-0.980481923,-0.196609259,1.40770671e-05,-0.0154814711,0.0772768036,0.996889472],"scale":1,"type":"italy_wall_concrete_high"}
{"ctxid":0,"pos":[-101.753998,-750.617981,442.346985],"rotationMatrix":[-0.19104743,0.978446722,-0.0783767924,-0.981464565,-0.191643596,-8.62392262e-05,-0.0151047902,0.0769075677,0.996923804],"scale":1,"type":"italy_wall_concrete_high"}
{"ctxid":0,"pos":[-123.752998,-891.237,464.963989],"rotationMatrix":[-0.272969723,-0.962022603,0,0.962022603,-0.272969723,0,0,0,1],"scale":1,"type":"italy_wall_concrete_high"}
{"ctxid":0,"pos":[-124.600998,-894.046997,464.963989],"rotationMatrix":[-0.300884604,-0.953660548,0,0.953660548,-0.300884604,0,0,0,1],"scale":1,"type":"italy_wall_concrete_high"}
{"ctxid":0,"pos":[-123.844002,-913.851013,464.890015],"rotationMatrix":[0.481296301,-0.876037061,-0.0302148052,0.876437426,0.481515765,1.44256419e-05,0.0145362681,-0.0264883302,0.999543428],"scale":1,"type":"italy_wall_concrete_high"}
{"ctxid":0,"pos":[-122.280998,-916.338989,464.783997],"rotationMatrix":[0.576505423,-0.816066027,-0.0409604721,0.816750348,0.5769912,-4.62958778e-05,0.0236716121,-0.0334277898,0.999160767],"scale":1,"type":"italy_wall_concrete_high"}
{"ctxid":0,"pos":[-120.464996,-918.643982,464.654999],"rotationMatrix":[0.655845761,-0.753514051,-0.0456389561,0.754296124,0.656534314,-0.000129252163,0.0300609339,-0.0343405195,0.998957992],"scale":1,"type":"italy_wall_concrete_high"}
{"ctxid":0,"pos":[-118.436996,-920.760986,464.520996],"rotationMatrix":[0.722350001,-0.690047383,-0.045222342,0.690752923,0.723090887,-3.60323465e-05,0.0327247269,-0.0312114358,0.998976946],"scale":1,"type":"italy_wall_concrete_high"}
{"ctxid":0,"pos":[-116.232002,-922.690002,464.394012],"rotationMatrix":[0.778283238,-0.626591146,-0.0407271609,0.627113283,0.778928041,5.74917685e-05,0.0316875018,-0.02558529,0.999170303],"scale":1,"type":"italy_wall_concrete_high"}
{"ctxid":0,"pos":[-113.878998,-924.429993,464.286011],"rotationMatrix":[0.825581312,-0.56333828,-0.0326411799,0.563638031,0.82602191,-2.38836656e-05,0.0269757826,-0.0183780901,0.999467134],"scale":1,"type":"italy_wall_concrete_high"}
{"ctxid":0,"pos":[-111.400002,-925.986023,464.205994],"rotationMatrix":[0.865414381,-0.500593662,-0.0215385351,0.50071013,0.86561501,1.64131288e-05,0.0186358616,-0.0107987672,0.999768019],"scale":1,"type":"italy_wall_concrete_high"}
{"ctxid":0,"pos":[-108.817001,-927.359009,464.161987],"rotationMatrix":[0.898899555,-0.438081563,-0.0080082966,0.438095808,0.898928285,2.7388236e-05,0.00718688639,-0.00353302062,0.999967933],"scale":1,"type":"italy_wall_concrete_high"}
{"ctxid":0,"pos":[-106.139,-928.567993,464.147003],"rotationMatrix":[0.91855979,-0.395085394,-0.0124674747,0.395116925,0.918630838,7.03991391e-05,0.0114251925,-0.00499077607,0.999922276],"scale":1,"type":"italy_wall_concrete_high"}
{"ctxid":0,"pos":[-103.416,-929.702026,464.074005],"rotationMatrix":[0.926640511,-0.374217063,-0.0360409953,0.374457806,0.927243948,-7.56548034e-05,0.0334471054,-0.0134257283,0.999350309],"scale":1,"type":"italy_wall_concrete_high"}
{"ctxid":0,"pos":[-100.677002,-930.776001,463.94101],"rotationMatrix":[0.932908654,-0.356212318,-0.052860368,0.356711507,0.934214592,9.28125701e-06,0.0493796207,-0.018864559,0.998601913],"scale":1,"type":"italy_wall_concrete_high"}
{"ctxid":0,"pos":[-97.9281998,-931.802979,463.773987],"rotationMatrix":[0.936986446,-0.344331235,-0.0590965152,0.344936758,0.938625932,4.78181573e-05,0.0554530546,-0.0204293635,0.998252273],"scale":1,"type":"italy_wall_concrete_high"}
{"ctxid":0,"pos":[-95.1776962,-932.804016,463.605988],"rotationMatrix":[0.938859224,-0.340230465,-0.0527882092,0.340708852,0.940168858,6.74682597e-05,0.0496068783,-0.018048754,0.998605728],"scale":1,"type":"italy_wall_concrete_high"}
{"ctxid":0,"pos":[-92.4330978,-933.804016,463.476013],"rotationMatrix":[0.938171983,-0.344443887,-0.0345215239,0.344647914,0.938732028,-4.36331939e-05,0.032421492,-0.0118568363,0.999403954],"scale":1,"type":"italy_wall_concrete_high"}
{"ctxid":0,"pos":[-89.7012024,-934.823975,463.414001],"rotationMatrix":[0.934456229,-0.356015086,-0.00669459486,0.356022626,0.934477329,-6.77327625e-05,0.00628006132,-0.00232013408,0.999977589],"scale":1,"type":"italy_wall_concrete_high"}
{"ctxid":0,"pos":[-86.9862976,-935.883972,463.441986],"rotationMatrix":[0.927987814,-0.371654809,0.0266704392,0.371785909,0.928318501,4.70653031e-05,-0.0247761533,0.00987201743,0.999644279],"scale":1,"type":"italy_wall_concrete_high"}
{"ctxid":0,"pos":[-84.294899,-936.991028,463.571014],"rotationMatrix":[0.919065595,-0.389293283,0.0613936186,0.390027553,0.920803189,2.59651042e-05,-0.0565415472,0.0239213388,0.998113632],"scale":1,"type":"italy_wall_concrete_high"}
{"ctxid":0,"pos":[-81.580101,-938.075989,463.774994],"rotationMatrix":[0.94454813,-0.321658105,0.0660673231,0.323530525,0.946014047,-0.0196323246,-0.0561857149,0.0399184711,0.997622013],"scale":1,"type":"italy_wall_concrete_high"}
{"ctxid":0,"pos":[-78.7319031,-938.794983,463.940002],"rotationMatrix":[0.98401916,-0.172240764,0.0451598614,0.174612507,0.983086705,-0.0552359,-0.0348821841,0.0622386597,0.997451544],"scale":1,"type":"italy_wall_concrete_high"}
{"ctxid":0,"pos":[-75.8003006,-938.997009,464.028015],"rotationMatrix":[0.999308586,0.0348482616,0.0129594905,-0.0334642343,0.994921684,-0.0949262232,-0.0162016917,0.0944269076,0.995399952],"scale":1,"type":"italy_wall_concrete_high"}
