{"ctxid":0,"pos":[-555.830566,-1400.10254,140.876343],"rotationMatrix":[-0.661185861,0.750200272,-0.00572917331,-0.75021255,-0.661196709,5.58793545e-09,-0.00378810614,0.00429810164,0.999983609],"scale":0.99999994,"type":"italy_guardrails_common_section"}
{"ctxid":0,"pos":[-557.819824,-1397.83154,140.856964],"rotationMatrix":[-0.657275558,0.753618002,-0.00697825942,-0.75363636,-0.657291532,4.19095159e-08,-0.00458671991,0.00525909755,0.999975681],"scale":0.99999994,"type":"italy_guardrails_common_section"}
{"ctxid":0,"pos":[-559.799805,-1395.55322,140.83461],"rotationMatrix":[-0.654905796,0.755670726,-0.00776594365,-0.755693495,-0.654925466,-9.33650881e-08,-0.00508618494,0.00586861186,0.99996984],"scale":1.00000012,"type":"italy_guardrails_common_section"}
{"ctxid":0,"pos":[-561.774414,-1393.27051,140.810318],"rotationMatrix":[-0.653513193,0.756869674,-0.0082882503,-0.756895661,-0.653535604,-8.91741365e-08,-0.00541673461,0.00627328269,0.999965668],"scale":0.999999881,"type":"italy_guardrails_common_section"}
{"ctxid":0,"pos":[-563.745117,-1390.98584,140.78476],"rotationMatrix":[-0.652789474,0.757490158,-0.00863162894,-0.757518411,-0.652813792,-3.65544111e-08,-0.00563487411,0.00653859414,0.999962747],"scale":1,"type":"italy_guardrails_common_section"}
{"ctxid":0,"pos":[-565.715332,-1388.69873,140.758331],"rotationMatrix":[-0.65255034,0.757693648,-0.00884941127,-0.757723331,-0.65257585,-9.54605639e-09,-0.00577491987,0.0067053996,0.99996084],"scale":0.999999881,"type":"italy_guardrails_common_section"}
{"ctxid":0,"pos":[-567.684814,-1386.41211,140.731415],"rotationMatrix":[-0.652761936,0.757510126,-0.00895964913,-0.757540524,-0.652788162,-1.0849908e-07,-0.00584883522,0.00678722654,0.999959886],"scale":1.00000012,"type":"italy_guardrails_common_section"}
{"ctxid":0,"pos":[-569.655273,-1384.12695,140.704346],"rotationMatrix":[-0.653351665,0.757001281,-0.00897748303,-0.757031798,-0.653377891,-3.58559191e-08,-0.00586571684,0.00679621706,0.999959707],"scale":1.00000012,"type":"italy_guardrails_common_section"}
{"ctxid":0,"pos":[-571.628662,-1381.84326,140.677338],"rotationMatrix":[-0.654427886,0.756071806,-0.00890584197,-0.756101847,-0.654453874,6.75208867e-09,-0.00582845882,0.00673372857,0.999960363],"scale":0.999999881,"type":"italy_guardrails_common_section"}
{"ctxid":0,"pos":[-573.605957,-1379.56299,140.650681],"rotationMatrix":[-0.655973673,0.754733443,-0.00873008557,-0.754762173,-0.655998707,-8.77771527e-08,-0.00572698936,0.00658908021,0.999961913],"scale":1.00000012,"type":"italy_guardrails_common_section"}
{"ctxid":0,"pos":[-575.588867,-1377.28809,140.624756],"rotationMatrix":[-0.658169985,0.752822161,-0.00843340345,-0.752848983,-0.65819335,-3.14321369e-08,-0.00555083342,0.00634905789,0.999964416],"scale":0.999999821,"type":"italy_guardrails_common_section"}
{"ctxid":0,"pos":[-577.579346,-1375.021,140.59993],"rotationMatrix":[-0.661212564,0.750156283,-0.00797004905,-0.750180125,-0.661233544,-1.42026693e-08,-0.00527007459,0.00597896241,0.999968231],"scale":1.00000012,"type":"italy_guardrails_common_section"}
{"ctxid":0,"pos":[-579.580078,-1372.76123,140.576874],"rotationMatrix":[-0.665688396,0.746194601,-0.0072601093,-0.746214271,-0.665705919,-9.91858542e-08,-0.00483317114,0.00541753089,0.999973655],"scale":1.00000012,"type":"italy_guardrails_common_section"}
{"ctxid":0,"pos":[-581.598389,-1370.51807,140.556564],"rotationMatrix":[-0.672494531,0.7400769,-0.00610974338,-0.740090728,-0.672507048,2.06986442e-07,-0.00410869252,0.00452190358,0.999981344],"scale":0.99999994,"type":"italy_guardrails_common_section"}
{"ctxid":0,"pos":[-583.633301,-1368.2915,140.540833],"rotationMatrix":[-0.675475597,0.737369418,-0.00438710628,-0.737376571,-0.675482154,-1.97906047e-08,-0.00296342582,0.00323493546,0.999990404],"scale":1.00000012,"type":"italy_guardrails_common_section"}
{"ctxid":0,"pos":[-585.679199,-1366.07324,140.529282],"rotationMatrix":[-0.680571914,0.732673466,-0.00339510315,-0.732677639,-0.680575848,3.51574272e-08,-0.00231059943,0.00248754025,0.999994218],"scale":1,"type":"italy_guardrails_common_section"}
{"ctxid":0,"pos":[-587.743164,-1363.87256,140.519913],"rotationMatrix":[-0.687884092,0.725814819,-0.00286443811,-0.7258178,-0.687886953,1.03842467e-07,-0.00197033444,0.00207913178,0.999995887],"scale":1,"type":"italy_guardrails_common_section"}
{"ctxid":0,"pos":[-589.830811,-1361.69434,140.511749],"rotationMatrix":[-0.696316719,0.717729986,-0.00259412196,-0.71773237,-0.696319103,-1.08557288e-07,-0.00180641445,0.00186180975,0.999996662],"scale":1,"type":"italy_guardrails_common_section"}
{"ctxid":0,"pos":[-591.946289,-1359.5415,140.50412],"rotationMatrix":[-0.705334663,0.708870113,-0.00248417445,-0.708872259,-0.705336809,9.60426405e-09,-0.00175217306,0.00176096917,0.999996901],"scale":1.00000012,"type":"italy_guardrails_common_section"}
{"ctxid":0,"pos":[-594.088623,-1357.41553,140.496658],"rotationMatrix":[-0.714612484,0.699516058,-0.00248402776,-0.699518204,-0.71461463,-8.7369699e-08,-0.00177518383,0.00173756015,0.999996901],"scale":0.999999881,"type":"italy_guardrails_common_section"}
{"ctxid":0,"pos":[-596.259766,-1355.31934,140.489059],"rotationMatrix":[-0.724136472,0.689651906,-0.00256174011,-0.689654171,-0.724138856,-5.05824573e-08,-0.00185509038,0.00176667818,0.999996722],"scale":1.00000012,"type":"italy_guardrails_common_section"}
{"ctxid":0,"pos":[-598.460449,-1353.25342,140.48114],"rotationMatrix":[-0.733723998,0.679442167,-0.00269669225,-0.679444671,-0.733726621,-6.98491931e-09,-0.00197863975,0.00183224806,0.999996364],"scale":0.99999994,"type":"italy_guardrails_common_section"}
{"ctxid":0,"pos":[-600.688965,-1351.21973,140.472733],"rotationMatrix":[-0.743357778,0.668887913,-0.00287789642,-0.668890655,-0.743360877,-2.47382559e-08,-0.00213933201,0.0019249795,0.999995887],"scale":1.00000012,"type":"italy_guardrails_common_section"}
{"ctxid":0,"pos":[-602.946777,-1349.21655,140.46373],"rotationMatrix":[-0.752998233,0.65801543,-0.00309222005,-0.658018529,-0.753001809,-1.01746991e-07,-0.00232851412,0.00203466136,0.999995232],"scale":1,"type":"italy_guardrails_common_section"}
{"ctxid":0,"pos":[-605.234375,-1347.24707,140.454056],"rotationMatrix":[-0.762590528,0.646872997,-0.00333668594,-0.646876574,-0.7625947,-2.93948688e-07,-0.00254472927,0.0021581999,0.999994457],"scale":1,"type":"italy_guardrails_common_section"}
{"ctxid":0,"pos":[-607.550293,-1345.31201,140.443588],"rotationMatrix":[-0.77210319,0.63548702,-0.00360426679,-0.635491192,-0.772108197,-1.80560164e-07,-0.00278299861,0.00229034014,0.999993503],"scale":1,"type":"italy_guardrails_common_section"}
{"ctxid":0,"pos":[-609.894531,-1343.41187,140.432266],"rotationMatrix":[-0.781582594,0.623789608,-0.00389378471,-0.623794377,-0.781588554,1.20489858e-07,-0.00304326229,0.002429015,0.99999243],"scale":1.00000012,"type":"italy_guardrails_common_section"}
{"ctxid":0,"pos":[-612.267578,-1341.54712,140.420044],"rotationMatrix":[-0.790944576,0.611873388,-0.00419893581,-0.611878753,-0.79095149,-1.10827386e-07,-0.00332122273,0.00256915228,0.999991179],"scale":1,"type":"italy_guardrails_common_section"}
{"ctxid":0,"pos":[-614.669434,-1339.71924,140.406891],"rotationMatrix":[-0.800247431,0.599653006,-0.00452143606,-0.599659085,-0.800255537,-1.43656507e-07,-0.0036183903,0.00271120528,0.999989808],"scale":0.99999994,"type":"italy_guardrails_common_section"}
{"ctxid":0,"pos":[-617.098633,-1337.92798,140.392746],"rotationMatrix":[-0.809425592,0.587202132,-0.00485390797,-0.587209046,-0.809435129,-9.05711204e-08,-0.003928978,0.00285018538,0.999988198],"scale":0.999999881,"type":"italy_guardrails_common_section"}
{"ctxid":0,"pos":[-619.555176,-1336.17505,140.377563],"rotationMatrix":[-0.818483591,0.574506462,-0.00520010479,-0.57451421,-0.818494678,-3.88012268e-07,-0.00425648037,0.00298721623,0.99998647],"scale":1,"type":"italy_guardrails_common_section"}
{"ctxid":0,"pos":[-622.039551,-1334.46069,140.361343],"rotationMatrix":[-0.827364683,0.561637521,-0.00555147044,-0.561646223,-0.827377439,-2.69268639e-07,-0.00459331274,0.00311773922,0.999984562],"scale":1,"type":"italy_guardrails_common_section"}
{"ctxid":0,"pos":[-624.552734,-1332.79004,140.34433],"rotationMatrix":[-0.84005785,0.542469025,-0.00550932437,-0.54247725,-0.840070605,4.01865691e-07,-0.00462800264,0.00298902043,0.999984801],"scale":0.99999994,"type":"italy_guardrails_common_section"}
{"ctxid":0,"pos":[-627.110352,-1331.19067,140.330002],"rotationMatrix":[-0.855339408,0.518055499,-0.00363544654,-0.518058956,-0.855345011,1.13021815e-06,-0.00310897548,0.0018843424,0.999993384],"scale":0.99999994,"type":"italy_guardrails_common_section"}
{"ctxid":0,"pos":[-629.711426,-1329.66382,140.324371],"rotationMatrix":[-0.868621707,0.495475829,0.000260501227,-0.495475829,-0.868621707,1.09573739e-06,0.000226819946,-0.0001281203,0.99999994],"scale":0.999999821,"type":"italy_guardrails_common_section"}
{"ctxid":0,"pos":[-632.344727,-1328.19971,140.333313],"rotationMatrix":[-0.879207969,0.476401418,0.00593189662,-0.476409823,-0.879223466,1.33097637e-06,0.00521609606,-0.0028248434,0.999982417],"scale":1.00000012,"type":"italy_guardrails_common_section"}
{"ctxid":0,"pos":[-635.007324,-1326.78687,140.361359],"rotationMatrix":[-0.886951208,0.461683631,0.0128724426,-0.461721897,-0.88702476,8.16071406e-07,0.0114185512,-0.00594276469,0.99991715],"scale":0.999999881,"type":"italy_guardrails_common_section"}
{"ctxid":0,"pos":[-637.687988,-1325.4126,140.411484],"rotationMatrix":[-0.892054677,0.451462448,0.0204973482,-0.451557338,-0.892242074,2.44937837e-07,0.0182887092,-0.00925550982,0.999789894],"scale":1,"type":"italy_guardrails_common_section"}
{"ctxid":0,"pos":[-640.380859,-1324.0625,140.485001],"rotationMatrix":[-0.894911289,0.445347488,0.0282747261,-0.445525587,-0.895269156,2.7474016e-07,0.0253136121,-0.0125968689,0.999600172],"scale":1,"type":"italy_guardrails_common_section"}
{"ctxid":0,"pos":[-643.080078,-1322.72559,140.581787],"rotationMatrix":[-0.895991087,0.442624956,0.035818357,-0.442909151,-0.896566391,1.33179128e-07,0.0321136005,-0.0158641599,0.999358296],"scale":1,"type":"italy_guardrails_common_section"}
{"ctxid":0,"pos":[-645.779297,-1321.39282,140.700592],"rotationMatrix":[-0.89580512,0.44237262,0.0428920873,-0.442780077,-0.896630287,2.04890966e-08,0.038458351,-0.0189917441,0.999079704],"scale":1,"type":"italy_guardrails_common_section"}
{"ctxid":0,"pos":[-648.477051,-1320.05713,140.839874],"rotationMatrix":[-0.894666314,0.4439978,0.0493778773,-0.444540083,-0.895758986,-4.18163836e-07,0.0442304872,-0.0219508186,0.998780191],"scale":0.999999881,"type":"italy_guardrails_common_section"}
{"ctxid":0,"pos":[-651.172363,-1318.71484,140.997787],"rotationMatrix":[-0.892930031,0.446792901,0.0552463308,-0.447476327,-0.894295812,-4.59142029e-07,0.0494063571,-0.0247218385,0.99847275],"scale":1,"type":"italy_guardrails_common_section"}
{"ctxid":0,"pos":[-653.86377,-1317.36401,141.170364],"rotationMatrix":[-0.892198682,0.44788605,0.0581341982,-0.448644817,-0.893710136,-6.61239028e-08,0.0519550964,-0.0260816664,0.998308778],"scale":0.999999821,"type":"italy_guardrails_common_section"}
{"ctxid":0,"pos":[-656.556641,-1316.01685,141.347061],"rotationMatrix":[-0.893830061,0.444493353,0.0591041446,-0.44527179,-0.895395398,1.18277967e-07,0.0529216379,-0.0263173021,0.998251796],"scale":1,"type":"italy_guardrails_common_section"}
{"ctxid":0,"pos":[-659.258789,-1314.68628,141.527802],"rotationMatrix":[-0.897715926,0.436350495,0.0608648844,-0.437160939,-0.899383426,4.10713255e-07,0.0547410436,-0.0266073793,0.998145998],"scale":1,"type":"italy_guardrails_common_section"}
{"ctxid":0,"pos":[-661.975586,-1313.39038,141.715332],"rotationMatrix":[-0.904802561,0.42103523,0.0637312829,-0.421892822,-0.906645656,1.08871609e-06,0.0577821545,-0.026886791,0.997967124],"scale":1,"type":"italy_guardrails_common_section"}
{"ctxid":0,"pos":[-664.71875,-1312.15479,141.913544],"rotationMatrix":[-0.915873885,0.395666331,0.0679939091,-0.396584004,-0.917998433,1.7741695e-06,0.062419001,-0.0269636735,0.99768573],"scale":0.99999994,"type":"italy_guardrails_common_section"}
{"ctxid":0,"pos":[-667.5,-1311.0127,142.126617],"rotationMatrix":[-0.930356622,0.359191746,0.0736061335,-0.360168606,-0.932887316,2.14576721e-06,0.0686669946,-0.0265086219,0.997287393],"scale":0.999999881,"type":"italy_guardrails_common_section"}
{"ctxid":0,"pos":[-696.986816,-1306.07617,144.682266],"rotationMatrix":[-0.997451901,-0.0312635936,0.0641273782,0.0313275568,-0.999509215,-8.08062032e-06,0.0640961602,0.00200089416,0.997941732],"scale":0.999999881,"type":"italy_guardrails_common_section"}
{"ctxid":0,"pos":[-700.000488,-1306.23315,144.864151],"rotationMatrix":[-0.995706201,-0.0735464841,0.0562154986,0.0736625493,-0.99728322,-7.62986019e-06,0.0560633354,0.00413337955,0.998418629],"scale":0.999999881,"type":"italy_guardrails_common_section"}
{"ctxid":0,"pos":[-703.005859,-1306.5166,145.022064],"rotationMatrix":[-0.992262244,-0.114406131,0.048238039,0.114539154,-0.993418694,-6.62147067e-06,0.0479213297,0.00551857427,0.998835862],"scale":0.99999994,"type":"italy_guardrails_common_section"}
{"ctxid":0,"pos":[-705.997559,-1306.92004,145.155975],"rotationMatrix":[-0.987423539,-0.152854025,0.0403797701,0.152978599,-0.988229632,-5.0670933e-06,0.0399052575,0.00617223792,0.99918443],"scale":0.99999994,"type":"italy_guardrails_common_section"}
{"ctxid":0,"pos":[-708.974609,-1307.43518,145.266541],"rotationMatrix":[-0.981592774,-0.188146487,0.0328082293,0.188247725,-0.982121587,-3.41958366e-06,0.0322223157,0.00617271848,0.999461651],"scale":0.99999994,"type":"italy_guardrails_common_section"}
{"ctxid":0,"pos":[-711.932129,-1308.05261,145.354706],"rotationMatrix":[-0.975243688,-0.219636738,0.0256778318,0.219709098,-0.975565314,-2.9548537e-06,0.0250510555,0.00563877262,0.999670267],"scale":0.99999994,"type":"italy_guardrails_common_section"}
{"ctxid":0,"pos":[-714.869629,-1308.75891,145.42215],"rotationMatrix":[-0.968823552,-0.247013718,0.0191045087,0.247058749,-0.96900034,-2.77534127e-06,0.0185129624,0.00471724709,0.999817491],"scale":0.999999881,"type":"italy_guardrails_common_section"}
{"ctxid":0,"pos":[-717.788086,-1309.54163,145.470612],"rotationMatrix":[-0.962726355,-0.270157158,0.0131618064,0.270180523,-0.962809801,-2.31468584e-06,0.0126729403,0.00355383521,0.999913394],"scale":1,"type":"italy_guardrails_common_section"}
{"ctxid":0,"pos":[-720.6875,-1310.38757,145.502167],"rotationMatrix":[-0.957281113,-0.289050788,0.00789758097,0.289059788,-0.957310915,-1.96916517e-06,0.00756101031,0.00228098826,0.999968827],"scale":0.999999881,"type":"italy_guardrails_common_section"}
{"ctxid":0,"pos":[-723.572754,-1311.28467,145.518845],"rotationMatrix":[-0.952707529,-0.30387032,0.00332318665,0.303871989,-0.952712774,-1.32393325e-06,0.00316644507,0.00100856205,0.999994457],"scale":0.99999994,"type":"italy_guardrails_common_section"}
{"ctxid":0,"pos":[-726.444336,-1312.22034,145.522736],"rotationMatrix":[-0.949118853,-0.314917445,-0.000581808563,0.314917505,-0.949118972,-9.48042725e-07,-0.000551907055,-0.000184121513,0.999999821],"scale":1,"type":"italy_guardrails_common_section"}
{"ctxid":0,"pos":[-729.306641,-1313.18396,145.515854],"rotationMatrix":[-0.946576953,-0.322455376,-0.00384089048,0.322457761,-0.946583867,-5.45405783e-07,-0.00363554922,-0.00123904122,0.999992609],"scale":0.99999994,"type":"italy_guardrails_common_section"}
{"ctxid":0,"pos":[-732.162109,-1314.16504,145.500076],"rotationMatrix":[-0.945047855,-0.326867521,-0.00649947207,0.326874435,-0.945067763,-1.18161552e-07,-0.006142403,-0.00212462293,0.9999789],"scale":0.99999994,"type":"italy_guardrails_common_section"}
{"ctxid":0,"pos":[-735.013672,-1315.15527,145.477173],"rotationMatrix":[-0.944476724,-0.328465909,-0.00860363059,0.328478068,-0.944511652,-1.61700882e-07,-0.00812617503,-0.00282625668,0.999962986],"scale":1,"type":"italy_guardrails_common_section"}
{"ctxid":0,"pos":[-737.865234,-1316.14624,145.448578],"rotationMatrix":[-0.944785357,-0.327531517,-0.010193456,0.327548563,-0.944834471,3.49245965e-09,-0.00963112898,-0.00333884801,0.999948025],"scale":0.999999881,"type":"italy_guardrails_common_section"}
{"ctxid":0,"pos":[-740.719238,-1317.13074,145.415985],"rotationMatrix":[-0.945822358,-0.324486464,-0.0113364728,0.324507326,-0.945883036,2.86730938e-07,-0.0107230721,-0.00367849739,0.999935746],"scale":0.99999994,"type":"italy_guardrails_common_section"}
{"ctxid":0,"pos":[-743.576172,-1318.10339,145.380524],"rotationMatrix":[-0.947487831,-0.319563866,-0.012072579,0.319587171,-0.947556853,1.07567757e-07,-0.0114394901,-0.00385813951,0.999927104],"scale":0.99999994,"type":"italy_guardrails_common_section"}
{"ctxid":0,"pos":[-746.439941,-1319.05859,145.342987],"rotationMatrix":[-0.949615479,-0.313119739,-0.0136546278,0.313148946,-0.949703932,4.64497134e-07,-0.012968001,-0.00427549146,0.999906778],"scale":0.99999994,"type":"italy_guardrails_common_section"}
{"ctxid":0,"pos":[-749.311523,-1319.99609,145.292465],"rotationMatrix":[-0.951214075,-0.307881534,-0.0200230405,0.307943285,-0.95140481,4.991889e-07,-0.0190501697,-0.00616548583,0.99979949],"scale":1,"type":"italy_guardrails_common_section"}
{"ctxid":0,"pos":[-752.1875,-1320.92065,145.222702],"rotationMatrix":[-0.952079415,-0.304758668,-0.025830714,0.304860353,-0.952397108,3.70666385e-07,-0.024601208,-0.00787440687,0.999666333],"scale":1,"type":"italy_guardrails_common_section"}
{"ctxid":0,"pos":[-755.063965,-1321.83887,145.136963],"rotationMatrix":[-0.952363133,-0.303408682,-0.0307861976,0.303552568,-0.952814698,2.32830644e-09,-0.029333543,-0.00934522785,0.999525964],"scale":0.99999994,"type":"italy_guardrails_common_section"}
{"ctxid":0,"pos":[-763.687012,-1324.60095,144.804626],"rotationMatrix":[-0.95034337,-0.308404207,-0.0416442007,0.308672011,-0.951168418,-2.33296305e-07,-0.0396105796,-0.012854619,0.999132514],"scale":1,"type":"italy_guardrails_common_section"}
{"ctxid":0,"pos":[-766.554199,-1325.53845,144.674805],"rotationMatrix":[-0.948817372,-0.312717646,-0.0441961773,0.313023537,-0.949745417,-2.88244337e-07,-0.0419750251,-0.0138347168,0.999022901],"scale":0.99999994,"type":"italy_guardrails_common_section"}
{"ctxid":0,"pos":[-769.416504,-1326.49084,144.537994],"rotationMatrix":[-0.946892977,-0.318196505,-0.0463089794,0.318538278,-0.947909951,-6.17466867e-07,-0.0438965484,-0.0147517677,0.998927176],"scale":1,"type":"italy_guardrails_common_section"}
{"ctxid":0,"pos":[-772.271973,-1327.46118,144.395508],"rotationMatrix":[-0.944538355,-0.324871242,-0.0480218641,0.325246513,-0.945629358,-3.76719981e-07,-0.045410756,-0.0156192984,0.998846292],"scale":0.99999994,"type":"italy_guardrails_common_section"}
{"ctxid":0,"pos":[-775.119141,-1328.45337,144.248444],"rotationMatrix":[-0.941750407,-0.332671493,-0.0493557006,0.333077461,-0.942899585,-1.01514161e-07,-0.0465374291,-0.0164393671,0.998781264],"scale":1,"type":"italy_guardrails_common_section"}
{"ctxid":0,"pos":[-777.95752,-1329.47131,144.09787],"rotationMatrix":[-0.938504338,-0.34158051,-0.0503207259,0.342013836,-0.939694881,-2.38418579e-07,-0.0472860523,-0.0172106083,0.998733103],"scale":1,"type":"italy_guardrails_common_section"}
{"ctxid":0,"pos":[-780.783691,-1330.51758,143.944885],"rotationMatrix":[-0.934724689,-0.351702422,-0.0509423316,0.352159649,-0.935939908,-5.49480319e-08,-0.04767894,-0.0179398842,0.998701572],"scale":0.999999881,"type":"italy_guardrails_common_section"}
{"ctxid":0,"pos":[-783.599121,-1331.59558,143.790619],"rotationMatrix":[-0.930380583,-0.362998843,-0.0512237325,0.363476038,-0.931603551,-2.66358256e-07,-0.0477201119,-0.0186188463,0.998687208],"scale":0.999999881,"type":"italy_guardrails_common_section"}
{"ctxid":0,"pos":[-786.399414,-1332.70972,143.635986],"rotationMatrix":[-0.925406337,-0.375506073,-0.0511679724,0.375998586,-0.926620126,8.19563866e-08,-0.0474133119,-0.0192390122,0.998690069],"scale":0.99999994,"type":"italy_guardrails_common_section"}
{"ctxid":0,"pos":[-789.183594,-1333.86426,143.482056],"rotationMatrix":[-0.919729471,-0.389257252,-0.0507601239,0.389759719,-0.920916557,2.04890966e-07,-0.0467459224,-0.0197840631,0.998710871],"scale":0.99999994,"type":"italy_guardrails_common_section"}
{"ctxid":0,"pos":[-791.948242,-1335.06226,143.329987],"rotationMatrix":[-0.913219213,-0.404388905,-0.0500023104,0.404895365,-0.914363027,6.21192157e-07,-0.0457205139,-0.0202451348,0.998749077],"scale":0.99999994,"type":"italy_guardrails_common_section"}
{"ctxid":0,"pos":[-794.692383,-1336.30688,143.180664],"rotationMatrix":[-0.905780911,-0.420918077,-0.0488793589,0.421421796,-0.906864882,7.67409801e-07,-0.0443272926,-0.0205981303,0.998804688],"scale":0.99999994,"type":"italy_guardrails_common_section"}
{"ctxid":0,"pos":[-797.413086,-1337.60388,143.035339],"rotationMatrix":[-0.897300124,-0.438871741,-0.0473742075,0.439365029,-0.898308754,7.98143446e-07,-0.0425570123,-0.0208138525,0.998877227],"scale":0.999999881,"type":"italy_guardrails_common_section"}
{"ctxid":0,"pos":[-800.104492,-1338.95825,142.895203],"rotationMatrix":[-0.887554407,-0.458455205,-0.0454530194,0.458929479,-0.888472676,1.23679638e-06,-0.0403843373,-0.0208586324,0.998966455],"scale":0.999999881,"type":"italy_guardrails_common_section"}
{"ctxid":0,"pos":[-802.765625,-1340.37292,142.761505],"rotationMatrix":[-0.876408458,-0.479636192,-0.0430946946,0.480082095,-0.877223492,1.97254121e-06,-0.0378046259,-0.0206872635,0.999071002],"scale":0.99999994,"type":"italy_guardrails_common_section"}
{"ctxid":0,"pos":[-805.390137,-1341.85352,142.635574],"rotationMatrix":[-0.86363256,-0.502510726,-0.0402707309,0.502918661,-0.864333749,1.89524144e-06,-0.0348083079,-0.0202512629,0.999188781],"scale":0.99999994,"type":"italy_guardrails_common_section"}
{"ctxid":0,"pos":[-807.972656,-1343.40649,142.518997],"rotationMatrix":[-0.848917603,-0.527233601,-0.0369275212,0.527593374,-0.84949708,2.43727118e-06,-0.0313711017,-0.0194806457,0.999317944],"scale":0.99999994,"type":"italy_guardrails_common_section"}
{"ctxid":0,"pos":[-810.506348,-1345.03687,142.413422],"rotationMatrix":[-0.831999063,-0.553792953,-0.0330260396,0.554095149,-0.832453251,3.57348472e-06,-0.0274946168,-0.0182965957,0.999454498],"scale":0.99999994,"type":"italy_guardrails_common_section"}
{"ctxid":0,"pos":[-812.987793,-1346.74805,142.320206],"rotationMatrix":[-0.812536001,-0.582211971,-0.0285345446,0.582449079,-0.812867045,1.53109431e-06,-0.0231956858,-0.0166186765,0.999592781],"scale":0.99999994,"type":"italy_guardrails_common_section"}
{"ctxid":0,"pos":[-836.690674,-1369.7998,141.927002],"rotationMatrix":[-0.574199915,-0.818713963,-0.00139837083,0.818714797,-0.574200392,2.29582656e-06,-0.000804824755,-0.00114354864,0.999999046],"scale":0.999999881,"type":"italy_guardrails_common_section"}
{"ctxid":0,"pos":[-838.346191,-1372.32129,141.926163],"rotationMatrix":[-0.52056849,-0.85381943,0.000899256556,0.853819788,-0.520568728,8.53207894e-07,0.000467396341,0.000768247235,0.999999583],"scale":0.99999994,"type":"italy_guardrails_common_section"}
{"ctxid":0,"pos":[-839.822876,-1374.95117,141.932465],"rotationMatrix":[-0.457703948,-0.889098585,0.00327824079,0.889103353,-0.457706451,1.72038563e-06,0.0014989425,0.00291548227,0.999994636],"scale":0.999999881,"type":"italy_guardrails_common_section"}
{"ctxid":0,"pos":[-841.099365,-1377.68359,141.945938],"rotationMatrix":[-0.386927605,-0.922092795,0.00564997643,0.922107458,-0.386933804,1.2642704e-06,0.00218500104,0.00521037495,0.999984026],"scale":0.999999881,"type":"italy_guardrails_common_section"}
{"ctxid":0,"pos":[-842.150391,-1380.50928,141.966522],"rotationMatrix":[-0.310593843,-0.950509727,0.00791326165,0.950539529,-0.310603499,2.77394429e-06,0.00245525036,0.00752272969,0.999968708],"scale":0.99999994,"type":"italy_guardrails_common_section"}
{"ctxid":0,"pos":[-842.969055,-1383.4126,141.993591],"rotationMatrix":[-0.232143283,-0.972630441,0.0099743586,0.97267884,-0.232154846,2.61841342e-06,0.00231304904,0.00970245525,0.99995023],"scale":0.999999881,"type":"italy_guardrails_common_section"}
{"ctxid":0,"pos":[-843.553406,-1386.37207,142.026428],"rotationMatrix":[-0.154994726,-0.987845242,0.0117654055,0.987913668,-0.155005455,1.54040754e-06,0.00182217965,0.0116234431,0.999930799],"scale":0.99999994,"type":"italy_guardrails_common_section"}
{"ctxid":0,"pos":[-843.908203,-1389.3667,142.064301],"rotationMatrix":[-0.0821499825,-0.996531725,0.0132561084,0.996619344,-0.0821572542,2.0111911e-06,0.00108708115,0.0132114608,0.999912143],"scale":0.99999994,"type":"italy_guardrails_common_section"}
{"ctxid":0,"pos":[-844.053345,-1392.37842,142.106201],"rotationMatrix":[-0.0154505968,-0.999776065,0.0144563895,0.999880612,-0.0154521465,1.66567042e-06,0.000221716706,0.0144546889,0.999895513],"scale":0.99999994,"type":"italy_guardrails_common_section"}
{"ctxid":0,"pos":[-844.008545,-1395.39551,142.151306],"rotationMatrix":[0.0443022251,-0.998899519,0.0153949428,0.999017894,0.0443074703,9.27597284e-07,-0.000683037098,0.0153797837,0.999881506],"scale":0.999999881,"type":"italy_guardrails_common_section"}
{"ctxid":0,"pos":[-843.794373,-1398.4043,142.198914],"rotationMatrix":[0.096935153,-0.995160341,0.0161098521,0.995289445,0.0969477296,4.65661287e-07,-0.00156227732,0.0160339214,0.999870241],"scale":0.999999881,"type":"italy_guardrails_common_section"}
{"ctxid":0,"pos":[-843.429443,-1401.39941,142.248383],"rotationMatrix":[0.142858863,-0.989603102,0.0166409798,0.989740193,0.142878652,4.75905836e-07,-0.00237811077,0.016470179,0.999861538],"scale":0.999999881,"type":"italy_guardrails_common_section"}
{"ctxid":0,"pos":[-842.939575,-1404.37695,142.29895],"rotationMatrix":[0.180567086,-0.983423293,0.0165579915,0.983558118,0.180591881,-2.68220901e-07,-0.0029899748,0.0162857939,0.999862909],"scale":0.999999881,"type":"italy_guardrails_common_section"}
{"ctxid":0,"pos":[-842.347168,-1407.33594,142.347321],"rotationMatrix":[0.211776078,-0.977195561,0.0154814413,0.977312744,0.211801469,-6.19329512e-07,-0.00327838678,0.0151303411,0.999880135],"scale":0.999999881,"type":"italy_guardrails_common_section"}
{"ctxid":0,"pos":[-841.660156,-1410.27539,142.392395],"rotationMatrix":[0.24368763,-0.969747066,0.0143900616,0.969847441,0.243712842,-7.3807314e-07,-0.00350632798,0.0139563438,0.999896467],"scale":0.99999994,"type":"italy_guardrails_common_section"}
{"ctxid":0,"pos":[-840.876221,-1413.19043,142.434235],"rotationMatrix":[0.276277244,-0.960985601,0.0133226085,0.961070955,0.276301742,-2.77999789e-07,-0.0036807931,0.01280405,0.999911249],"scale":0.99999994,"type":"italy_guardrails_common_section"}
{"ctxid":0,"pos":[-839.993042,-1416.07617,142.47287],"rotationMatrix":[0.309387088,-0.950856805,0.012284887,0.950928569,0.309410453,-1.67638063e-07,-0.00380091276,0.0116821025,0.999924541],"scale":0.99999994,"type":"italy_guardrails_common_section"}
{"ctxid":0,"pos":[-839.007812,-1418.9292,142.508392],"rotationMatrix":[0.342795551,-0.939342201,0.0112845143,0.939402044,0.342817366,-4.27477062e-07,-0.00386812561,0.0106008425,0.999936342],"scale":0.99999994,"type":"italy_guardrails_common_section"}
{"ctxid":0,"pos":[-837.921875,-1421.74609,142.540985],"rotationMatrix":[0.376311243,-0.926435649,0.0103376154,0.926485121,0.376331329,-7.87433237e-07,-0.00388964033,0.00957794301,0.999946594],"scale":0.99999994,"type":"italy_guardrails_common_section"}
{"ctxid":0,"pos":[-836.735107,-1424.52051,142.570816],"rotationMatrix":[0.409725547,-0.91215986,0.00945121981,0.91220063,0.409743845,-8.65198672e-07,-0.0038717892,0.00862176344,0.999955356],"scale":0.99999994,"type":"italy_guardrails_common_section"}
{"ctxid":0,"pos":[-835.448486,-1427.25,142.598083],"rotationMatrix":[0.442744732,-0.896606147,0.00863499194,0.896639526,0.442761242,-6.79865479e-07,-0.00382262981,0.00774277607,0.999962747],"scale":0.999999881,"type":"italy_guardrails_common_section"}
{"ctxid":0,"pos":[-834.062988,-1429.93164,142.623001],"rotationMatrix":[0.475134134,-0.879877985,0.00789526384,0.879905403,0.475148976,-6.74510375e-07,-0.00375083275,0.00694740564,0.999968827],"scale":0.999999881,"type":"italy_guardrails_common_section"}
{"ctxid":0,"pos":[-832.581055,-1432.56128,142.645828],"rotationMatrix":[0.50673604,-0.862070799,0.00724247657,0.862093449,0.506749332,-4.9197115e-07,-0.00366969593,0.00624394137,0.999973774],"scale":0.999999881,"type":"italy_guardrails_common_section"}
{"ctxid":0,"pos":[-831.005615,-1435.13525,142.666809],"rotationMatrix":[0.53730154,-0.843363762,0.00668401178,0.843382597,0.537313581,-4.17931005e-07,-0.00359105784,0.00563740358,0.999977648],"scale":0.999999881,"type":"italy_guardrails_common_section"}
{"ctxid":0,"pos":[-829.339844,-1437.65161,142.686264],"rotationMatrix":[0.566640913,-0.82394135,0.00622380897,0.823957324,0.566651881,-2.0256266e-07,-0.00352656585,0.00512826769,0.999980628],"scale":0.999999881,"type":"italy_guardrails_common_section"}
{"ctxid":0,"pos":[-827.587158,-1440.1084,142.704483],"rotationMatrix":[0.594672918,-0.803946316,0.00586379599,0.803960145,0.59468317,-8.94069672e-08,-0.00348702841,0.00471431157,0.999982834],"scale":0.99999994,"type":"italy_guardrails_common_section"}
{"ctxid":0,"pos":[-825.752197,-1442.50439,142.721756],"rotationMatrix":[0.621232748,-0.783606052,0.00560816051,0.783618331,0.621242523,1.07800588e-07,-0.00348411268,0.00439458992,0.999984264],"scale":0.999999881,"type":"italy_guardrails_common_section"}
{"ctxid":0,"pos":[-823.838867,-1444.83887,142.738434],"rotationMatrix":[0.646262467,-0.763095737,0.00545398984,0.763107061,0.646272063,-4.77302819e-08,-0.00352472509,0.00416200887,0.999985099],"scale":0.999999881,"type":"italy_guardrails_common_section"}
{"ctxid":0,"pos":[-821.852539,-1447.11133,142.754791],"rotationMatrix":[0.669749796,-0.742567182,0.0054009622,0.74257803,0.669759572,1.67638063e-08,-0.00361735863,0.00401062425,0.999985397],"scale":0.99999994,"type":"italy_guardrails_common_section"}
{"ctxid":0,"pos":[-819.797363,-1449.32104,142.771103],"rotationMatrix":[0.69168371,-0.722180009,0.00544795068,0.722190738,0.691693962,-2.07219273e-08,-0.00376829924,0.00393447373,0.999985158],"scale":0.99999994,"type":"italy_guardrails_common_section"}
{"ctxid":0,"pos":[-817.677734,-1451.46924,142.787735],"rotationMatrix":[0.712060213,-0.702096224,0.00558728073,0.702107191,0.7120713,4.47034836e-08,-0.00397857372,0.00392283779,0.999984384],"scale":0.99999994,"type":"italy_guardrails_common_section"}
{"ctxid":0,"pos":[-815.5,-1453.55811,142.804932],"rotationMatrix":[0.730929852,-0.682427764,0.00581529457,0.682439327,0.730942249,2.05822289e-07,-0.0042507844,0.00396843534,0.999983072],"scale":0.99999994,"type":"italy_guardrails_common_section"}
{"ctxid":0,"pos":[-813.26709,-1455.58887,142.822906],"rotationMatrix":[0.748343945,-0.663282573,0.00612879451,0.663294971,0.748358011,3.49711627e-07,-0.00458676461,0.00406493712,0.999981225],"scale":0.99999994,"type":"italy_guardrails_common_section"}
{"ctxid":0,"pos":[-810.984375,-1457.56226,142.841965],"rotationMatrix":[0.764415741,-0.644690692,0.00652274815,0.644704401,0.764431953,9.63918865e-08,-0.00498625962,0.00420517102,0.999978721],"scale":0.99999994,"type":"italy_guardrails_common_section"}
{"ctxid":0,"pos":[-808.664551,-1459.49121,142.862061],"rotationMatrix":[0.768028975,-0.64038074,0.00663321838,0.640394807,0.768045902,2.39117071e-07,-0.00509476941,0.00424769521,0.999978006],"scale":1,"type":"italy_guardrails_common_section"}
{"ctxid":0,"pos":[-806.361816,-1461.44263,142.881638],"rotationMatrix":[0.75716424,-0.653193831,0.00633129152,0.653206944,0.757179379,1.47148967e-07,-0.00479401974,0.0041355323,0.999979973],"scale":1,"type":"italy_guardrails_common_section"}
{"ctxid":0,"pos":[-804.09375,-1463.43335,142.900284],"rotationMatrix":[0.746340394,-0.665537179,0.00602875883,0.665549219,0.746353984,1.37137249e-07,-0.00449967897,0.00401233323,0.999981821],"scale":0.99999994,"type":"italy_guardrails_common_section"}
{"ctxid":0,"pos":[-801.856445,-1465.45972,142.918045],"rotationMatrix":[0.735774636,-0.677202225,0.00573681807,0.677213311,0.735786796,3.0035153e-08,-0.00422109524,0.00388502725,0.999983549],"scale":0.99999994,"type":"italy_guardrails_common_section"}
{"ctxid":0,"pos":[-799.651855,-1467.51953,142.934937],"rotationMatrix":[0.725549877,-0.688147962,0.00545605458,0.688158214,0.725560665,1.73225999e-07,-0.00395881757,0.00375450286,0.999985099],"scale":1,"type":"italy_guardrails_common_section"}
{"ctxid":0,"pos":[-797.476562,-1469.6123,142.950989],"rotationMatrix":[0.715712905,-0.698375344,0.00518829795,0.698384762,0.715722501,5.14555722e-08,-0.00371341733,0.0036233915,0.999986529],"scale":0.99999994,"type":"italy_guardrails_common_section"}
{"ctxid":0,"pos":[-795.330566,-1471.73486,142.966263],"rotationMatrix":[0.70624125,-0.707954049,0.00493297912,0.707962632,0.706249833,1.09197572e-07,-0.003483993,0.00349228783,0.999987841],"scale":0.99999994,"type":"italy_guardrails_common_section"}
{"ctxid":0,"pos":[-793.212402,-1473.88574,142.980774],"rotationMatrix":[0.697192788,-0.716868401,0.00468769064,0.716876268,0.697200418,9.33650881e-08,-0.00326832687,0.00336042908,0.999989033],"scale":0.99999994,"type":"italy_guardrails_common_section"}
{"ctxid":0,"pos":[-791.12207,-1476.06152,142.994553],"rotationMatrix":[0.688605309,-0.72512269,0.00445735222,0.725129843,0.688612163,2.30269507e-07,-0.00306955399,0.00323200063,0.999990046],"scale":0.99999994,"type":"italy_guardrails_common_section"}
{"ctxid":0,"pos":[-789.057129,-1478.26221,143.007675],"rotationMatrix":[0.680431962,-0.732798994,0.00423829118,0.73280555,0.680438101,4.91272658e-08,-0.00288393069,0.00310580991,0.999991],"scale":0.99999994,"type":"italy_guardrails_common_section"}
{"ctxid":0,"pos":[-787.015137,-1480.48438,143.020157],"rotationMatrix":[0.672713757,-0.739891887,0.00403235294,0.739897847,0.672719181,6.98491931e-10,-0.00271264184,0.00298352912,0.999991894],"scale":0.99999994,"type":"italy_guardrails_common_section"}
{"ctxid":0,"pos":[-784.995605,-1482.72729,143.032028],"rotationMatrix":[0.665410995,-0.746467292,0.0038374085,0.746472776,0.665415943,5.22704795e-08,-0.00255351188,0.00286448654,0.999992609],"scale":0.999999881,"type":"italy_guardrails_common_section"}
{"ctxid":0,"pos":[-782.998535,-1484.98779,143.04332],"rotationMatrix":[0.65864104,-0.75244838,0.00365650677,0.752453387,0.658645451,3.67872417e-08,-0.00240836921,0.00275132689,0.999993324],"scale":0.99999994,"type":"italy_guardrails_common_section"}
{"ctxid":0,"pos":[-781.020508,-1487.26831,143.054092],"rotationMatrix":[0.652277708,-0.757972002,0.00348531734,0.757976651,0.652281702,-1.21071935e-08,-0.00227339938,0.00264179707,0.99999392],"scale":0.99999994,"type":"italy_guardrails_common_section"}
{"ctxid":0,"pos":[-779.060791,-1489.56348,143.064377],"rotationMatrix":[0.646319985,-0.763059258,0.00332594081,0.763063431,0.646323562,-6.0768798e-08,-0.00214958773,0.00253794319,0.999994457],"scale":0.99999994,"type":"italy_guardrails_common_section"}
{"ctxid":0,"pos":[-777.118652,-1491.87354,143.074188],"rotationMatrix":[0.640859365,-0.767651677,0.00317840278,0.767655611,0.640862584,4.7381036e-08,-0.00203695614,0.00243988819,0.999994934],"scale":0.999999881,"type":"italy_guardrails_common_section"}
{"ctxid":0,"pos":[-775.192627,-1494.19727,143.083557],"rotationMatrix":[0.635809839,-0.771839738,0.00304031326,0.771843314,0.635812759,1.76602043e-07,-0.00193320634,0.00234653335,0.999995351],"scale":0.999999881,"type":"italy_guardrails_common_section"}
{"ctxid":0,"pos":[-773.280273,-1496.53198,143.092545],"rotationMatrix":[0.631190896,-0.77562207,0.00291342963,0.775625408,0.631193519,7.53207132e-08,-0.00183899631,0.0022596824,0.999995768],"scale":0.99999994,"type":"italy_guardrails_common_section"}
{"ctxid":0,"pos":[-771.382324,-1498.87842,143.101166],"rotationMatrix":[0.62695682,-0.77904892,0.00279802689,0.779052019,0.626959324,1.39698386e-07,-0.00175435783,0.0021797209,0.999996066],"scale":0.999999881,"type":"italy_guardrails_common_section"}
{"ctxid":0,"pos":[-769.49585,-1501.23389,143.109451],"rotationMatrix":[0.623126984,-0.782116055,0.00269089104,0.782118917,0.623129249,-5.3551048e-08,-0.00167673104,0.00210463023,0.999996364],"scale":0.999999821,"type":"italy_guardrails_common_section"}
{"ctxid":0,"pos":[-767.62085,-1503.59814,143.117416],"rotationMatrix":[0.619669676,-0.784858465,0.00259353593,0.784861088,0.619671822,-5.00585884e-09,-0.00160713715,0.00203556847,0.999996662],"scale":0.999999881,"type":"italy_guardrails_common_section"}
{"ctxid":0,"pos":[-765.755127,-1505.97046,143.125107],"rotationMatrix":[0.616594136,-0.787277222,0.00250305585,0.787279725,0.616596103,-3.60887498e-08,-0.00154334609,0.00197062711,0.999996841],"scale":0.999999881,"type":"italy_guardrails_common_section"}
{"ctxid":0,"pos":[-763.898682,-1508.35083,143.132523],"rotationMatrix":[0.613957763,-0.789335132,0.0024348658,0.789337516,0.613959551,7.97444955e-09,-0.00149491534,0.00192192616,0.99999702],"scale":0.999999821,"type":"italy_guardrails_common_section"}
{"ctxid":0,"pos":[-762.047363,-1510.7334,143.140198],"rotationMatrix":[0.613612294,-0.789602458,0.00281538162,0.789605558,0.613614738,6.0768798e-08,-0.00172760792,0.00222300366,0.999996066],"scale":0.999999881,"type":"italy_guardrails_common_section"}
{"ctxid":0,"pos":[-760.194092,-1513.1145,143.149796],"rotationMatrix":[0.614915192,-0.788585186,0.0035507353,0.788590193,0.614919066,-6.74044713e-08,-0.00218336191,0.00280011678,0.999993682],"scale":0.999999881,"type":"italy_guardrails_common_section"}
{"ctxid":0,"pos":[-758.33667,-1515.49292,143.161636],"rotationMatrix":[0.616118073,-0.787642181,0.00427867426,0.787649333,0.616123736,2.32830644e-08,-0.00263621099,0.00337008084,0.999990821],"scale":0.999999881,"type":"italy_guardrails_common_section"}
{"ctxid":0,"pos":[-756.475342,-1517.86816,143.175629],"rotationMatrix":[0.617147803,-0.786831439,0.00498837326,0.786841214,0.617155492,4.63332981e-08,-0.00307863834,0.00392502919,0.999987543],"scale":0.999999881,"type":"italy_guardrails_common_section"}
{"ctxid":0,"pos":[-754.612549,-1520.2417,143.191711],"rotationMatrix":[0.617990851,-0.78616488,0.00566703826,0.786177516,0.618000746,7.82310963e-08,-0.00350229559,0.00445524929,0.999983966],"scale":0.999999881,"type":"italy_guardrails_common_section"}
{"ctxid":0,"pos":[-752.746338,-1522.61328,143.209778],"rotationMatrix":[0.618606687,-0.785675526,0.00630118325,0.785691142,0.618618965,-1.15483999e-07,-0.00389794074,0.00495085493,0.999980152],"scale":0.999999881,"type":"italy_guardrails_common_section"}
{"ctxid":0,"pos":[-750.878906,-1524.9834,143.229691],"rotationMatrix":[0.619005501,-0.785356522,0.00688079465,0.785375118,0.619020164,6.86850399e-08,-0.00425940473,0.00540396199,0.999976337],"scale":0.999999881,"type":"italy_guardrails_common_section"}
{"ctxid":0,"pos":[-749.010986,-1527.35303,143.251251],"rotationMatrix":[0.619109392,-0.785269976,0.00739098527,0.785291433,0.61912632,8.14907253e-09,-0.00457596034,0.00580407213,0.999972701],"scale":0.999999881,"type":"italy_guardrails_common_section"}
{"ctxid":0,"pos":[-747.142578,-1529.7229,143.274216],"rotationMatrix":[0.61894691,-0.785393834,0.0078214258,0.785417914,0.618965864,1.00117177e-07,-0.00484127458,0.00614302605,0.999969423],"scale":0.999999881,"type":"italy_guardrails_common_section"}
{"ctxid":0,"pos":[-745.275635,-1532.09351,143.29837],"rotationMatrix":[0.61845994,-0.785773933,0.00816507265,0.785800159,0.618480563,6.54254109e-08,-0.00504999002,0.006416074,0.999966681],"scale":0.999999881,"type":"italy_guardrails_common_section"}
{"ctxid":0,"pos":[-743.409912,-1534.46533,143.323425],"rotationMatrix":[0.617722511,-0.786351144,0.00841367524,0.78637892,0.617744327,-3.18977982e-08,-0.00519747566,0.00661635771,0.999964595],"scale":0.999999881,"type":"italy_guardrails_common_section"}
{"ctxid":0,"pos":[-741.547607,-1536.8396,143.349075],"rotationMatrix":[0.616705418,-0.787147403,0.00856852904,0.787176251,0.616728067,9.54605639e-09,-0.0052844598,0.00674493704,0.999963284],"scale":0.999999881,"type":"italy_guardrails_common_section"}
