{"ctxid":0,"pos":[-124.815002,-192.289993,210.927002],"rotationMatrix":[0.937977552,0.346695989,0,-0.346695989,0.937977552,0,0,0,1],"scale":1.20739996,"type":"maritime_pine_bush"}
{"ctxid":0,"pos":[-121.978996,-175.451996,214.279999],"rotationMatrix":[-0.711250067,-0.702939093,0,0.702939093,-0.711250067,0,0,0,1],"scale":0.898100019,"type":"maritime_pine_bush"}
{"ctxid":0,"pos":[-48.5099983,-205.018997,192.048996],"rotationMatrix":[0.386611223,-0.922242761,0,0.922242761,0.386611223,0,0,0,1],"scale":0.893400013,"type":"maritime_pine_bush"}
{"ctxid":0,"pos":[-46.4393005,-197.623001,192.462006],"rotationMatrix":[-0.302497983,-0.953150034,0,0.953150034,-0.302497983,0,0,0,1],"scale":1.06120002,"type":"maritime_pine_bush"}
{"ctxid":0,"pos":[-49.610199,-184.539993,195.421005],"rotationMatrix":[-0.282881618,-0.959154844,0,0.959154844,-0.282881618,0,0,0,1],"scale":1.01670003,"type":"maritime_pine_bush"}
{"ctxid":0,"pos":[-125.066002,-188.656998,211.884003],"rotationMatrix":[0.176442146,-0.984310985,0,0.984310985,0.176442146,0,0,0,1],"scale":1.25320005,"type":"maritime_pine_bush"}
{"ctxid":0,"pos":[-128.369003,-191.216995,212.356003],"rotationMatrix":[0.771647215,-0.636050761,0,0.636050761,0.771647215,0,0,0,1],"scale":0.871699989,"type":"maritime_pine_bush"}
{"ctxid":0,"pos":[-136.464996,-200.501007,213.065002],"rotationMatrix":[0.940694332,-0.339255333,0,0.339255333,0.940694332,0,0,0,1],"scale":0.878799975,"type":"maritime_pine_bush"}
{"ctxid":0,"pos":[-132.397003,-176.016006,217.876007],"rotationMatrix":[0.230455875,-0.973082781,0,0.973082781,0.230455875,0,0,0,1],"scale":0.799899995,"type":"maritime_pine_bush"}
{"ctxid":0,"pos":[-178.809998,-244.388,230.649002],"rotationMatrix":[0.810271978,0.586054027,0,-0.586054027,0.810271978,0,0,0,1],"scale":1.00680006,"type":"maritime_pine_bush"}
{"ctxid":0,"pos":[-185.979996,-234.610992,237.348007],"rotationMatrix":[0.994612694,0.103660934,0,-0.103660934,0.994612694,0,0,0,1],"scale":0.985300004,"type":"maritime_pine_bush"}
{"ctxid":0,"pos":[-169.541,-230.401001,226.026993],"rotationMatrix":[0.436290383,-0.899805903,0,0.899805903,0.436290383,0,0,0,1],"scale":0.967899978,"type":"maritime_pine_bush"}
{"ctxid":0,"pos":[-179.757004,-246.511002,231.177002],"rotationMatrix":[-0.115420461,0.99331671,0,-0.99331671,-0.115420461,0,0,0,1],"scale":1.22000003,"type":"maritime_pine_bush"}
{"ctxid":0,"pos":[-190.604996,-232.904007,241.251007],"rotationMatrix":[0.925502062,-0.378742576,0,0.378742576,0.925502062,0,0,0,1],"scale":1.27579999,"type":"maritime_pine_bush"}
{"ctxid":0,"pos":[-58.702301,-304.645996,192.156998],"rotationMatrix":[-0.557612419,0.83010143,0,-0.83010143,-0.557612419,0,0,0,1],"scale":0.814899981,"type":"maritime_pine_bush"}
{"ctxid":0,"pos":[-60.6708984,-307.001007,192.554993],"rotationMatrix":[0.235657454,-0.971836209,0,0.971836209,0.235657454,0,0,0,1],"scale":0.816699982,"type":"maritime_pine_bush"}
{"ctxid":0,"pos":[-71.5271988,-303.570007,192.917999],"rotationMatrix":[-0.264050007,0.96450901,0,-0.96450901,-0.264050007,0,0,0,1],"scale":1.01830006,"type":"maritime_pine_bush"}
{"ctxid":0,"pos":[-71.858902,-317.88501,195.423004],"rotationMatrix":[-0.165559173,-0.986199856,0,0.986199856,-0.165559173,0,0,0,1],"scale":1.22259998,"type":"maritime_pine_bush"}
{"ctxid":0,"pos":[-70.1613007,-296.554993,191.945007],"rotationMatrix":[0.829004526,0.559241891,0,-0.559241891,0.829004526,0,0,0,1],"scale":0.887300014,"type":"maritime_pine_bush"}
{"ctxid":0,"pos":[-67.6697998,-308.368011,193.287003],"rotationMatrix":[0.291235805,0.95665127,0,-0.95665127,0.291235805,0,0,0,1],"scale":0.818000019,"type":"maritime_pine_bush"}
{"ctxid":0,"pos":[-79.4953995,-272.256989,192.636993],"rotationMatrix":[-0.923545003,-0.383490056,0,0.383490056,-0.923545003,0,0,0,1],"scale":1.02040005,"type":"maritime_pine_bush"}
{"ctxid":0,"pos":[-93.5472031,-280.287994,194.074005],"rotationMatrix":[-0.369512439,0.929225802,0,-0.929225802,-0.369512439,0,0,0,1],"scale":1.27219999,"type":"maritime_pine_bush"}
{"ctxid":0,"pos":[-110.507004,-284.718994,197.709],"rotationMatrix":[0.99569416,0.092699185,0,-0.092699185,0.99569416,0,0,0,1],"scale":1.10720003,"type":"maritime_pine_bush"}
{"ctxid":0,"pos":[-116.375,-291.502014,199.233002],"rotationMatrix":[-0.278080583,0.960557759,0,-0.960557759,-0.278080583,0,0,0,1],"scale":1.23790002,"type":"maritime_pine_bush"}
{"ctxid":0,"pos":[-118.880997,-280.096008,200.285995],"rotationMatrix":[-0.971700907,-0.236214623,0,0.236214623,-0.971700907,0,0,0,1],"scale":0.865800023,"type":"maritime_pine_bush"}
{"ctxid":0,"pos":[-119.761002,-271.487,200.481995],"rotationMatrix":[-0.933757663,-0.357905895,0,0.357905895,-0.933757663,0,0,0,1],"scale":1.11140001,"type":"maritime_pine_bush"}
{"ctxid":0,"pos":[-3.95560002,-406.834991,217.800995],"rotationMatrix":[0.972340465,-0.233568028,0,0.233568028,0.972340465,0,0,0,1],"scale":0.740800023,"type":"maritime_pine_bush"}
{"ctxid":0,"pos":[-5.6093998,-410.84201,221.380997],"rotationMatrix":[-0.153376698,-0.988167822,0,0.988167822,-0.153376698,0,0,0,1],"scale":1.10109997,"type":"maritime_pine_bush"}
{"ctxid":0,"pos":[-8.90040016,-385.42099,205.350998],"rotationMatrix":[-0.50997448,0.860189557,0,-0.860189557,-0.50997448,0,0,0,1],"scale":1.08490002,"type":"maritime_pine_bush"}
{"ctxid":0,"pos":[-20.0715008,-410.278015,225.979996],"rotationMatrix":[-0.832080722,0.554654539,0,-0.554654539,-0.832080722,0,0,0,1],"scale":0.728699982,"type":"maritime_pine_bush"}
{"ctxid":0,"pos":[-14.2112999,-409.826996,223.003006],"rotationMatrix":[0.306629062,0.951829076,0,-0.951829076,0.306629062,0,0,0,1],"scale":1.1013,"type":"maritime_pine_bush"}
{"ctxid":0,"pos":[-127.688004,-295.761993,203.707993],"rotationMatrix":[-0.749572158,-0.661922634,0,0.661922634,-0.749572158,0,0,0,1],"scale":1.06379998,"type":"maritime_pine_bush"}
{"ctxid":0,"pos":[-129.975006,-294.636993,204.709],"rotationMatrix":[-0.95901227,0.283364534,0,-0.283364534,-0.95901227,0,0,0,1],"scale":1.12339997,"type":"maritime_pine_bush"}
{"ctxid":0,"pos":[-134.544998,-283.221985,205.990997],"rotationMatrix":[0.259942293,-0.965624154,0,0.965624154,0.259942293,0,0,0,1],"scale":0.803300023,"type":"maritime_pine_bush"}
{"ctxid":0,"pos":[-82.919899,-621.627014,402.889008],"rotationMatrix":[-0.569283247,0.822141469,0,-0.822141469,-0.569283247,0,0,0,1],"scale":1.2263,"type":"maritime_pine_bush"}
{"ctxid":0,"pos":[-80.4247971,-623.065002,402.269989],"rotationMatrix":[-0.667503238,-0.744606912,0,0.744606912,-0.667503238,0,0,0,1],"scale":1.23000002,"type":"maritime_pine_bush"}
{"ctxid":0,"pos":[-90.5715027,-624.171021,407.583008],"rotationMatrix":[0.381950378,-0.924182832,0,0.924182832,0.381950378,0,0,0,1],"scale":1.02509999,"type":"maritime_pine_bush"}
{"ctxid":0,"pos":[-78.5037994,-620.249023,400.203003],"rotationMatrix":[-0.918057084,0.396448225,0,-0.396448225,-0.918057084,0,0,0,1],"scale":1.19299996,"type":"maritime_pine_bush"}
{"ctxid":0,"pos":[-74.5214005,-654.695007,407.394989],"rotationMatrix":[0.810764551,0.585372388,0,-0.585372388,0.810764551,0,0,0,1],"scale":1.01909995,"type":"maritime_pine_bush"}
{"ctxid":0,"pos":[-70.239502,-657.278992,405.174011],"rotationMatrix":[-0.805760145,0.592242002,0,-0.592242002,-0.805760145,0,0,0,1],"scale":1.22590005,"type":"maritime_pine_bush"}
{"ctxid":0,"pos":[-70.944397,-659.320984,406.205994],"rotationMatrix":[0.696111917,0.717933297,0,-0.717933297,0.696111917,0,0,0,1],"scale":0.7597,"type":"maritime_pine_bush"}
{"ctxid":0,"pos":[-65.6761017,-657.479004,402.178986],"rotationMatrix":[0.890862107,0.45427382,0,-0.45427382,0.890862107,0,0,0,1],"scale":1.15120006,"type":"maritime_pine_bush"}
{"ctxid":0,"pos":[-67.0145035,-650.838989,401.700012],"rotationMatrix":[-0.796649575,0.604441464,0,-0.604441464,-0.796649575,0,0,0,1],"scale":0.940199971,"type":"maritime_pine_bush"}
{"ctxid":0,"pos":[-66.114502,-654.383972,401.764008],"rotationMatrix":[0.290997744,0.95672375,0,-0.95672375,0.290997744,0,0,0,1],"scale":0.978299975,"type":"maritime_pine_bush"}
{"ctxid":0,"pos":[-79.5158997,-626.987976,403.385986],"rotationMatrix":[-0.686182499,-0.72742945,0,0.72742945,-0.686182499,0,0,0,1],"scale":0.802200019,"type":"maritime_pine_bush"}
{"ctxid":0,"pos":[-52.0443993,-843.29303,453.632996],"rotationMatrix":[-0.99520278,-0.0978336707,0,0.0978336707,-0.99520278,0,0,0,1],"scale":0.740800023,"type":"maritime_pine_bush"}
{"ctxid":0,"pos":[-84.3535995,-852.614014,466.946991],"rotationMatrix":[-0.0503801107,-0.998730123,0,0.998730123,-0.0503801107,0,0,0,1],"scale":1.26549995,"type":"maritime_pine_bush"}
{"ctxid":0,"pos":[-70.5242996,-861.344971,461.355011],"rotationMatrix":[-0.636602402,0.771192193,0,-0.771192193,-0.636602402,0,0,0,1],"scale":1.13740003,"type":"maritime_pine_bush"}
{"ctxid":0,"pos":[-54.7714996,-830.013977,451.662994],"rotationMatrix":[0.0450379848,-0.998985291,0,0.998985291,0.0450379848,0,0,0,1],"scale":1.20969999,"type":"maritime_pine_bush"}
{"ctxid":0,"pos":[-66.1779022,-852.48999,460.162994],"rotationMatrix":[0.830172062,-0.557507277,0,0.557507277,0.830172062,0,0,0,1],"scale":0.78490001,"type":"maritime_pine_bush"}
{"ctxid":0,"pos":[-67.3546982,-844.080017,458.299988],"rotationMatrix":[0.707999229,-0.706213176,0,0.706213176,0.707999229,0,0,0,1],"scale":1.17490005,"type":"maritime_pine_bush"}
{"ctxid":0,"pos":[-87.0268021,-770.273987,444.085999],"rotationMatrix":[0.462108135,-0.886823595,0,0.886823595,0.462108135,0,0,0,1],"scale":0.940900028,"type":"maritime_pine_bush"}
{"ctxid":0,"pos":[-89.2060013,-762.755981,443.559998],"rotationMatrix":[-0.968127966,0.250456065,0,-0.250456065,-0.968127966,0,0,0,1],"scale":0.874499977,"type":"maritime_pine_bush"}
{"ctxid":0,"pos":[-88.9298019,-759.322021,442.412994],"rotationMatrix":[0.632261157,-0.774755359,0,0.774755359,0.632261157,0,0,0,1],"scale":1.28470004,"type":"maritime_pine_bush"}
{"ctxid":0,"pos":[-83.0473022,-758.599976,438.580994],"rotationMatrix":[0.919679642,0.392669529,0,-0.392669529,0.919679642,0,0,0,1],"scale":1.08099997,"type":"maritime_pine_bush"}
{"ctxid":0,"pos":[-81.3942032,-764.765991,440.256989],"rotationMatrix":[-0.056476593,0.998403907,0,-0.998403907,-0.056476593,0,0,0,1],"scale":0.735300004,"type":"maritime_pine_bush"}
{"ctxid":0,"pos":[-81.7898026,-890.328003,464.315002],"rotationMatrix":[-0.35136807,-0.936237395,0,0.936237395,-0.35136807,0,0,0,1],"scale":1.06789994,"type":"maritime_pine_bush"}
{"ctxid":0,"pos":[-80.7711029,-888.284973,463.876007],"rotationMatrix":[0.574035525,-0.818830371,0,0.818830371,0.574035525,0,0,0,1],"scale":1.21679997,"type":"maritime_pine_bush"}
{"ctxid":0,"pos":[-83.3364029,-876.116028,466.045013],"rotationMatrix":[-0.255161762,0.966898382,0,-0.966898382,-0.255161762,0,0,0,1],"scale":1.23099995,"type":"maritime_pine_bush"}
{"ctxid":0,"pos":[-60.5508003,-884.755981,459.908997],"rotationMatrix":[0.828887463,-0.5594154,0,0.5594154,0.828887463,0,0,0,1],"scale":0.867500007,"type":"maritime_pine_bush"}
{"ctxid":0,"pos":[-60.2382011,-892.757019,460.800995],"rotationMatrix":[0.136176348,0.990684628,0,-0.990684628,0.136176348,0,0,0,1],"scale":1.08249998,"type":"maritime_pine_bush"}
{"ctxid":0,"pos":[-59.2112007,-899.27002,461.088989],"rotationMatrix":[-0.713470697,-0.700685084,0,0.700685084,-0.713470697,0,0,0,1],"scale":1.14269996,"type":"maritime_pine_bush"}
{"ctxid":0,"pos":[-56.2137985,-907.767029,459.752991],"rotationMatrix":[-0.928255081,-0.371944219,0,0.371944219,-0.928255081,0,0,0,1],"scale":1.02190006,"type":"maritime_pine_bush"}
{"ctxid":0,"pos":[-54.2556,-908.963013,459.015991],"rotationMatrix":[0.784175515,0.620539069,0,-0.620539069,0.784175515,0,0,0,1],"scale":1.04349995,"type":"maritime_pine_bush"}
{"ctxid":0,"pos":[-49.9963989,-917.901978,456.233002],"rotationMatrix":[-0.286407948,-0.958107769,0,0.958107769,-0.286407948,0,0,0,1],"scale":1.29470003,"type":"maritime_pine_bush"}
{"ctxid":0,"pos":[-60.8788986,-921.567993,461.221008],"rotationMatrix":[-0.243464589,0.969909787,0,-0.969909787,-0.243464589,0,0,0,1],"scale":0.847199976,"type":"maritime_pine_bush"}
{"ctxid":0,"pos":[-60.5335999,-914.807983,460.51001],"rotationMatrix":[0.601811171,-0.798638403,0,0.798638403,0.601811171,0,0,0,1],"scale":1.10529995,"type":"maritime_pine_bush"}
{"ctxid":0,"pos":[-404.596008,-573.859985,406.562012],"rotationMatrix":[0.823225379,-0.567714691,0,0.567714691,0.823225379,0,0,0,1],"scale":1.22590005,"type":"maritime_pine_bush"}
{"ctxid":0,"pos":[-442.830994,-568.523987,405.519989],"rotationMatrix":[0.436714888,-0.899599969,0,0.899599969,0.436714888,0,0,0,1],"scale":0.979799986,"type":"maritime_pine_bush"}
{"ctxid":0,"pos":[-429.454987,-566.211975,406.313995],"rotationMatrix":[0.453778505,0.891114533,0,-0.891114533,0.453778505,0,0,0,1],"scale":0.741999984,"type":"maritime_pine_bush"}
{"ctxid":0,"pos":[-453.19101,-582.020996,404.19516],"rotationMatrix":[-0.175351143,-0.984505951,0,0.984505951,-0.175351143,0,0,0,1],"scale":0.728100002,"type":"maritime_pine_bush"}
{"ctxid":0,"pos":[-446.730011,-579.52301,404.743073],"rotationMatrix":[0.758348465,0.651849389,0,-0.651849389,0.758348465,0,0,0,1],"scale":0.762600005,"type":"maritime_pine_bush"}
{"ctxid":0,"pos":[-488.691986,-608.846985,419.735992],"rotationMatrix":[0.993839502,-0.110828891,0,0.110828891,0.993839502,0,0,0,1],"scale":0.831399977,"type":"maritime_pine_bush"}
{"ctxid":0,"pos":[-492.721985,-607.911987,420.85199],"rotationMatrix":[-0.487467527,0.87314111,0,-0.87314111,-0.487467527,0,0,0,1],"scale":0.893299997,"type":"maritime_pine_bush"}
{"ctxid":0,"pos":[-495.222992,-606.546021,421.506989],"rotationMatrix":[0.758487463,0.651687622,0,-0.651687622,0.758487463,0,0,0,1],"scale":0.823599994,"type":"maritime_pine_bush"}
{"ctxid":0,"pos":[-488.674011,-600.341003,421.097992],"rotationMatrix":[-0.808801889,0.588081181,0,-0.588081181,-0.808801889,0,0,0,1],"scale":0.922699988,"type":"maritime_pine_bush"}
{"ctxid":0,"pos":[-490.472992,-595.388,417.419678],"rotationMatrix":[0.999109507,-0.0421923436,0,0.0421923436,0.999109507,0,0,0,1],"scale":1.06439996,"type":"maritime_pine_bush"}
{"ctxid":0,"pos":[-491.39801,-585.987976,414.341003],"rotationMatrix":[0.990697503,-0.136082545,0,0.136082545,0.990697503,0,0,0,1],"scale":0.802399993,"type":"maritime_pine_bush"}
{"ctxid":0,"pos":[-490.054993,-592.330017,416.02301],"rotationMatrix":[0.997112036,0.0759446397,0,-0.0759446397,0.997112036,0,0,0,1],"scale":0.705600023,"type":"maritime_pine_bush"}
{"ctxid":0,"pos":[-399.074005,-541.919006,403.75],"rotationMatrix":[0.156559229,-0.987668574,0,0.987668574,0.156559229,0,0,0,1],"scale":1.17299998,"type":"maritime_pine_bush"}
{"ctxid":0,"pos":[-500.35199,-586.687988,414.441132],"rotationMatrix":[-0.82099545,-0.570934713,0,0.570934713,-0.82099545,0,0,0,1],"scale":1.06729996,"type":"maritime_pine_bush"}
{"ctxid":0,"pos":[-510.024994,-589.414001,413.304138],"rotationMatrix":[0.0464193821,-0.99892205,0,0.99892205,0.0464193821,0,0,0,1],"scale":0.756399989,"type":"maritime_pine_bush"}
{"ctxid":0,"pos":[-748.747986,-868.63501,489.212006],"rotationMatrix":[-0.505459547,-0.862850308,0,0.862850308,-0.505459547,0,0,0,1],"scale":1.05910003,"type":"maritime_pine_bush"}
{"ctxid":0,"pos":[-745.044983,-867.127014,489.299988],"rotationMatrix":[-0.873660684,-0.486535728,0,0.486535728,-0.873660684,0,0,0,1],"scale":0.810500026,"type":"maritime_pine_bush"}
{"ctxid":0,"pos":[-747.359009,-870.088013,488.252991],"rotationMatrix":[-0.911403418,0.411514044,0,-0.411514044,-0.911403418,0,0,0,1],"scale":0.962199986,"type":"maritime_pine_bush"}
{"ctxid":0,"pos":[-743.528015,-891.862976,473.783997],"rotationMatrix":[0.920593083,0.390128523,-0.017558055,-0.339337081,0.821373463,0.458470941,0.193284303,-0.416106939,0.888535798],"scale":1.06889999,"type":"maritime_pine_bush"}
{"ctxid":0,"pos":[-750.783997,-864.942993,493.020996],"rotationMatrix":[0.953304291,0.30201146,0,-0.30201146,0.953304291,0,0,0,1],"scale":1.18560004,"type":"maritime_pine_bush"}
{"ctxid":0,"pos":[-752.749023,-863.559021,495.299011],"rotationMatrix":[-0.75106895,-0.660223782,0,0.660223782,-0.75106895,0,0,0,1],"scale":1.24100006,"type":"maritime_pine_bush"}
{"ctxid":0,"pos":[-873.809021,-786.607971,508.932007],"rotationMatrix":[0.458517671,-0.874039412,-0.160673484,0.888240099,0.445015997,0.113971807,-0.0281135812,-0.19497475,0.980405211],"scale":1.20770001,"type":"maritime_pine_bush"}
{"ctxid":0,"pos":[-854.427979,-804.283997,506.797058],"rotationMatrix":[0.63157475,0.775314987,0,-0.775314987,0.63157475,0,0,0,1],"scale":1.17589998,"type":"maritime_pine_bush"}
{"ctxid":0,"pos":[-849.97699,-803.609985,506.474609],"rotationMatrix":[0.775281906,0.631615341,0,-0.631615341,0.775281906,0,0,0,1],"scale":0.93779999,"type":"maritime_pine_bush"}
{"ctxid":0,"pos":[-852.557983,-811.406006,512.436951],"rotationMatrix":[0.940694332,0.339255333,0,-0.339255333,0.940694332,0,0,0,1],"scale":1.04939997,"type":"maritime_pine_bush"}
{"ctxid":0,"pos":[-851.432983,-808.448975,510.565857],"rotationMatrix":[0.754579782,0.656208336,0,-0.656208336,0.754579782,0,0,0,1],"scale":0.800000012,"type":"maritime_pine_bush"}
{"ctxid":0,"pos":[-825.382996,-801.982971,506.599213],"rotationMatrix":[-0.304112554,-0.952636123,0,0.952636123,-0.304112554,0,0,0,1],"scale":0.746100008,"type":"maritime_pine_bush"}
{"ctxid":0,"pos":[-822.625,-800.385986,506.631073],"rotationMatrix":[-0.812988758,-0.582279384,0,0.582279384,-0.812988758,0,0,0,1],"scale":0.740700006,"type":"maritime_pine_bush"}
{"ctxid":0,"pos":[-824.47998,-805.835022,507.702698],"rotationMatrix":[-0.760813832,0.648970187,0,-0.648970187,-0.760813832,0,0,0,1],"scale":0.931699991,"type":"maritime_pine_bush"}
{"ctxid":0,"pos":[-822.596985,-802.976013,507.249512],"rotationMatrix":[-0.179648042,0.983730972,0,-0.983730972,-0.179648042,0,0,0,1],"scale":0.770099998,"type":"maritime_pine_bush"}
{"ctxid":0,"pos":[-826.299011,-810.445007,508.301666],"rotationMatrix":[-0.183029652,-0.983107388,0,0.983107388,-0.183029652,0,0,0,1],"scale":0.783999979,"type":"maritime_pine_bush"}
{"ctxid":0,"pos":[-826.080017,-800.983826,506.768982],"rotationMatrix":[0.927267075,0.374400556,0,-0.374400556,0.927267075,0,0,0,1],"scale":1.09159994,"type":"maritime_pine_bush"}
{"ctxid":0,"pos":[-825.468994,-798.190002,504.991913],"rotationMatrix":[-0.950312495,-0.311297536,0,0.311297536,-0.950312495,0,0,0,1],"scale":0.751800001,"type":"maritime_pine_bush"}
{"ctxid":0,"pos":[-821.708984,-797.047974,505.285431],"rotationMatrix":[-0.537556529,0.843227684,0,-0.843227684,-0.537556529,0,0,0,1],"scale":0.906499982,"type":"maritime_pine_bush"}
{"ctxid":0,"pos":[-846.184998,-779.08197,499.59201],"rotationMatrix":[-0.999599934,-0.0282837879,0,0.0282837879,-0.999599934,0,0,0,1],"scale":1.05760002,"type":"maritime_pine_bush"}
{"ctxid":0,"pos":[-844.841003,-777.106018,498.816986],"rotationMatrix":[-0.696113586,0.717931688,0,-0.717931688,-0.696113586,0,0,0,1],"scale":0.948800027,"type":"maritime_pine_bush"}
{"ctxid":0,"pos":[-842.304993,-776.018005,497.864014],"rotationMatrix":[-0.807280779,-0.590167582,0,0.590167582,-0.807280779,0,0,0,1],"scale":1.03209996,"type":"maritime_pine_bush"}
{"ctxid":0,"pos":[-823.328247,-815.111328,509.822021],"rotationMatrix":[-0.702012539,0.712164581,0,-0.712164581,-0.702012539,0,0,0,1],"scale":0.976800025,"type":"maritime_pine_bush"}
{"ctxid":0,"pos":[-832.486267,-821.321228,511.466125],"rotationMatrix":[0.349515915,-0.936930418,0,0.936930418,0.349515915,0,0,0,1],"scale":1.14880002,"type":"maritime_pine_bush"}
{"ctxid":0,"pos":[-762.578979,-887.518005,487.674011],"rotationMatrix":[0.952259541,0.305289656,0,-0.305289656,0.952259541,0,0,0,1],"scale":1.07130003,"type":"maritime_pine_bush"}
{"ctxid":0,"pos":[-758.908997,-883.81897,487.553986],"rotationMatrix":[0.975090861,-0.221805796,0,0.221805796,0.975090861,0,0,0,1],"scale":1.04830003,"type":"maritime_pine_bush"}
{"ctxid":0,"pos":[-343.635986,-1150.06006,287.563995],"rotationMatrix":[-0.989214659,0.146473065,0,-0.146473065,-0.989214659,0,0,0,1],"scale":0.757399976,"type":"maritime_pine_bush"}
{"ctxid":0,"pos":[-337.563995,-1151.31006,288.639008],"rotationMatrix":[-0.669695377,-0.742635906,0,0.742635906,-0.669695377,0,0,0,1],"scale":1.01740003,"type":"maritime_pine_bush"}
{"ctxid":0,"pos":[-335.82901,-1152.31006,288.747986],"rotationMatrix":[0.219249845,-0.975668728,0,0.975668728,0.219249845,0,0,0,1],"scale":0.947000027,"type":"maritime_pine_bush"}
{"ctxid":0,"pos":[-332.542999,-1150.21997,290.824005],"rotationMatrix":[0.986288309,-0.165031418,0,0.165031418,0.986288309,0,0,0,1],"scale":1.25010002,"type":"maritime_pine_bush"}
{"ctxid":0,"pos":[-366.812012,-1165.12,274.726013],"rotationMatrix":[-0.51171279,-0.859156549,0,0.859156549,-0.51171279,0,0,0,1],"scale":0.921400011,"type":"maritime_pine_bush"}
{"ctxid":0,"pos":[-366.222992,-1167,274.005005],"rotationMatrix":[-0.606348872,0.795198739,0,-0.795198739,-0.606348872,0,0,0,1],"scale":0.701399982,"type":"maritime_pine_bush"}
{"ctxid":0,"pos":[-368.858002,-1161.85999,277.703003],"rotationMatrix":[0.384615779,0.923076749,0,-0.923076749,0.384615779,0,0,0,1],"scale":0.885599971,"type":"maritime_pine_bush"}
{"ctxid":0,"pos":[-371.278015,-1164.33997,275.553986],"rotationMatrix":[0.105413198,0.994428515,0,-0.994428515,0.105413198,0,0,0,1],"scale":0.944999993,"type":"maritime_pine_bush"}
{"ctxid":0,"pos":[-444.596008,-1111.06995,294.571991],"rotationMatrix":[0.169497252,0.985530674,0,-0.985530674,0.169497252,0,0,0,1],"scale":0.902999997,"type":"maritime_pine_bush"}
{"ctxid":0,"pos":[-445.135986,-1108.09998,295.449005],"rotationMatrix":[0.771241546,-0.636542618,0,0.636542618,0.771241546,0,0,0,1],"scale":1.06410003,"type":"maritime_pine_bush"}
{"ctxid":0,"pos":[-447.345001,-1113.56006,293.287994],"rotationMatrix":[-0.999200225,-0.0399863794,0,0.0399863794,-0.999200225,0,0,0,1],"scale":1.03219998,"type":"maritime_pine_bush"}
{"ctxid":0,"pos":[-432.932007,-1114.43005,297.709015],"rotationMatrix":[0.63619554,0.771527886,0,-0.771527886,0.63619554,0,0,0,1],"scale":1.01390004,"type":"maritime_pine_bush"}
{"ctxid":0,"pos":[-433.600006,-1120.81995,294.338013],"rotationMatrix":[-0.170755982,-0.985313356,0,0.985313356,-0.170755982,0,0,0,1],"scale":0.934400022,"type":"maritime_pine_bush"}
{"ctxid":0,"pos":[-428.747009,-1118.05005,296.429993],"rotationMatrix":[0.445174217,0.895443976,0,-0.895443976,0.445174217,0,0,0,1],"scale":0.748399973,"type":"maritime_pine_bush"}
{"ctxid":0,"pos":[-416.811005,-1118.44995,297.125],"rotationMatrix":[-0.934151053,0.356877863,0,-0.356877863,-0.934151053,0,0,0,1],"scale":0.747300029,"type":"maritime_pine_bush"}
{"ctxid":0,"pos":[-421.239014,-1114.84998,300.139008],"rotationMatrix":[-0.977662802,-0.210179552,0,0.210179552,-0.977662802,0,0,0,1],"scale":1.00160003,"type":"maritime_pine_bush"}
{"ctxid":0,"pos":[-461.497009,-1108.80005,288.46701],"rotationMatrix":[-0.706073999,0.708138049,0,-0.708138049,-0.706073999,0,0,0,1],"scale":1.19159997,"type":"maritime_pine_bush"}
{"ctxid":0,"pos":[-464.321014,-1112.98999,286.626007],"rotationMatrix":[0.612975955,0.790101588,0,-0.790101588,0.612975955,0,0,0,1],"scale":0.920599997,"type":"maritime_pine_bush"}
{"ctxid":0,"pos":[-463.455994,-1110.04004,287.431],"rotationMatrix":[-0.314144611,0.949375153,0,-0.949375153,-0.314144611,0,0,0,1],"scale":0.882799983,"type":"maritime_pine_bush"}
{"ctxid":0,"pos":[-467.23999,-1112.21997,286.002014],"rotationMatrix":[0.998188019,0.060172081,0,-0.060172081,0.998188019,0,0,0,1],"scale":0.709399998,"type":"maritime_pine_bush"}
{"ctxid":0,"pos":[-468.277008,-1106.44995,285.752014],"rotationMatrix":[-0.958616376,0.28470096,0,-0.28470096,-0.958616376,0,0,0,1],"scale":1.25300002,"type":"maritime_pine_bush"}
{"ctxid":0,"pos":[-431.790985,-1151.78003,279.050995],"rotationMatrix":[-0.775858641,-0.630906761,0,0.630906761,-0.775858641,0,0,0,1],"scale":1.06910002,"type":"maritime_pine_bush"}
{"ctxid":0,"pos":[-420.492004,-1155.35999,277.200012],"rotationMatrix":[0.974687576,-0.223571301,0,0.223571301,0.974687576,0,0,0,1],"scale":0.718400002,"type":"maritime_pine_bush"}
{"ctxid":0,"pos":[-425.066986,-1153.5,276.993011],"rotationMatrix":[-0.998800278,-0.0489694327,0,0.0489694327,-0.998800278,0,0,0,1],"scale":0.997200012,"type":"maritime_pine_bush"}
{"ctxid":0,"pos":[-421.424988,-1153.53003,277.608002],"rotationMatrix":[-0.304112554,0.952636123,0,-0.952636123,-0.304112554,0,0,0,1],"scale":1.04419994,"type":"maritime_pine_bush"}
{"ctxid":0,"pos":[-380.518066,-1160.35999,278.293121],"rotationMatrix":[-0.430490464,-0.838045657,-0.335197687,0.889505446,-0.456924558,0,-0.153160021,-0.298160195,0.942147851],"scale":1.13230002,"type":"maritime_pine_bush"}
{"ctxid":0,"pos":[-467.947998,-1147.16003,280.384003],"rotationMatrix":[0.925424814,0.378931284,0,-0.378931284,0.925424814,0,0,0,1],"scale":1.27390003,"type":"maritime_pine_bush"}
{"ctxid":0,"pos":[-462.962006,-1155.09998,277.451996],"rotationMatrix":[0.0702974796,-0.99752605,0,0.99752605,0.0702974796,0,0,0,1],"scale":0.758700013,"type":"maritime_pine_bush"}
{"ctxid":0,"pos":[-461.248993,-1151.59998,280.022003],"rotationMatrix":[-0.850888014,-0.525347114,0,0.525347114,-0.850888014,0,0,0,1],"scale":1.28030002,"type":"maritime_pine_bush"}
{"ctxid":0,"pos":[-453.381012,-1156.42004,276.627991],"rotationMatrix":[0.41809535,-0.908403158,0,0.908403158,0.41809535,0,0,0,1],"scale":0.927999973,"type":"maritime_pine_bush"}
{"ctxid":0,"pos":[-457.656006,-1153.97998,277.632996],"rotationMatrix":[-0.888013124,-0.459818095,0,0.459818095,-0.888013124,0,0,0,1],"scale":1.07379997,"type":"maritime_pine_bush"}
{"ctxid":0,"pos":[-459.566986,-1155.73999,276.037994],"rotationMatrix":[-0.854352713,0.519693613,0,-0.519693613,-0.854352713,0,0,0,1],"scale":0.795899987,"type":"maritime_pine_bush"}
{"ctxid":0,"pos":[-463.355988,-1160.64001,272.630005],"rotationMatrix":[-0.63515532,-0.772384465,0,0.772384465,-0.63515532,0,0,0,1],"scale":0.735899985,"type":"maritime_pine_bush"}
{"ctxid":0,"pos":[-438.411987,-1152.01001,281.627014],"rotationMatrix":[0.780215502,0.625510812,0,-0.625510812,0.780215502,0,0,0,1],"scale":0.968800008,"type":"maritime_pine_bush"}
{"ctxid":0,"pos":[-246.602997,-1925.31995,158.160004],"rotationMatrix":[0.611743212,0.791056395,0,-0.791056395,0.611743212,0,0,0,1],"scale":0.717999995,"type":"maritime_pine_bush"}
{"ctxid":0,"pos":[-285.352997,-1852.29004,161.524994],"rotationMatrix":[-0.128302455,-0.991735101,0,0.991735101,-0.128302455,0,0,0,1],"scale":0.803799987,"type":"maritime_pine_bush"}
{"ctxid":0,"pos":[-281.061005,-1830.08997,160.404999],"rotationMatrix":[-0.126500607,0.991966546,0,-0.991966546,-0.126500607,0,0,0,1],"scale":0.976300001,"type":"maritime_pine_bush"}
{"ctxid":0,"pos":[-281.153015,-1808.91003,160.199005],"rotationMatrix":[0.0960254669,0.995378852,0,-0.995378852,0.0960254669,0,0,0,1],"scale":1.02750003,"type":"maritime_pine_bush"}
{"ctxid":0,"pos":[-280.821014,-1814.77002,160.242004],"rotationMatrix":[-0.592041612,-0.805907369,0,0.805907369,-0.592041612,0,0,0,1],"scale":1.11199999,"type":"maritime_pine_bush"}
{"ctxid":0,"pos":[-295.451996,-1903.93994,165.378998],"rotationMatrix":[0.927190781,-0.374589443,0,0.374589443,0.927190781,0,0,0,1],"scale":0.863499999,"type":"maritime_pine_bush"}
{"ctxid":0,"pos":[-263.806,-1928.78003,160.639008],"rotationMatrix":[-0.897741556,-0.440522522,0,0.440522522,-0.897741556,0,0,0,1],"scale":1.11819994,"type":"maritime_pine_bush"}
{"ctxid":0,"pos":[-265.419006,-1930.52002,159.906998],"rotationMatrix":[0.769343615,-0.638835192,0,0.638835192,0.769343615,0,0,0,1],"scale":1.12080002,"type":"maritime_pine_bush"}
{"ctxid":0,"pos":[-258.167999,-1932.94995,156.815994],"rotationMatrix":[-0.95268321,-0.303964972,0,0.303964972,-0.95268321,0,0,0,1],"scale":0.860800028,"type":"maritime_pine_bush"}
{"ctxid":0,"pos":[-275.622009,-1941.17004,157.100998],"rotationMatrix":[0.990833402,-0.135089487,0,0.135089487,0.990833402,0,0,0,1],"scale":1.26129997,"type":"maritime_pine_bush"}
{"ctxid":0,"pos":[-287.860992,-1942.64001,157.972],"rotationMatrix":[0.795583844,-0.605843484,0,0.605843484,0.795583844,0,0,0,1],"scale":0.800700009,"type":"maritime_pine_bush"}
{"ctxid":0,"pos":[-308.697998,-1945,158.692001],"rotationMatrix":[0.912387013,-0.40932864,0,0.40932864,0.912387013,0,0,0,1],"scale":0.997099996,"type":"maritime_pine_bush"}
{"ctxid":0,"pos":[-313.790009,-1880.18994,161.578995],"rotationMatrix":[-0.931791663,0.362993509,0,-0.362993509,-0.931791663,0,0,0,1],"scale":0.941100001,"type":"maritime_pine_bush"}
{"ctxid":0,"pos":[-333.700989,-1893.34998,160.817993],"rotationMatrix":[-0.961784363,-0.273808032,0,0.273808032,-0.961784363,0,0,0,1],"scale":1.0697,"type":"maritime_pine_bush"}
{"ctxid":0,"pos":[-341.449005,-1898.35999,160.104004],"rotationMatrix":[0.466868639,0.884326696,0,-0.884326696,0.466868639,0,0,0,1],"scale":1.08140004,"type":"maritime_pine_bush"}
{"ctxid":0,"pos":[-348.660004,-1913.19995,159.490997],"rotationMatrix":[-0.905152082,-0.425087869,0,0.425087869,-0.905152082,0,0,0,1],"scale":0.764500022,"type":"maritime_pine_bush"}
{"ctxid":0,"pos":[-343.519012,-1923.07996,160.712006],"rotationMatrix":[-0.999599934,-0.0282837879,0,0.0282837879,-0.999599934,0,0,0,1],"scale":1.22590005,"type":"maritime_pine_bush"}
{"ctxid":0,"pos":[-338.539001,-1931.87,160.942001],"rotationMatrix":[-0.630818009,0.775930822,0,-0.775930822,-0.630818009,0,0,0,1],"scale":0.724300027,"type":"maritime_pine_bush"}
{"ctxid":0,"pos":[-341.571991,-1908.46997,161.218002],"rotationMatrix":[0.737332463,-0.675530016,0,0.675530016,0.737332463,0,0,0,1],"scale":1.09739995,"type":"maritime_pine_bush"}
{"ctxid":0,"pos":[-329.907013,-1903.35999,163.337006],"rotationMatrix":[0.999494314,-0.0317980498,0,0.0317980498,0.999494314,0,0,0,1],"scale":1.1164,"type":"maritime_pine_bush"}
{"ctxid":0,"pos":[-322.350006,-1919.56995,165.395004],"rotationMatrix":[0.951328039,0.308180094,0,-0.308180094,0.951328039,0,0,0,1],"scale":0.736000001,"type":"maritime_pine_bush"}
{"ctxid":0,"pos":[-325.397003,-1912.15002,164.498001],"rotationMatrix":[-0.657292247,0.753635764,0,-0.753635764,-0.657292247,0,0,0,1],"scale":0.765100002,"type":"maritime_pine_bush"}
{"ctxid":0,"pos":[-323.700012,-1943.83997,159.063004],"rotationMatrix":[-0.99200809,-0.126174286,0,0.126174286,-0.99200809,0,0,0,1],"scale":0.779200017,"type":"maritime_pine_bush"}
{"ctxid":0,"pos":[-369.572998,-1955.05005,160.677994],"rotationMatrix":[-0.274565816,-0.961568296,0,0.961568296,-0.274565816,0,0,0,1],"scale":1.01419997,"type":"maritime_pine_bush"}
{"ctxid":0,"pos":[-380.710999,-1938.37,162.313995],"rotationMatrix":[-0.169838071,-0.985471964,0,0.985471964,-0.169838071,0,0,0,1],"scale":1.21720004,"type":"maritime_pine_bush"}
{"ctxid":0,"pos":[-733.973999,-1568.56995,143.046005],"rotationMatrix":[-0.446700454,0.894683599,0,-0.894683599,-0.446700454,0,0,0,1],"scale":0.746699989,"type":"maritime_pine_bush"}
{"ctxid":0,"pos":[-728.361023,-1577.57996,143.233994],"rotationMatrix":[-0.979651928,0.200704008,0,-0.200704008,-0.979651928,0,0,0,1],"scale":0.969099998,"type":"maritime_pine_bush"}
{"ctxid":0,"pos":[-729.77301,-1599.33997,154.162003],"rotationMatrix":[-0.837061167,0.547109306,0,-0.547109306,-0.837061167,0,0,0,1],"scale":0.703299999,"type":"maritime_pine_bush"}
{"ctxid":0,"pos":[-732.129028,-1600.80005,157.024002],"rotationMatrix":[0.336448073,0.941702008,0,-0.941702008,0.336448073,0,0,0,1],"scale":0.96420002,"type":"maritime_pine_bush"}
{"ctxid":0,"pos":[-718.89502,-1618.39001,150.727997],"rotationMatrix":[-0.951102495,0.308875442,0,-0.308875442,-0.951102495,0,0,0,1],"scale":1.05990005,"type":"maritime_pine_bush"}
{"ctxid":0,"pos":[-724.29303,-1553.26001,143.014008],"rotationMatrix":[-0.494720459,-0.869052172,0,0.869052172,-0.494720459,0,0,0,1],"scale":1.29180002,"type":"maritime_pine_bush"}
{"ctxid":0,"pos":[-703.624023,-1580.95996,142.811996],"rotationMatrix":[-0.457265973,0.88932997,0,-0.88932997,-0.457265973,0,0,0,1],"scale":0.870000005,"type":"maritime_pine_bush"}
{"ctxid":0,"pos":[-729.388,-1540.96997,141.783005],"rotationMatrix":[-0.0869277716,0.996214628,0,-0.996214628,-0.0869277716,0,0,0,1],"scale":0.898999989,"type":"maritime_pine_bush"}
{"ctxid":0,"pos":[-746.869019,-1710.95996,144.994995],"rotationMatrix":[0.684305429,-0.729195476,0,0.729195476,0.684305429,0,0,0,1],"scale":0.746699989,"type":"maritime_pine_bush"}
{"ctxid":0,"pos":[-739.315002,-1698.08997,148.186996],"rotationMatrix":[0.31250453,0.949916244,0,-0.949916244,0.31250453,0,0,0,1],"scale":1.28569996,"type":"maritime_pine_bush"}
{"ctxid":0,"pos":[-726.388,-1695.15002,144.514999],"rotationMatrix":[-0.971303701,0.237842634,0,-0.237842634,-0.971303701,0,0,0,1],"scale":0.923900008,"type":"maritime_pine_bush"}
{"ctxid":0,"pos":[-723.835999,-1688.46997,145.199997],"rotationMatrix":[0.382172704,0.924090922,0,-0.924090922,0.382172704,0,0,0,1],"scale":0.745599985,"type":"maritime_pine_bush"}
{"ctxid":0,"pos":[-716.98999,-1644.18005,150.259995],"rotationMatrix":[0.232934952,-0.972492337,0,0.972492337,0.232934952,0,0,0,1],"scale":0.850000024,"type":"maritime_pine_bush"}
{"ctxid":0,"pos":[-708.41803,-1632.71997,143.789993],"rotationMatrix":[-0.113628983,-0.99352324,0,0.99352324,-0.113628983,0,0,0,1],"scale":0.968999982,"type":"maritime_pine_bush"}
{"ctxid":0,"pos":[-690.302979,-1646.51001,144.449997],"rotationMatrix":[-0.828254342,0.560352325,0,-0.560352325,-0.828254342,0,0,0,1],"scale":0.786199987,"type":"maritime_pine_bush"}
{"ctxid":0,"pos":[-689.572998,-1652.92004,144.287003],"rotationMatrix":[-0.882964253,0.469440222,0,-0.469440222,-0.882964253,0,0,0,1],"scale":0.776000023,"type":"maritime_pine_bush"}
{"ctxid":0,"pos":[-733.723022,-1729.82996,143.537003],"rotationMatrix":[0.216498375,0.976282954,0,-0.976282954,0.216498375,0,0,0,1],"scale":1.0934,"type":"maritime_pine_bush"}
{"ctxid":0,"pos":[-716.507996,-1674.03003,144.621002],"rotationMatrix":[0.508364677,0.86114186,0,-0.86114186,0.508364677,0,0,0,1],"scale":0.855799973,"type":"maritime_pine_bush"}
{"ctxid":0,"pos":[-760.184021,-1716.84998,143.205994],"rotationMatrix":[-0.876759291,-0.480929464,0,0.480929464,-0.876759291,0,0,0,1],"scale":0.970899999,"type":"maritime_pine_bush"}
{"ctxid":0,"pos":[-778.015015,-1717.91003,143.132996],"rotationMatrix":[0.988659859,-0.150172174,0,0.150172174,0.988659859,0,0,0,1],"scale":0.914900005,"type":"maritime_pine_bush"}
{"ctxid":0,"pos":[-789.880981,-1719.18994,142.845001],"rotationMatrix":[0.74195075,0.670454383,0,-0.670454383,0.74195075,0,0,0,1],"scale":1.06270003,"type":"maritime_pine_bush"}
{"ctxid":0,"pos":[-1078.89001,-759.450989,407.156006],"rotationMatrix":[0.500999451,0.865447581,0,-0.865447581,0.500999451,0,0,0,1],"scale":0.844399989,"type":"maritime_pine_bush"}
{"ctxid":0,"pos":[-1087.80005,-758.14801,407.141998],"rotationMatrix":[-0.161288023,0.986907363,0,-0.986907363,-0.161288023,0,0,0,1],"scale":0.890699983,"type":"maritime_pine_bush"}
{"ctxid":0,"pos":[-1092.10999,-757.651978,407.139008],"rotationMatrix":[-0.853582621,0.52095747,0,-0.52095747,-0.853582621,0,0,0,1],"scale":0.993700027,"type":"maritime_pine_bush"}
{"ctxid":0,"pos":[-1099,-758.33197,407.136993],"rotationMatrix":[0.972668767,-0.232197046,0,0.232197046,0.972668767,0,0,0,1],"scale":1.05579996,"type":"maritime_pine_bush"}
{"ctxid":0,"pos":[-1105.79004,-759.471985,407.138],"rotationMatrix":[-0.997600794,0.0692290142,0,-0.0692290142,-0.997600794,0,0,0,1],"scale":1.05869997,"type":"maritime_pine_bush"}
{"ctxid":0,"pos":[-1110.95996,-759.812012,407.127014],"rotationMatrix":[-0.444660068,-0.895699382,0,0.895699382,-0.444660068,0,0,0,1],"scale":0.700800002,"type":"maritime_pine_bush"}
{"ctxid":0,"pos":[-1118.10999,-761.804993,407.119995],"rotationMatrix":[0.72693944,-0.686701596,0,0.686701596,0.72693944,0,0,0,1],"scale":1.00059998,"type":"maritime_pine_bush"}
{"ctxid":0,"pos":[-1866.43994,-135.953995,148.936996],"rotationMatrix":[0.551784873,0.833986461,0,-0.833986461,0.551784873,0,0,0,1],"scale":1.04260004,"type":"maritime_pine_bush"}
{"ctxid":0,"pos":[-1862.84998,-146.707993,148.817001],"rotationMatrix":[-0.740604877,0.671940804,0,-0.671940804,-0.740604877,0,0,0,1],"scale":1.20930004,"type":"maritime_pine_bush"}
{"ctxid":0,"pos":[-1890.57996,-120.361,148.987],"rotationMatrix":[-0.949917555,-0.312500626,0,0.312500626,-0.949917555,0,0,0,1],"scale":1.07439995,"type":"maritime_pine_bush"}
{"ctxid":0,"pos":[-1891.83997,-118.056999,148.912003],"rotationMatrix":[-0.885682106,0.464292169,0,-0.464292169,-0.885682106,0,0,0,1],"scale":0.818599999,"type":"maritime_pine_bush"}
{"ctxid":0,"pos":[-1890.92004,-113.891998,149.100998],"rotationMatrix":[0.885183692,-0.4652417,0,0.4652417,0.885183692,0,0,0,1],"scale":0.746699989,"type":"maritime_pine_bush"}
{"ctxid":0,"pos":[-1896.68005,-93.2301025,148.865997],"rotationMatrix":[-0.700168014,-0.713978112,0,0.713978112,-0.700168014,0,0,0,1],"scale":0.780499995,"type":"maritime_pine_bush"}
{"ctxid":0,"pos":[-1898.27002,-85.9748001,148.813004],"rotationMatrix":[0.996232867,-0.0867183581,0,0.0867183581,0.996232867,0,0,0,1],"scale":0.851999998,"type":"maritime_pine_bush"}
{"ctxid":0,"pos":[-1899.63,-80.3131027,148.529999],"rotationMatrix":[-0.646386504,0.763010144,0,-0.763010144,-0.646386504,0,0,0,1],"scale":0.834900022,"type":"maritime_pine_bush"}
{"ctxid":0,"pos":[-1907.73999,-116.529999,144.860001],"rotationMatrix":[0.314379454,0.949297428,0,-0.949297428,0.314379454,0,0,0,1],"scale":1.27579999,"type":"maritime_pine_bush"}
{"ctxid":0,"pos":[-1878.02002,-146.425995,149.016006],"rotationMatrix":[-0.809182405,-0.587557495,0,0.587557495,-0.809182405,0,0,0,1],"scale":0.754999995,"type":"maritime_pine_bush"}
{"ctxid":0,"pos":[-1877.37,-150.442993,149.063995],"rotationMatrix":[0.352022767,-0.935991466,0,0.935991466,0.352022767,0,0,0,1],"scale":0.821399987,"type":"maritime_pine_bush"}
{"ctxid":0,"pos":[-1877.34998,-154.876999,149.005005],"rotationMatrix":[0.488535047,0.872544289,0,-0.872544289,0.488535047,0,0,0,1],"scale":1.12189996,"type":"maritime_pine_bush"}
{"ctxid":0,"pos":[-1883.35999,-149.975006,149.177002],"rotationMatrix":[-0.99200809,-0.126174286,0,0.126174286,-0.99200809,0,0,0,1],"scale":1.2938,"type":"maritime_pine_bush"}
{"ctxid":0,"pos":[-1890.83997,-131.886993,148.488007],"rotationMatrix":[0.999961257,0.00880253036,0,-0.00880253036,0.999961257,0,0,0,1],"scale":1.22940004,"type":"maritime_pine_bush"}
{"ctxid":0,"pos":[-1898.40002,-131.227997,146.542007],"rotationMatrix":[0.315315962,0.948986769,0,-0.948986769,0.315315962,0,0,0,1],"scale":0.702199996,"type":"maritime_pine_bush"}
{"ctxid":0,"pos":[-1894.69995,-149.473999,146.477005],"rotationMatrix":[0.190753579,0.981637955,0,-0.981637955,0.190753579,0,0,0,1],"scale":1.24150002,"type":"maritime_pine_bush"}
{"ctxid":0,"pos":[-1883.38,-139.628998,149.134995],"rotationMatrix":[0.974462032,0.224552333,0,-0.224552333,0.974462032,0,0,0,1],"scale":1.13049996,"type":"maritime_pine_bush"}
{"ctxid":0,"pos":[-1887.30005,-130.854996,148.981003],"rotationMatrix":[-0.717545748,-0.696511388,0,0.696511388,-0.717545748,0,0,0,1],"scale":0.951699972,"type":"maritime_pine_bush"}
{"ctxid":0,"pos":[-1908.21997,-133.858994,143.292007],"rotationMatrix":[0.982552886,0.185983405,0,-0.185983405,0.982552886,0,0,0,1],"scale":1.15069997,"type":"maritime_pine_bush"}
{"ctxid":0,"pos":[-1904.39001,-140.507996,144.132996],"rotationMatrix":[0.0202801228,-0.999794364,0,0.999794364,0.0202801228,0,0,0,1],"scale":0.985099971,"type":"maritime_pine_bush"}
{"ctxid":0,"pos":[-1902.06995,-135.348007,145.244995],"rotationMatrix":[0.831219554,0.555944264,0,-0.555944264,0.831219554,0,0,0,1],"scale":1.28209996,"type":"maritime_pine_bush"}
{"ctxid":0,"pos":[-1883.52002,-162.013,148.761993],"rotationMatrix":[-0.968524814,0.248917028,0,-0.248917028,-0.968524814,0,0,0,1],"scale":1.26289999,"type":"maritime_pine_bush"}
{"ctxid":0,"pos":[-1561.47998,-678.776978,261.295013],"rotationMatrix":[-0.066968441,0.99775511,0,-0.99775511,-0.066968441,0,0,0,1],"scale":0.794099987,"type":"maritime_pine_bush"}
{"ctxid":0,"pos":[-1609.46997,-698.710022,257.699005],"rotationMatrix":[-0.989214659,-0.146473065,0,0.146473065,-0.989214659,0,0,0,1],"scale":0.729099989,"type":"maritime_pine_bush"}
{"ctxid":0,"pos":[-1242.91003,-1514.83997,170.276993],"rotationMatrix":[-0.841664195,0.540001273,0,-0.540001273,-0.841664195,0,0,0,1],"scale":1.24119997,"type":"maritime_pine_bush"}
