{"ctxid":0,"pos":[-51.2075005,-197.449997,193.391006],"rotationMatrix":[0.99849844,0.0547801591,0,-0.0547801591,0.99849844,0,0,0,1],"scale":1.09150004,"type":"maritime_pine_2"}
{"ctxid":0,"pos":[-52.0643005,-194.942993,194.042999],"rotationMatrix":[0.523126245,-0.852255225,0,0.852255225,0.523126245,0,0,0,1],"scale":0.780900002,"type":"maritime_pine_2"}
{"ctxid":0,"pos":[-40.1916008,-197.216995,191.526993],"rotationMatrix":[0.591572762,0.806251645,0,-0.806251645,0.591572762,0,0,0,1],"scale":1.12699997,"type":"maritime_pine_2"}
{"ctxid":0,"pos":[-36.3944016,-206.016998,190.233994],"rotationMatrix":[-0.438886523,0.898542523,0,-0.898542523,-0.438886523,0,0,0,1],"scale":0.789099991,"type":"maritime_pine_2"}
{"ctxid":0,"pos":[-114.742996,-191.921005,208.149994],"rotationMatrix":[0.133545399,0.991042674,0,-0.991042674,0.133545399,0,0,0,1],"scale":1.2033,"type":"maritime_pine_2"}
{"ctxid":0,"pos":[-120.327003,-188.733002,210.354004],"rotationMatrix":[0.682554841,-0.730834365,0,0.730834365,0.682554841,0,0,0,1],"scale":1.17359996,"type":"maritime_pine_2"}
{"ctxid":0,"pos":[-130.845001,-195.979996,211.973999],"rotationMatrix":[-0.30314374,-0.952944815,0,0.952944815,-0.30314374,0,0,0,1],"scale":0.838699996,"type":"maritime_pine_2"}
{"ctxid":0,"pos":[-134.912003,-193.632004,214.020004],"rotationMatrix":[-0.221797109,-0.975092828,0,0.975092828,-0.221797109,0,0,0,1],"scale":0.737800002,"type":"maritime_pine_2"}
{"ctxid":0,"pos":[-125.752998,-182.654999,213.544998],"rotationMatrix":[0.271092653,-0.962553263,0,0.962553263,0.271092653,0,0,0,1],"scale":1.17060006,"type":"maritime_pine_2"}
{"ctxid":0,"pos":[-177.600998,-242.343994,230.026993],"rotationMatrix":[-0.855123281,-0.51842469,0,0.51842469,-0.855123281,0,0,0,1],"scale":0.890999973,"type":"maritime_pine_2"}
{"ctxid":0,"pos":[-173.819,-232.524002,228.501007],"rotationMatrix":[0.865734339,0.500503778,0,-0.500503778,0.865734339,0,0,0,1],"scale":1.11570001,"type":"maritime_pine_2"}
{"ctxid":0,"pos":[-188.072998,-170.296997,245.822006],"rotationMatrix":[0.970183134,0.242373034,0,-0.242373034,0.970183134,0,0,0,1],"scale":0.859799981,"type":"maritime_pine_2"}
{"ctxid":0,"pos":[-189.237,-166.832993,246.182999],"rotationMatrix":[-0.982040644,-0.188669488,0,0.188669488,-0.982040644,0,0,0,1],"scale":0.970899999,"type":"maritime_pine_2"}
{"ctxid":0,"pos":[-199.884995,-171.143005,252.949005],"rotationMatrix":[0.387275457,-0.921964049,0,0.921964049,0.387275457,0,0,0,1],"scale":0.876699984,"type":"maritime_pine_2"}
{"ctxid":0,"pos":[-50.1417999,-311.792999,192.162994],"rotationMatrix":[-0.0414130688,-0.99914211,0,0.99914211,-0.0414130688,0,0,0,1],"scale":0.928600013,"type":"maritime_pine_2"}
{"ctxid":0,"pos":[-53.4320984,-301.925995,191.584],"rotationMatrix":[0.0675683022,-0.997714639,0,0.997714639,0.0675683022,0,0,0,1],"scale":0.730599999,"type":"maritime_pine_2"}
{"ctxid":0,"pos":[-60.6451988,-297.596985,191.703003],"rotationMatrix":[-0.0931290388,-0.995654047,0,0.995654047,-0.0931290388,0,0,0,1],"scale":0.994199991,"type":"maritime_pine_2"}
{"ctxid":0,"pos":[-66.8152008,-297.026001,191.959],"rotationMatrix":[0.67582655,-0.737060726,0,0.737060726,0.67582655,0,0,0,1],"scale":0.834299982,"type":"maritime_pine_2"}
{"ctxid":0,"pos":[-75.4605026,-299.283997,192.522995],"rotationMatrix":[-0.6583848,0.752681494,0,-0.752681494,-0.6583848,0,0,0,1],"scale":1.05350006,"type":"maritime_pine_2"}
{"ctxid":0,"pos":[-67.3889999,-301.337006,192.408997],"rotationMatrix":[0.996879578,0.0789373666,0,-0.0789373666,0.996879578,0,0,0,1],"scale":0.859799981,"type":"maritime_pine_2"}
{"ctxid":0,"pos":[-117.179001,-288.953003,199.591003],"rotationMatrix":[-0.953078508,-0.302723229,0,0.302723229,-0.953078508,0,0,0,1],"scale":1.14390004,"type":"maritime_pine_2"}
{"ctxid":0,"pos":[-103.422997,-287.143005,195.621002],"rotationMatrix":[-0.583844066,0.811865807,0,-0.811865807,-0.583844066,0,0,0,1],"scale":0.842199981,"type":"maritime_pine_2"}
{"ctxid":0,"pos":[-116.102997,-279.704987,199.421997],"rotationMatrix":[-0.82099545,0.570934713,0,-0.570934713,-0.82099545,0,0,0,1],"scale":1.01049995,"type":"maritime_pine_2"}
{"ctxid":0,"pos":[-112.529999,-277.372986,198.462006],"rotationMatrix":[-0.732404947,-0.680869281,0,0.680869281,-0.732404947,0,0,0,1],"scale":0.967999995,"type":"maritime_pine_2"}
{"ctxid":0,"pos":[-91.7176971,-278.630005,193.929001],"rotationMatrix":[0.258237958,0.966081321,0,-0.966081321,0.258237958,0,0,0,1],"scale":1.19690001,"type":"maritime_pine_2"}
{"ctxid":0,"pos":[-87.876297,-283.048004,192.576004],"rotationMatrix":[0.956251144,0.292547017,0,-0.292547017,0.956251144,0,0,0,1],"scale":1.27989995,"type":"maritime_pine_2"}
{"ctxid":0,"pos":[-90.2753983,-272.394012,194.093002],"rotationMatrix":[-0.278400421,0.960465074,0,-0.960465074,-0.278400421,0,0,0,1],"scale":0.951900005,"type":"maritime_pine_2"}
{"ctxid":0,"pos":[-82.4322968,-273.891998,192.977005],"rotationMatrix":[-0.888790607,-0.458313495,0,0.458313495,-0.888790607,0,0,0,1],"scale":0.791499972,"type":"maritime_pine_2"}
{"ctxid":0,"pos":[-79.1530991,-269.851013,192.757996],"rotationMatrix":[0.994939804,-0.100472815,0,0.100472815,0.994939804,0,0,0,1],"scale":1.24349999,"type":"maritime_pine_2"}
{"ctxid":0,"pos":[-6.43809986,-404.509003,216.423996],"rotationMatrix":[0.168465853,-0.985707462,0,0.985707462,0.168465853,0,0,0,1],"scale":1.07340002,"type":"maritime_pine_2"}
{"ctxid":0,"pos":[-1.89530003,-399.725006,212.306],"rotationMatrix":[0.963711739,-0.266945094,0,0.266945094,0.963711739,0,0,0,1],"scale":0.903199971,"type":"maritime_pine_2"}
{"ctxid":0,"pos":[-2.19449997,-391.783997,207.522003],"rotationMatrix":[0.519407868,0.85452646,0,-0.85452646,0.519407868,0,0,0,1],"scale":0.773999989,"type":"maritime_pine_2"}
{"ctxid":0,"pos":[-16.2812996,-399.200012,215.240005],"rotationMatrix":[0.352022767,0.935991466,0,-0.935991466,0.352022767,0,0,0,1],"scale":1.11450005,"type":"maritime_pine_2"}
{"ctxid":0,"pos":[-12.2188997,-398.204987,213.160004],"rotationMatrix":[-0.58526814,-0.810839832,0,0.810839832,-0.58526814,0,0,0,1],"scale":0.877600014,"type":"maritime_pine_2"}
{"ctxid":0,"pos":[-10.3364,-397.852997,212.479004],"rotationMatrix":[0.480819464,0.876819611,0,-0.876819611,0.480819464,0,0,0,1],"scale":0.814100027,"type":"maritime_pine_2"}
{"ctxid":0,"pos":[-6.04360008,-392.536011,208.419006],"rotationMatrix":[0.670652628,-0.741771579,0,0.741771579,0.670652628,0,0,0,1],"scale":0.840600014,"type":"maritime_pine_2"}
{"ctxid":0,"pos":[-102.334,-443.945007,311.59201],"rotationMatrix":[0.687056601,0.726603568,0,-0.726603568,0.687056601,0,0,0,1],"scale":1.26530004,"type":"maritime_pine_2"}
{"ctxid":0,"pos":[-97.1536026,-459.205994,313.928986],"rotationMatrix":[-0.531600118,-0.846995473,0,0.846995473,-0.531600118,0,0,0,1],"scale":0.722500026,"type":"maritime_pine_2"}
{"ctxid":0,"pos":[-60.2425995,-494.919006,324.227997],"rotationMatrix":[-0.998800278,0.0489694327,0,-0.0489694327,-0.998800278,0,0,0,1],"scale":0.754199982,"type":"maritime_pine_2"}
{"ctxid":0,"pos":[-64.3475037,-492.287994,323.115997],"rotationMatrix":[0.986748099,-0.162259638,0,0.162259638,0.986748099,0,0,0,1],"scale":1.15750003,"type":"maritime_pine_2"}
{"ctxid":0,"pos":[-56.4813004,-486.894012,323.433014],"rotationMatrix":[0.0949494839,-0.995482087,0,0.995482087,0.0949494839,0,0,0,1],"scale":1.22790003,"type":"maritime_pine_2"}
{"ctxid":0,"pos":[-135.839996,-293.970001,207.287003],"rotationMatrix":[-0.567158222,-0.823608875,0,0.823608875,-0.567158222,0,0,0,1],"scale":0.7755,"type":"maritime_pine_2"}
{"ctxid":0,"pos":[-125.875999,-283.596008,202.723007],"rotationMatrix":[-0.779629827,0.626240611,0,-0.626240611,-0.779629827,0,0,0,1],"scale":1.21399999,"type":"maritime_pine_2"}
{"ctxid":0,"pos":[-229.123993,-309.585999,270.696014],"rotationMatrix":[-0.468212605,-0.883615851,0,0.883615851,-0.468212605,0,0,0,1],"scale":1.03489995,"type":"maritime_pine_2"}
{"ctxid":0,"pos":[-229.436996,-304.420013,269.770996],"rotationMatrix":[-0.664582491,-0.747214913,0,0.747214913,-0.664582491,0,0,0,1],"scale":1.04900002,"type":"maritime_pine_2"}
{"ctxid":0,"pos":[-135.085007,-370.306,258.117004],"rotationMatrix":[-0.31966269,-0.947531402,0,0.947531402,-0.31966269,0,0,0,1],"scale":0.78609997,"type":"maritime_pine_2"}
{"ctxid":0,"pos":[-142.768005,-372.68399,264.156006],"rotationMatrix":[0.596438646,-0.802658677,0,0.802658677,0.596438646,0,0,0,1],"scale":1.21879995,"type":"maritime_pine_2"}
{"ctxid":0,"pos":[-125.639999,-420.804993,308.488007],"rotationMatrix":[0.846763492,0.531969547,0,-0.531969547,0.846763492,0,0,0,1],"scale":1.08650005,"type":"maritime_pine_2"}
{"ctxid":0,"pos":[-233.898422,-390.689117,307.309357],"rotationMatrix":[0.622071743,-0.782960236,0,0.782960236,0.622071743,0,0,0,1],"scale":1.27509999,"type":"maritime_pine_2"}
{"ctxid":0,"pos":[-214.488007,-396.429993,306.109985],"rotationMatrix":[-0.695008755,0.719001293,0,-0.719001293,-0.695008755,0,0,0,1],"scale":0.814999998,"type":"maritime_pine_2"}
{"ctxid":0,"pos":[-218.533005,-393.928009,305.459991],"rotationMatrix":[-0.891512632,-0.452995837,0,0.452995837,-0.891512632,0,0,0,1],"scale":1.26740003,"type":"maritime_pine_2"}
{"ctxid":0,"pos":[-332.394989,-167.800995,301.433014],"rotationMatrix":[-0.927077055,-0.374870837,0,0.374870837,-0.927077055,0,0,0,1],"scale":0.957099974,"type":"maritime_pine_2"}
{"ctxid":0,"pos":[-359.556,-236.231003,313.855988],"rotationMatrix":[-0.647112608,0.762394428,0,-0.762394428,-0.647112608,0,0,0,1],"scale":0.987900019,"type":"maritime_pine_2"}
{"ctxid":0,"pos":[-352.46701,-230.554993,313.321014],"rotationMatrix":[-0.998800278,-0.0489694327,0,0.0489694327,-0.998800278,0,0,0,1],"scale":0.800400019,"type":"maritime_pine_2"}
{"ctxid":0,"pos":[-354.911011,-235.761993,314.39801],"rotationMatrix":[-0.607424498,-0.794377446,0,0.794377446,-0.607424498,0,0,0,1],"scale":0.706799984,"type":"maritime_pine_2"}
{"ctxid":0,"pos":[-251.692001,-365.003998,302.076996],"rotationMatrix":[0.719499469,-0.694492996,0,0.694492996,0.719499469,0,0,0,1],"scale":1.13320005,"type":"maritime_pine_2"}
{"ctxid":0,"pos":[-279.255005,-298.602997,299.127991],"rotationMatrix":[0.596797943,-0.802391589,0,0.802391589,0.596797943,0,0,0,1],"scale":1.17840004,"type":"maritime_pine_2"}
{"ctxid":0,"pos":[-280.062012,-300.891998,299.936005],"rotationMatrix":[0.277117133,0.960836172,0,-0.960836172,0.277117133,0,0,0,1],"scale":1.04219997,"type":"maritime_pine_2"}
{"ctxid":0,"pos":[-276.666992,-294.988007,296.951996],"rotationMatrix":[-0.501991034,-0.864872813,0,0.864872813,-0.501991034,0,0,0,1],"scale":0.869599998,"type":"maritime_pine_2"}
{"ctxid":0,"pos":[-262.515991,-289.10199,293.346985],"rotationMatrix":[-0.83476162,-0.550611496,0,0.550611496,-0.83476162,0,0,0,1],"scale":0.967199981,"type":"maritime_pine_2"}
{"ctxid":0,"pos":[-316.631989,-287.059998,315.394989],"rotationMatrix":[0.542840719,0.839835644,0,-0.839835644,0.542840719,0,0,0,1],"scale":1.01989996,"type":"maritime_pine_2"}
{"ctxid":0,"pos":[-306.938995,-283.192993,311.733002],"rotationMatrix":[0.266012788,0.963969529,0,-0.963969529,0.266012788,0,0,0,1],"scale":0.949000001,"type":"maritime_pine_2"}
{"ctxid":0,"pos":[-313.79599,-280.970001,314.243011],"rotationMatrix":[-0.966541052,0.256511986,0,-0.256511986,-0.966541052,0,0,0,1],"scale":1.24730003,"type":"maritime_pine_2"}
{"ctxid":0,"pos":[-344.966003,-326.393005,321.894012],"rotationMatrix":[0.982998371,-0.183614269,0,0.183614269,0.982998371,0,0,0,1],"scale":1.08360004,"type":"maritime_pine_2"}
{"ctxid":0,"pos":[-349.312012,-328.09201,323.756989],"rotationMatrix":[0.986942768,0.16107133,0,-0.16107133,0.986942768,0,0,0,1],"scale":0.873099983,"type":"maritime_pine_2"}
{"ctxid":0,"pos":[-344.917999,-321.32901,322.653015],"rotationMatrix":[-0.878309608,0.478092283,0,-0.478092283,-0.878309608,0,0,0,1],"scale":0.794799984,"type":"maritime_pine_2"}
{"ctxid":0,"pos":[-62.7384987,-652.026001,398.966003],"rotationMatrix":[0.436502695,-0.899702966,0,0.899702966,0.436502695,0,0,0,1],"scale":1.01849997,"type":"maritime_pine_2"}
{"ctxid":0,"pos":[-72.6766968,-660.406982,407.665009],"rotationMatrix":[-0.71865797,0.69536376,0,-0.69536376,-0.71865797,0,0,0,1],"scale":1.2263,"type":"maritime_pine_2"}
{"ctxid":0,"pos":[-81.5414963,-658.528015,412.886993],"rotationMatrix":[0.285987377,-0.958233356,0,0.958233356,0.285987377,0,0,0,1],"scale":1.01890004,"type":"maritime_pine_2"}
{"ctxid":0,"pos":[-84.9774017,-629.393005,406.464996],"rotationMatrix":[-0.95901227,-0.283364534,0,0.283364534,-0.95901227,0,0,0,1],"scale":1.08430004,"type":"maritime_pine_2"}
{"ctxid":0,"pos":[-214.089005,-510.804993,397.563995],"rotationMatrix":[0.821317554,-0.570471287,0,0.570471287,0.821317554,0,0,0,1],"scale":1.01170003,"type":"maritime_pine_2"}
{"ctxid":0,"pos":[-50.9589996,-845.237976,454.494995],"rotationMatrix":[0.973641872,0.228082225,0,-0.228082225,0.973641872,0,0,0,1],"scale":1.20889997,"type":"maritime_pine_2"}
{"ctxid":0,"pos":[-47.2162018,-857.604004,458.181],"rotationMatrix":[0.750075459,-0.661352277,0,0.661352277,0.750075459,0,0,0,1],"scale":0.763599992,"type":"maritime_pine_2"}
{"ctxid":0,"pos":[-50.3344994,-871.224976,458.751007],"rotationMatrix":[0.245270967,0.969454587,0,-0.969454587,0.245270967,0,0,0,1],"scale":0.799499989,"type":"maritime_pine_2"}
{"ctxid":0,"pos":[-77.1051025,-867.057983,463.727997],"rotationMatrix":[-0.612448812,-0.790510237,0,0.790510237,-0.612448812,0,0,0,1],"scale":1.17709994,"type":"maritime_pine_2"}
{"ctxid":0,"pos":[-89.2767029,-766,443.946991],"rotationMatrix":[-0.996002078,-0.0893300623,0,0.0893300623,-0.996002078,0,0,0,1],"scale":1.19280005,"type":"maritime_pine_2"}
{"ctxid":0,"pos":[-54.0629997,-875.617004,458.867004],"rotationMatrix":[-0.027031064,0.999634624,0,-0.999634624,-0.027031064,0,0,0,1],"scale":0.863900006,"type":"maritime_pine_2"}
{"ctxid":0,"pos":[-41.3721008,-878.838989,456.127014],"rotationMatrix":[-0.801202059,-0.598393917,0,0.598393917,-0.801202059,0,0,0,1],"scale":1.24109995,"type":"maritime_pine_2"}
{"ctxid":0,"pos":[-56.8139,-887.843018,461.687988],"rotationMatrix":[-0.00536203384,0.999985635,0,-0.999985635,-0.00536203384,0,0,0,1],"scale":0.880599976,"type":"maritime_pine_2"}
{"ctxid":0,"pos":[-54.5988007,-913.260986,458.263],"rotationMatrix":[-0.996401787,-0.0847554058,0,0.0847554058,-0.996401787,0,0,0,1],"scale":0.7949,"type":"maritime_pine_2"}
{"ctxid":0,"pos":[-55.1374016,-905.310974,459.990997],"rotationMatrix":[0.989689589,-0.143228903,0,0.143228903,0.989689589,0,0,0,1],"scale":0.957499981,"type":"maritime_pine_2"}
{"ctxid":0,"pos":[-48.4864006,-910.192993,457.902008],"rotationMatrix":[-0.907104373,-0.420905769,0,0.420905769,-0.907104373,0,0,0,1],"scale":1.0201,"type":"maritime_pine_2"}
{"ctxid":0,"pos":[-80.3759995,-883.81897,464.240997],"rotationMatrix":[-0.735011935,0.678054154,0,-0.678054154,-0.735011935,0,0,0,1],"scale":0.987900019,"type":"maritime_pine_2"}
{"ctxid":0,"pos":[-86.197998,-877.625977,466.502991],"rotationMatrix":[-0.72014153,-0.693827212,0,0.693827212,-0.72014153,0,0,0,1],"scale":0.998300016,"type":"maritime_pine_2"}
{"ctxid":0,"pos":[-493.338013,-585.046021,415.834991],"rotationMatrix":[0.301983237,-0.948108196,0.0994833708,0.952835739,0.303486586,-2.30007427e-05,-0.0301700607,0.094798252,0.995039225],"scale":0.806999981,"type":"maritime_pine_2"}
{"ctxid":0,"pos":[-497.265991,-590.47998,416.037994],"rotationMatrix":[0.492169619,0.870499313,0,-0.870499313,0.492169619,0,0,0,1],"scale":0.978200018,"type":"maritime_pine_2"}
{"ctxid":0,"pos":[-492.270996,-604.64801,420.085999],"rotationMatrix":[-0.957429051,0.288668692,0,-0.288668692,-0.957429051,0,0,0,1],"scale":0.589399993,"type":"maritime_pine_2"}
{"ctxid":0,"pos":[-492.544006,-612.53302,422.229004],"rotationMatrix":[-0.786428094,0.617681861,0,-0.617681861,-0.786428094,0,0,0,1],"scale":1.12559998,"type":"maritime_pine_2"}
{"ctxid":0,"pos":[-450.881012,-578.853027,405.091003],"rotationMatrix":[0.452104807,-0.891964793,0,0.891964793,0.452104807,0,0,0,1],"scale":0.880900025,"type":"maritime_pine_2"}
{"ctxid":0,"pos":[-455.424988,-582.513,404.79599],"rotationMatrix":[-0.891512632,0.452995837,0,-0.452995837,-0.891512632,0,0,0,1],"scale":0.883700013,"type":"maritime_pine_2"}
{"ctxid":0,"pos":[-457.210999,-593.89502,400.971008],"rotationMatrix":[-0.179033637,-0.983842969,0,0.983842969,-0.179033637,0,0,0,1],"scale":0.661000013,"type":"maritime_pine_2"}
{"ctxid":0,"pos":[-440.589996,-567.086975,406.364014],"rotationMatrix":[0.128535986,0.991704822,0,-0.991704822,0.128535986,0,0,0,1],"scale":1.15090001,"type":"maritime_pine_2"}
{"ctxid":0,"pos":[-561.393005,-599.603027,415.29599],"rotationMatrix":[-0.970906496,0.239458919,0,-0.239458919,-0.970906496,0,0,0,1],"scale":0.569400012,"type":"maritime_pine_2"}
{"ctxid":0,"pos":[-569.66803,-596.229004,416.319],"rotationMatrix":[0.32882309,-0.944391549,0,0.944391549,0.32882309,0,0,0,1],"scale":0.8653,"type":"maritime_pine_2"}
{"ctxid":0,"pos":[-565.789978,-601.934021,418.399994],"rotationMatrix":[0.994081259,-0.108639084,0,0.108639084,0.994081259,0,0,0,1],"scale":0.686399996,"type":"maritime_pine_2"}
{"ctxid":0,"pos":[-555.789978,-601.93103,415.813995],"rotationMatrix":[-0.670426488,0.741975963,0,-0.741975963,-0.670426488,0,0,0,1],"scale":0.693099976,"type":"maritime_pine_2"}
{"ctxid":0,"pos":[-503.085999,-927.27301,309.848999],"rotationMatrix":[-0.554182529,0.826283872,0.10068129,-0.831568897,-0.544179678,-0.111183129,-0.0370801128,-0.145339176,0.9886868],"scale":0.637199998,"type":"maritime_pine_2"}
{"ctxid":0,"pos":[-746.966797,-884.878479,474.063995],"rotationMatrix":[-0.999200225,-0.0399863794,0,0.0399863794,-0.999200225,0,0,0,1],"scale":0.904299974,"type":"maritime_pine_2"}
{"ctxid":0,"pos":[-927.268005,-632.713013,406.971985],"rotationMatrix":[-0.580286384,0.814412475,0,-0.814412475,-0.580286384,0,0,0,1],"scale":1.31819999,"type":"maritime_pine_2"}
{"ctxid":0,"pos":[-849.89801,-806.401978,508.549927],"rotationMatrix":[0.189735413,-0.981835246,0,0.981835246,0.189735413,0,0,0,1],"scale":0.949299991,"type":"maritime_pine_2"}
{"ctxid":0,"pos":[-841.84198,-809.41803,508.707123],"rotationMatrix":[-0.844352245,-0.535788476,0,0.535788476,-0.844352245,0,0,0,1],"scale":0.763499975,"type":"maritime_pine_2"}
{"ctxid":0,"pos":[-844.091003,-774.356018,499.134003],"rotationMatrix":[-0.339314342,-0.90058279,0.27169168,0.935776412,-0.352594018,-6.53796596e-05,0.0958557427,0.254220486,0.962384343],"scale":0.859600008,"type":"maritime_pine_2"}
{"ctxid":0,"pos":[-460.138,-1111.53003,288.623993],"rotationMatrix":[-0.312847972,0.949803233,0,-0.949803233,-0.312847972,0,0,0,1],"scale":1.06509995,"type":"maritime_pine_2"}
{"ctxid":0,"pos":[-437.743988,-1118.18994,294.562012],"rotationMatrix":[0.332756519,0.943012774,0,-0.943012774,0.332756519,0,0,0,1],"scale":1.05149996,"type":"maritime_pine_2"}
{"ctxid":0,"pos":[-464.266998,-1149.71997,281.335999],"rotationMatrix":[-0.251678467,0.967810929,0,-0.967810929,-0.251678467,0,0,0,1],"scale":0.858699977,"type":"maritime_pine_2"}
{"ctxid":0,"pos":[-416.210999,-1648.5,147.158997],"rotationMatrix":[0.0610020161,0.998137653,0,-0.998137653,0.0610020161,0,0,0,1],"scale":0.925400019,"type":"maritime_pine_2"}
{"ctxid":0,"pos":[-419.118011,-1649.34998,145.636002],"rotationMatrix":[-0.716804624,-0.697274089,0,0.697274089,-0.716804624,0,0,0,1],"scale":0.736400008,"type":"maritime_pine_2"}
{"ctxid":0,"pos":[-294.963013,-1859.62,160.651993],"rotationMatrix":[0.608918309,-0.793232918,0,0.793232918,0.608918309,0,0,0,1],"scale":0.891099989,"type":"maritime_pine_2"}
{"ctxid":0,"pos":[-298.766998,-1865.62,160.572006],"rotationMatrix":[0.770293593,-0.637689412,0,0.637689412,0.770293593,0,0,0,1],"scale":0.949500024,"type":"maritime_pine_2"}
{"ctxid":0,"pos":[-290.566986,-1862.19995,161.612],"rotationMatrix":[-0.99200809,-0.126174286,0,0.126174286,-0.99200809,0,0,0,1],"scale":0.918799996,"type":"maritime_pine_2"}
{"ctxid":0,"pos":[-301.765015,-1871.33997,161.115997],"rotationMatrix":[0.810271978,0.586054027,0,-0.586054027,0.810271978,0,0,0,1],"scale":1.28320003,"type":"maritime_pine_2"}
{"ctxid":0,"pos":[-281.084991,-1824.20996,160.416],"rotationMatrix":[0.890488029,0.455006659,0,-0.455006659,0.890488029,0,0,0,1],"scale":0.990199983,"type":"maritime_pine_2"}
{"ctxid":0,"pos":[-311.149994,-1937.23999,162.427002],"rotationMatrix":[0.891328812,-0.453357428,0,0.453357428,0.891328812,0,0,0,1],"scale":1.24300003,"type":"maritime_pine_2"}
{"ctxid":0,"pos":[-287.350006,-1924.93005,169.154007],"rotationMatrix":[-0.76832819,-0.640056074,0,0.640056074,-0.76832819,0,0,0,1],"scale":0.805199981,"type":"maritime_pine_2"}
{"ctxid":0,"pos":[-279.490997,-1914.51001,172.856995],"rotationMatrix":[0.657870054,-0.753131449,0,0.753131449,0.657870054,0,0,0,1],"scale":1.06079996,"type":"maritime_pine_2"}
{"ctxid":0,"pos":[-276.868011,-1904.25,173.093994],"rotationMatrix":[0.148748398,0.988875091,0,-0.988875091,0.148748398,0,0,0,1],"scale":1.19739997,"type":"maritime_pine_2"}
{"ctxid":0,"pos":[-272.06601,-1903.5,174.326004],"rotationMatrix":[-0.947943091,-0.318439782,0,0.318439782,-0.947943091,0,0,0,1],"scale":1.09280002,"type":"maritime_pine_2"}
{"ctxid":0,"pos":[-265.59201,-1905.04004,175.822006],"rotationMatrix":[-0.864380479,-0.502838314,0,0.502838314,-0.864380479,0,0,0,1],"scale":0.935699999,"type":"maritime_pine_2"}
{"ctxid":0,"pos":[-255.440002,-1914.64001,169.531998],"rotationMatrix":[-0.0393936634,0.999223769,0,-0.999223769,-0.0393936634,0,0,0,1],"scale":1.20200002,"type":"maritime_pine_2"}
{"ctxid":0,"pos":[-265.570007,-1926.87,162.830994],"rotationMatrix":[-0.965747952,0.259481966,0,-0.259481966,-0.965747952,0,0,0,1],"scale":0.743099988,"type":"maritime_pine_2"}
{"ctxid":0,"pos":[-261.52301,-1929.41003,159.520996],"rotationMatrix":[0.776620746,-0.629968405,0,0.629968405,0.776620746,0,0,0,1],"scale":1.10339999,"type":"maritime_pine_2"}
{"ctxid":0,"pos":[-275.95401,-1937.31006,158.817001],"rotationMatrix":[-0.383449912,-0.923561692,0,0.923561692,-0.383449912,0,0,0,1],"scale":1.09119999,"type":"maritime_pine_2"}
{"ctxid":0,"pos":[-286.690002,-1880.09998,163.253006],"rotationMatrix":[-0.692432046,0.721483111,0,-0.721483111,-0.692432046,0,0,0,1],"scale":0.943899989,"type":"maritime_pine_2"}
{"ctxid":0,"pos":[-266.022003,-1937.53003,156.626999],"rotationMatrix":[-0.0789804459,-0.99687618,0,0.99687618,-0.0789804459,0,0,0,1],"scale":1.02900004,"type":"maritime_pine_2"}
{"ctxid":0,"pos":[-279.156006,-1941.60999,157.421005],"rotationMatrix":[-0.251994848,0.967728555,0,-0.967728555,-0.251994848,0,0,0,1],"scale":0.851300001,"type":"maritime_pine_2"}
{"ctxid":0,"pos":[-290.023987,-1941.32996,158.899002],"rotationMatrix":[0.021399498,-0.999770999,0,0.999770999,0.021399498,0,0,0,1],"scale":1.06260002,"type":"maritime_pine_2"}
{"ctxid":0,"pos":[-288.225006,-1937.93005,160.466995],"rotationMatrix":[-0.27552402,-0.961294174,0,0.961294174,-0.27552402,0,0,0,1],"scale":0.879599988,"type":"maritime_pine_2"}
{"ctxid":0,"pos":[-298.089996,-1967.18994,158.518005],"rotationMatrix":[0.828770399,-0.55958879,0,0.55958879,0.828770399,0,0,0,1],"scale":1.10210001,"type":"maritime_pine_2"}
{"ctxid":0,"pos":[-295.075012,-1966.35999,158.341995],"rotationMatrix":[-0.996401787,0.0847554058,0,-0.0847554058,-0.996401787,0,0,0,1],"scale":0.860700011,"type":"maritime_pine_2"}
{"ctxid":0,"pos":[-299.863007,-1946.66003,157.233994],"rotationMatrix":[0.761811972,0.647798181,0,-0.647798181,0.761811972,0,0,0,1],"scale":1.26400006,"type":"maritime_pine_2"}
{"ctxid":0,"pos":[-326.046997,-1888.34998,160.768997],"rotationMatrix":[0.81101048,-0.585031629,0,0.585031629,0.81101048,0,0,0,1],"scale":0.737200022,"type":"maritime_pine_2"}
{"ctxid":0,"pos":[-320.446991,-1922.15002,165.636993],"rotationMatrix":[-0.964558482,-0.263869166,0,0.263869166,-0.964558482,0,0,0,1],"scale":0.708899975,"type":"maritime_pine_2"}
{"ctxid":0,"pos":[-327.716003,-1923.37,165.216995],"rotationMatrix":[-0.803480268,0.595331371,0,-0.595331371,-0.803480268,0,0,0,1],"scale":0.781799972,"type":"maritime_pine_2"}
{"ctxid":0,"pos":[-322.847992,-1925.14001,165.436005],"rotationMatrix":[0.604839563,-0.79634738,0,0.79634738,0.604839563,0,0,0,1],"scale":0.832000017,"type":"maritime_pine_2"}
{"ctxid":0,"pos":[-322.601013,-1931.34998,164.164993],"rotationMatrix":[0.863340139,0.504622459,0,-0.504622459,0.863340139,0,0,0,1],"scale":1.16729999,"type":"maritime_pine_2"}
{"ctxid":0,"pos":[-325.597992,-1937.22998,161.399994],"rotationMatrix":[-0.972495198,0.232922927,0,-0.232922927,-0.972495198,0,0,0,1],"scale":0.767199993,"type":"maritime_pine_2"}
{"ctxid":0,"pos":[-347.29599,-1921.51001,159.686996],"rotationMatrix":[0.390150309,0.920751154,0,-0.920751154,0.390150309,0,0,0,1],"scale":1.08109999,"type":"maritime_pine_2"}
{"ctxid":0,"pos":[-342.576996,-1928.5,160.177002],"rotationMatrix":[-0.887235999,-0.461315811,0,0.461315811,-0.887235999,0,0,0,1],"scale":0.791800022,"type":"maritime_pine_2"}
{"ctxid":0,"pos":[-337.002991,-1920.41003,163.522995],"rotationMatrix":[0.75765276,0.652657866,0,-0.652657866,0.75765276,0,0,0,1],"scale":1.16040003,"type":"maritime_pine_2"}
{"ctxid":0,"pos":[-323.701996,-1939.76001,160.779007],"rotationMatrix":[0.844094753,-0.536194026,0,0.536194026,0.844094753,0,0,0,1],"scale":0.945200026,"type":"maritime_pine_2"}
{"ctxid":0,"pos":[-373.808014,-1954.62,160.764008],"rotationMatrix":[-0.950707674,0.310088575,0,-0.310088575,-0.950707674,0,0,0,1],"scale":0.909099996,"type":"maritime_pine_2"}
{"ctxid":0,"pos":[-379.256989,-1944.97998,162.591995],"rotationMatrix":[0.105947971,-0.994371653,0,0.994371653,0.105947971,0,0,0,1],"scale":1.13590002,"type":"maritime_pine_2"}
{"ctxid":0,"pos":[-380.164001,-1951.09998,160.395004],"rotationMatrix":[-0.433463097,0.901171327,0,-0.901171327,-0.433463097,0,0,0,1],"scale":1.15890002,"type":"maritime_pine_2"}
{"ctxid":0,"pos":[-390.114014,-1946.78003,158.585007],"rotationMatrix":[-0.605273604,-0.796017528,0,0.796017528,-0.605273604,0,0,0,1],"scale":1.28390002,"type":"maritime_pine_2"}
{"ctxid":0,"pos":[-721.567993,-1612.55005,151.917007],"rotationMatrix":[-0.928647995,-0.370962143,0,0.370962143,-0.928647995,0,0,0,1],"scale":0.926400006,"type":"maritime_pine_2"}
{"ctxid":0,"pos":[-736.333984,-1597.96997,158.466003],"rotationMatrix":[0.979110241,-0.203330114,0,0.203330114,0.979110241,0,0,0,1],"scale":0.976199985,"type":"maritime_pine_2"}
{"ctxid":0,"pos":[-746.593994,-1597.35999,161.796997],"rotationMatrix":[0.929311991,0.369295567,0,-0.369295567,0.929311991,0,0,0,1],"scale":1.29410005,"type":"maritime_pine_2"}
{"ctxid":0,"pos":[-725.473999,-1621.91003,157.169006],"rotationMatrix":[0.255311966,-0.966858745,0,0.966858745,0.255311966,0,0,0,1],"scale":0.815299988,"type":"maritime_pine_2"}
{"ctxid":0,"pos":[-732.820984,-1610.81006,160.270004],"rotationMatrix":[0.799148798,0.601133287,0,-0.601133287,0.799148798,0,0,0,1],"scale":0.813499987,"type":"maritime_pine_2"}
{"ctxid":0,"pos":[-714.659973,-1621.33997,147.535995],"rotationMatrix":[0.997020006,-0.0771434233,0,0.0771434233,0.997020006,0,0,0,1],"scale":0.718699992,"type":"maritime_pine_2"}
{"ctxid":0,"pos":[-734.804993,-1566.18005,142.776001],"rotationMatrix":[-0.0628819466,-0.998020947,0,0.998020947,-0.0628819466,0,0,0,1],"scale":0.839100003,"type":"maritime_pine_2"}
{"ctxid":0,"pos":[-735.059998,-1571.42004,144.882004],"rotationMatrix":[-0.979651928,0.200704008,0,-0.200704008,-0.979651928,0,0,0,1],"scale":0.812300026,"type":"maritime_pine_2"}
{"ctxid":0,"pos":[-739.810974,-1572.04004,149.738007],"rotationMatrix":[-0.56503427,-0.825067461,0,0.825067461,-0.56503427,0,0,0,1],"scale":1.18120003,"type":"maritime_pine_2"}
{"ctxid":0,"pos":[-743.296021,-1564.64001,148.832993],"rotationMatrix":[-0.986423016,-0.164224342,0,0.164224342,-0.986423016,0,0,0,1],"scale":0.975799978,"type":"maritime_pine_2"}
{"ctxid":0,"pos":[-737.718994,-1577.31995,150.427994],"rotationMatrix":[0.800414324,0.599447191,0,-0.599447191,0.800414324,0,0,0,1],"scale":0.754199982,"type":"maritime_pine_2"}
{"ctxid":0,"pos":[-741.859009,-1576.68994,154.412994],"rotationMatrix":[-0.573183298,0.819427192,0,-0.819427192,-0.573183298,0,0,0,1],"scale":1.25810003,"type":"maritime_pine_2"}
{"ctxid":0,"pos":[-715.778015,-1567.02002,143.447998],"rotationMatrix":[0.86790204,0.496735394,0,-0.496735394,0.86790204,0,0,0,1],"scale":0.890299976,"type":"maritime_pine_2"}
{"ctxid":0,"pos":[-720.604004,-1559.63,143.274002],"rotationMatrix":[-0.986423016,-0.164224342,0,0.164224342,-0.986423016,0,0,0,1],"scale":0.93900001,"type":"maritime_pine_2"}
{"ctxid":0,"pos":[-713.041992,-1642.95996,147.115997],"rotationMatrix":[-0.697587371,0.716499746,0,-0.716499746,-0.697587371,0,0,0,1],"scale":1.04920006,"type":"maritime_pine_2"}
{"ctxid":0,"pos":[-718.66803,-1676.95996,145.177994],"rotationMatrix":[0.875399709,0.483399779,0,-0.483399779,0.875399709,0,0,0,1],"scale":0.986500025,"type":"maritime_pine_2"}
{"ctxid":0,"pos":[-726.549011,-1691.35999,145.653],"rotationMatrix":[0.905300498,-0.424771726,0,0.424771726,0.905300498,0,0,0,1],"scale":0.997200012,"type":"maritime_pine_2"}
{"ctxid":0,"pos":[-742.84198,-1699.10999,148.979004],"rotationMatrix":[-0.933364511,0.358929932,0,-0.358929932,-0.933364511,0,0,0,1],"scale":0.989300013,"type":"maritime_pine_2"}
{"ctxid":0,"pos":[-738.268005,-1631.48999,159.807999],"rotationMatrix":[-0.946759105,-0.321942836,0,0.321942836,-0.946759105,0,0,0,1],"scale":0.919799984,"type":"maritime_pine_2"}
{"ctxid":0,"pos":[-729,-1628.45996,159.296997],"rotationMatrix":[-0.567158222,-0.823608875,0,0.823608875,-0.567158222,0,0,0,1],"scale":0.725700021,"type":"maritime_pine_2"}
{"ctxid":0,"pos":[-708.682983,-1636.18005,143.884003],"rotationMatrix":[-0.960991979,-0.276576251,0,0.276576251,-0.960991979,0,0,0,1],"scale":1.21669996,"type":"maritime_pine_2"}
{"ctxid":0,"pos":[-713.958984,-1631.71997,148.382996],"rotationMatrix":[0.990697503,-0.136082545,0,0.136082545,0.990697503,0,0,0,1],"scale":1.03149998,"type":"maritime_pine_2"}
{"ctxid":0,"pos":[-711.79303,-1635.82996,146.462997],"rotationMatrix":[0.0814454556,0.996677816,0,-0.996677816,0.0814454556,0,0,0,1],"scale":0.709599972,"type":"maritime_pine_2"}
{"ctxid":0,"pos":[-748.799011,-1709.57996,146.022995],"rotationMatrix":[-0.163422704,-0.986556113,0,0.986556113,-0.163422704,0,0,0,1],"scale":1.21389997,"type":"maritime_pine_2"}
{"ctxid":0,"pos":[-687.530029,-1653.48999,143.542999],"rotationMatrix":[-0.23873806,-0.971083999,0,0.971083999,-0.23873806,0,0,0,1],"scale":0.829100013,"type":"maritime_pine_2"}
{"ctxid":0,"pos":[-685.14801,-1649.03003,142.737],"rotationMatrix":[0.356795192,0.934182644,0,-0.934182644,0.356795192,0,0,0,1],"scale":0.916499972,"type":"maritime_pine_2"}
{"ctxid":0,"pos":[-770.596985,-1716.68005,143.371994],"rotationMatrix":[0.619982362,0.784615755,0,-0.784615755,0.619982362,0,0,0,1],"scale":0.954599977,"type":"maritime_pine_2"}
{"ctxid":0,"pos":[-777.004028,-1719.84998,142.692993],"rotationMatrix":[-0.339557171,0.940585434,0,-0.940585434,-0.339557171,0,0,0,1],"scale":1.22529995,"type":"maritime_pine_2"}
{"ctxid":0,"pos":[-755.398987,-1735.75,143.343002],"rotationMatrix":[-0.561144471,0.8277179,0,-0.8277179,-0.561144471,0,0,0,1],"scale":1.24189997,"type":"maritime_pine_2"}
{"ctxid":0,"pos":[-762.880005,-1738.13,143.516998],"rotationMatrix":[0.0261503458,0.999658048,0,-0.999658048,0.0261503458,0,0,0,1],"scale":0.893700004,"type":"maritime_pine_2"}
{"ctxid":0,"pos":[-1090.77002,-747.187988,407.131012],"rotationMatrix":[-0.458631873,0.888626337,0,-0.888626337,-0.458631873,0,0,0,1],"scale":0.726000011,"type":"maritime_pine_2"}
{"ctxid":0,"pos":[-1125.79004,-591.85498,409.885986],"rotationMatrix":[0.140377283,-0.990098059,0,0.990098059,0.140377283,0,0,0,1],"scale":1.29410005,"type":"maritime_pine_2"}
{"ctxid":0,"pos":[-1864.80005,-148.751007,148.714996],"rotationMatrix":[-0.571055532,0.820911407,0,-0.820911407,-0.571055532,0,0,0,1],"scale":1.24030006,"type":"maritime_pine_2"}
{"ctxid":0,"pos":[-1891.23999,-112.136002,149.093994],"rotationMatrix":[-0.987220526,0.159360081,0,-0.159360081,-0.987220526,0,0,0,1],"scale":0.949500024,"type":"maritime_pine_2"}
{"ctxid":0,"pos":[-1898.89001,-123.032997,147.011993],"rotationMatrix":[-0.869404435,0.494101137,0,-0.494101137,-0.869404435,0,0,0,1],"scale":1.17369998,"type":"maritime_pine_2"}
{"ctxid":0,"pos":[-1894.55005,-93.3310013,149.001007],"rotationMatrix":[-0.805760145,-0.592242002,0,0.592242002,-0.805760145,0,0,0,1],"scale":0.845899999,"type":"maritime_pine_2"}
{"ctxid":0,"pos":[-1896.66003,-89.2475967,148.903],"rotationMatrix":[0.96875,0.248039186,0,-0.248039186,0.96875,0,0,0,1],"scale":1.0079,"type":"maritime_pine_2"}
{"ctxid":0,"pos":[-1888.58997,-126.334,148.994995],"rotationMatrix":[-0.962180376,-0.272413135,0,0.272413135,-0.962180376,0,0,0,1],"scale":1.09879994,"type":"maritime_pine_2"}
{"ctxid":0,"pos":[-1899.63,-142.695999,145.378006],"rotationMatrix":[-0.0822147131,-0.996614635,0,0.996614635,-0.0822147131,0,0,0,1],"scale":1.00929999,"type":"maritime_pine_2"}
{"ctxid":0,"pos":[-1885.09998,-131.559998,149.130005],"rotationMatrix":[-0.720883608,0.693056166,0,-0.693056166,-0.720883608,0,0,0,1],"scale":0.860199988,"type":"maritime_pine_2"}
{"ctxid":0,"pos":[-1880.23999,-150.459,149.110992],"rotationMatrix":[0.0308895111,-0.999522805,0,0.999522805,0.0308895111,0,0,0,1],"scale":0.98269999,"type":"maritime_pine_2"}
{"ctxid":0,"pos":[-1560.13,-653.468994,258.28299],"rotationMatrix":[-0.606348872,-0.795198739,0,0.795198739,-0.606348872,0,0,0,1],"scale":0.896099985,"type":"maritime_pine_2"}
{"ctxid":0,"pos":[-1566.06995,-679.690979,260.040985],"rotationMatrix":[0.0692062378,0.997602403,0,-0.997602403,0.0692062378,0,0,0,1],"scale":0.740100026,"type":"maritime_pine_2"}
{"ctxid":0,"pos":[-1604.39001,-693.031982,255.919998],"rotationMatrix":[-0.763066411,0.646320105,0,-0.646320105,-0.763066411,0,0,0,1],"scale":0.653599977,"type":"maritime_pine_2"}
{"ctxid":0,"pos":[-1112.55005,-1549.51001,162.733994],"rotationMatrix":[-0.416244388,0.909252763,0,-0.909252763,-0.416244388,0,0,0,1],"scale":0.844099998,"type":"maritime_pine_2"}
{"ctxid":0,"pos":[-1113.56006,-1525.48999,166.498993],"rotationMatrix":[0.719499469,-0.694492996,0,0.694492996,0.719499469,0,0,0,1],"scale":1.06309998,"type":"maritime_pine_2"}
{"ctxid":0,"pos":[-1098.35999,-1538.79004,164.337997],"rotationMatrix":[-0.105287075,0.994441867,0,-0.994441867,-0.105287075,0,0,0,1],"scale":1.28890002,"type":"maritime_pine_2"}
{"ctxid":0,"pos":[-1163.38,-1529.14001,166.996994],"rotationMatrix":[-0.877146959,0.480222046,0,-0.480222046,-0.877146959,0,0,0,1],"scale":1.17309999,"type":"maritime_pine_2"}
{"ctxid":0,"pos":[-1171.60999,-1528.21997,167.664993],"rotationMatrix":[-0.528101683,-0.849181116,0,0.849181116,-0.528101683,0,0,0,1],"scale":0.749599993,"type":"maritime_pine_2"}
{"ctxid":0,"pos":[-1167.80005,-1528.31995,167.270004],"rotationMatrix":[0.641634226,-0.767010748,0,0.767010748,0.641634226,0,0,0,1],"scale":1.1652,"type":"maritime_pine_2"}
{"ctxid":0,"pos":[-1224.27002,-1509.18994,170.399002],"rotationMatrix":[0.686684728,-0.726955354,0,0.726955354,0.686684728,0,0,0,1],"scale":0.741400003,"type":"maritime_pine_2"}
{"ctxid":0,"pos":[-1229.25,-1526.89001,169.503998],"rotationMatrix":[0.249687433,0.968326509,0,-0.968326509,0.249687433,0,0,0,1],"scale":1.2457,"type":"maritime_pine_2"}
{"ctxid":0,"pos":[-1237.67004,-1532.93994,169.546005],"rotationMatrix":[-0.348410368,0.937342107,0,-0.937342107,-0.348410368,0,0,0,1],"scale":1.11950004,"type":"maritime_pine_2"}
{"ctxid":0,"pos":[-1242.67004,-1540.30005,167.740997],"rotationMatrix":[0.58266747,0.812710643,0,-0.812710643,0.58266747,0,0,0,1],"scale":0.767199993,"type":"maritime_pine_2"}
{"ctxid":0,"pos":[-1230.75,-1555.25,153.054993],"rotationMatrix":[0.9252702,0.379308671,0,-0.379308671,0.9252702,0,0,0,1],"scale":1.12650001,"type":"maritime_pine_2"}
{"ctxid":0,"pos":[-1230.45996,-1548.81006,157.024002],"rotationMatrix":[-0.364221692,0.931312263,0,-0.931312263,-0.364221692,0,0,0,1],"scale":1.09360003,"type":"maritime_pine_2"}
{"ctxid":0,"pos":[-1235.42004,-1561.43994,151.856995],"rotationMatrix":[-0.0567672253,0.998387456,0,-0.998387456,-0.0567672253,0,0,0,1],"scale":1.26890004,"type":"maritime_pine_2"}
{"ctxid":0,"pos":[-1232.03003,-1569.5,147.673996],"rotationMatrix":[-0.999200225,-0.0399863794,0,0.0399863794,-0.999200225,0,0,0,1],"scale":0.984099984,"type":"maritime_pine_2"}
{"ctxid":0,"pos":[-1238.52002,-1558.87,153.931],"rotationMatrix":[-0.214928746,-0.976629734,0,0.976629734,-0.214928746,0,0,0,1],"scale":0.814899981,"type":"maritime_pine_2"}
{"ctxid":0,"pos":[-1224.65002,-1559.57996,149.345993],"rotationMatrix":[0.969643593,-0.244522601,0,0.244522601,0.969643593,0,0,0,1],"scale":1.09329998,"type":"maritime_pine_2"}
{"ctxid":0,"pos":[-1223.71997,-1562.17004,147.988007],"rotationMatrix":[-0.87986052,0.475232005,0,-0.475232005,-0.87986052,0,0,0,1],"scale":0.942200005,"type":"maritime_pine_2"}
{"ctxid":0,"pos":[-1218.21997,-1557.44995,149.559006],"rotationMatrix":[-0.467184544,0.884159803,0,-0.884159803,-0.467184544,0,0,0,1],"scale":0.911300004,"type":"maritime_pine_2"}
{"ctxid":0,"pos":[-1211.59998,-1553.63,151.123001],"rotationMatrix":[-0.404152751,0.914691508,0,-0.914691508,-0.404152751,0,0,0,1],"scale":1.24030006,"type":"maritime_pine_2"}
{"ctxid":0,"pos":[-1219.51001,-1559.48999,148.576996],"rotationMatrix":[-0.605273604,0.796017528,0,-0.796017528,-0.605273604,0,0,0,1],"scale":0.744400024,"type":"maritime_pine_2"}
{"ctxid":0,"pos":[-1371.57996,-1623.10999,225.929993],"rotationMatrix":[-0.91101253,0.412378669,0,-0.412378669,-0.91101253,0,0,0,1],"scale":0.978999972,"type":"maritime_pine_2"}
{"ctxid":0,"pos":[-1357.89001,-1621.41003,217.931],"rotationMatrix":[0.61156702,-0.791192651,0,0.791192651,0.61156702,0,0,0,1],"scale":0.907500029,"type":"maritime_pine_2"}
{"ctxid":0,"pos":[-1364.23999,-1593.85999,241.432007],"rotationMatrix":[0.999590993,0.0285980217,0,-0.0285980217,0.999590993,0,0,0,1],"scale":1.28079998,"type":"maritime_pine_2"}
{"ctxid":0,"pos":[-1349.30005,-1602.60999,224.106003],"rotationMatrix":[0.762225866,-0.647311151,0,0.647311151,0.762225866,0,0,0,1],"scale":0.92019999,"type":"maritime_pine_2"}
{"ctxid":0,"pos":[-1281.26001,-1544.14001,170.735001],"rotationMatrix":[-0.310580373,0.950547099,0,-0.950547099,-0.310580373,0,0,0,1],"scale":1.15820003,"type":"maritime_pine_2"}
{"ctxid":0,"pos":[-1259.80005,-1526.03003,170.417007],"rotationMatrix":[-0.769832969,0.638245404,0,-0.638245404,-0.769832969,0,0,0,1],"scale":1.07809997,"type":"maritime_pine_2"}
{"ctxid":0,"pos":[-1345.40002,-1643.84998,171.154999],"rotationMatrix":[-0.557800531,0.817708075,0.142169073,-0.827035546,-0.562013626,-0.0123640411,0.0697907805,-0.124475546,0.989765167],"scale":1.22179997,"type":"maritime_pine_2"}
{"ctxid":0,"pos":[-1393,-1613.79004,238.199997],"rotationMatrix":[-0.988416791,-0.151763782,0,0.151763782,-0.988416791,0,0,0,1],"scale":0.703000009,"type":"maritime_pine_2"}
{"ctxid":0,"pos":[-1414.26001,-1613.64001,242.477997],"rotationMatrix":[0.110488892,0.993877351,0,-0.993877351,0.110488892,0,0,0,1],"scale":1.18700004,"type":"maritime_pine_2"}
{"ctxid":0,"pos":[-1422.31995,-1608.60999,246.798996],"rotationMatrix":[-0.944391966,-0.328821868,0,0.328821868,-0.944391966,0,0,0,1],"scale":1.04279995,"type":"maritime_pine_2"}
{"ctxid":0,"pos":[-1435.30005,-1606.79004,249.723007],"rotationMatrix":[0.603237629,0.797561526,0,-0.797561526,0.603237629,0,0,0,1],"scale":1.11889994,"type":"maritime_pine_2"}
{"ctxid":0,"pos":[-1423.47998,-1622.93005,235.830994],"rotationMatrix":[0.20720768,-0.978296995,0,0.978296995,0.20720768,0,0,0,1],"scale":1.08229995,"type":"maritime_pine_2"}
{"ctxid":0,"pos":[-1485.81006,-1614.81995,225.261002],"rotationMatrix":[0.445806026,0.895129621,0,-0.895129621,0.445806026,0,0,0,1],"scale":1.27190006,"type":"maritime_pine_2"}
{"ctxid":0,"pos":[-1494.19995,-1654.88,195.069],"rotationMatrix":[-0.361910105,0.932213008,0,-0.932213008,-0.361910105,0,0,0,1],"scale":1.08469999,"type":"maritime_pine_2"}
{"ctxid":0,"pos":[-1475.37,-1652.5,202.544006],"rotationMatrix":[-0.994803429,-0.101814233,0,0.101814233,-0.994803429,0,0,0,1],"scale":1.17939997,"type":"maritime_pine_2"}
{"ctxid":0,"pos":[-1481.88,-1657.78003,196.537003],"rotationMatrix":[0.895026445,-0.446013063,0,0.446013063,0.895026445,0,0,0,1],"scale":0.910099983,"type":"maritime_pine_2"}
