{"ctxid":0,"pos":[-509.345001,-928.408997,310.011993],"rotationMatrix":[-0.548447967,-0.83618468,0,0.83618468,-0.548447967,0,0,0,1],"scale":0.962100029,"type":"scots_pine_tree"}
{"ctxid":0,"pos":[-1858.88,-2.8836,147.869003],"rotationMatrix":[0.967231989,-0.25389424,0,0.25389424,0.967231989,0,0,0,1],"scale":1.2177,"type":"scots_pine_tree"}
{"ctxid":0,"pos":[-1849.63,-1.68040001,149.453995],"rotationMatrix":[0.968399048,-0.249405861,0,0.249405861,0.968399048,0,0,0,1],"scale":0.708599985,"type":"scots_pine_tree"}
{"ctxid":0,"pos":[-352.541992,1077.29004,209.817001],"rotationMatrix":[-0.986423016,-0.164224342,0,0.164224342,-0.986423016,0,0,0,1],"scale":0.782299995,"type":"scots_pine_tree"}
{"ctxid":0,"pos":[-593.698975,1789.12,143.975998],"rotationMatrix":[0.964834452,0.262858301,0,-0.262858301,0.964834452,0,0,0,1],"scale":1.05560005,"type":"scots_pine_tree"}
{"ctxid":0,"pos":[-568.867004,1797.89001,143.686996],"rotationMatrix":[-0.810323834,-0.585982323,0,0.585982323,-0.810323834,0,0,0,1],"scale":0.719699979,"type":"scots_pine_tree"}
{"ctxid":0,"pos":[-577.544006,1781.69995,143.080994],"rotationMatrix":[0.761950016,-0.647635818,0,0.647635818,0.761950016,0,0,0,1],"scale":0.772800028,"type":"scots_pine_tree"}
{"ctxid":0,"pos":[-567.231018,1786.52002,142.983994],"rotationMatrix":[0.702625275,0.711560071,0,-0.711560071,0.702625275,0,0,0,1],"scale":0.888999999,"type":"scots_pine_tree"}
{"ctxid":0,"pos":[-180.860992,877.883972,202.636993],"rotationMatrix":[-0.897351861,-0.4413158,0,0.4413158,-0.897351861,0,0,0,1],"scale":1.07350004,"type":"scots_pine_tree"}
{"ctxid":0,"pos":[-176.576004,890.184998,200.169006],"rotationMatrix":[0.896123171,0.443805426,0,-0.443805426,0.896123171,0,0,0,1],"scale":1.19309998,"type":"scots_pine_tree"}
{"ctxid":0,"pos":[-190.888,873.153015,202.227997],"rotationMatrix":[-0.5228616,0.852417588,0,-0.852417588,-0.5228616,0,0,0,1],"scale":0.916199982,"type":"scots_pine_tree"}
{"ctxid":0,"pos":[-201.380005,865.499023,203.477997],"rotationMatrix":[-0.880636096,-0.473793268,0,0.473793268,-0.880636096,0,0,0,1],"scale":1.07299995,"type":"scots_pine_tree"}
{"ctxid":0,"pos":[-215.779999,854.411011,204.626007],"rotationMatrix":[0.813705921,-0.581276774,0,0.581276774,0.813705921,0,0,0,1],"scale":0.949100018,"type":"scots_pine_tree"}
{"ctxid":0,"pos":[-228.246002,842.72998,206.559006],"rotationMatrix":[0.728562832,-0.684978962,0,0.684978962,0.728562832,0,0,0,1],"scale":1.14400005,"type":"scots_pine_tree"}
{"ctxid":0,"pos":[-304.402008,971.208008,192.817993],"rotationMatrix":[0.0157954693,-0.999875247,0,0.999875247,0.0157954693,0,0,0,1],"scale":1.12320006,"type":"scots_pine_tree"}
{"ctxid":0,"pos":[-302.501007,876.317993,206.205994],"rotationMatrix":[0.0152342319,-0.99988395,0,0.99988395,0.0152342319,0,0,0,1],"scale":0.866999984,"type":"scots_pine_tree"}
{"ctxid":0,"pos":[-328.359985,965.546021,207.602005],"rotationMatrix":[0.522930861,-0.85237509,0,0.85237509,0.522930861,0,0,0,1],"scale":1.04690003,"type":"scots_pine_tree"}
{"ctxid":0,"pos":[-330.123993,957.440979,207.690994],"rotationMatrix":[0.766208768,0.642591715,0,-0.642591715,0.766208768,0,0,0,1],"scale":0.879199982,"type":"scots_pine_tree"}
{"ctxid":0,"pos":[-334.596985,939.640991,207.117996],"rotationMatrix":[0.952073932,-0.305868,0,0.305868,0.952073932,0,0,0,1],"scale":0.823499978,"type":"scots_pine_tree"}
{"ctxid":0,"pos":[-321.36499,971.374023,203.447006],"rotationMatrix":[-0.0585125685,0.998286664,0,-0.998286664,-0.0585125685,0,0,0,1],"scale":0.823099971,"type":"scots_pine_tree"}
{"ctxid":0,"pos":[-313.371002,886.504028,206.345993],"rotationMatrix":[0.345174313,0.938538611,0,-0.938538611,0.345174313,0,0,0,1],"scale":0.76730001,"type":"scots_pine_tree"}
{"ctxid":0,"pos":[-329.696991,906.708984,207.255005],"rotationMatrix":[0.155000091,-0.987914443,0,0.987914443,0.155000091,0,0,0,1],"scale":1.13699996,"type":"scots_pine_tree"}
{"ctxid":0,"pos":[-318.51001,891.39801,206.824997],"rotationMatrix":[0.73950243,-0.673153877,0,0.673153877,0.73950243,0,0,0,1],"scale":0.764299989,"type":"scots_pine_tree"}
{"ctxid":0,"pos":[-336.983002,914.247009,208.089005],"rotationMatrix":[0.28431344,0.958731413,0,-0.958731413,0.28431344,0,0,0,1],"scale":0.726999998,"type":"scots_pine_tree"}
{"ctxid":0,"pos":[-337.872009,932.416016,207.697998],"rotationMatrix":[0.991601944,0.129327431,0,-0.129327431,0.991601944,0,0,0,1],"scale":0.852100015,"type":"scots_pine_tree"}
{"ctxid":0,"pos":[-335.532013,935.86499,206.811005],"rotationMatrix":[0.692985535,0.720951498,0,-0.720951498,0.692985535,0,0,0,1],"scale":0.739000022,"type":"scots_pine_tree"}
{"ctxid":0,"pos":[-371.006989,879.346008,211.947998],"rotationMatrix":[-0.0445905924,-0.999005318,0,0.999005318,-0.0445905924,0,0,0,1],"scale":1.12849998,"type":"scots_pine_tree"}
{"ctxid":0,"pos":[-372.696991,910.312988,210.684998],"rotationMatrix":[-0.182414293,-0.983221769,0,0.983221769,-0.182414293,0,0,0,1],"scale":0.712400019,"type":"scots_pine_tree"}
{"ctxid":0,"pos":[-364.239014,914.978027,209.957001],"rotationMatrix":[-0.450785756,-0.892632186,0,0.892632186,-0.450785756,0,0,0,1],"scale":1.16170001,"type":"scots_pine_tree"}
{"ctxid":0,"pos":[-371.515991,921.898987,216.835007],"rotationMatrix":[0.827832937,-0.560974717,0,0.560974717,0.827832937,0,0,0,1],"scale":1.05250001,"type":"scots_pine_tree"}
{"ctxid":0,"pos":[-324.144012,894.721985,207.237],"rotationMatrix":[0.994695425,0.102864042,0,-0.102864042,0.994695425,0,0,0,1],"scale":0.737399995,"type":"scots_pine_tree"}
{"ctxid":0,"pos":[-250.121002,850.953003,206.764008],"rotationMatrix":[-0.721625686,0.692283452,0,-0.692283452,-0.721625686,0,0,0,1],"scale":1.26339996,"type":"scots_pine_tree"}
{"ctxid":0,"pos":[-269.177002,857.661987,206.462997],"rotationMatrix":[0.278559208,0.960419059,0,-0.960419059,0.278559208,0,0,0,1],"scale":1.09809995,"type":"scots_pine_tree"}
{"ctxid":0,"pos":[-279.747986,845.072021,207.005997],"rotationMatrix":[0.71271801,-0.701450646,0,0.701450646,0.71271801,0,0,0,1],"scale":0.834399998,"type":"scots_pine_tree"}
{"ctxid":0,"pos":[-270.699005,842.185974,206.582993],"rotationMatrix":[-0.115420461,0.99331671,0,-0.99331671,-0.115420461,0,0,0,1],"scale":1.03129995,"type":"scots_pine_tree"}
{"ctxid":0,"pos":[-250.378998,831.656006,207.143005],"rotationMatrix":[0.655217886,-0.755439937,0,0.755439937,0.655217886,0,0,0,1],"scale":0.702899992,"type":"scots_pine_tree"}
{"ctxid":0,"pos":[-254.496002,823.765991,209.427002],"rotationMatrix":[-0.597399354,0.801943898,0,-0.801943898,-0.597399354,0,0,0,1],"scale":1.11389995,"type":"scots_pine_tree"}
{"ctxid":0,"pos":[-258.15799,813.265015,213.552002],"rotationMatrix":[-0.157024622,0.987594664,0,-0.987594664,-0.157024622,0,0,0,1],"scale":1.12779999,"type":"scots_pine_tree"}
{"ctxid":0,"pos":[-273.306,817.143005,217.876999],"rotationMatrix":[0.514099121,-0.857730806,0,0.857730806,0.514099121,0,0,0,1],"scale":0.790600002,"type":"scots_pine_tree"}
{"ctxid":0,"pos":[-293.200012,866.844971,206.322006],"rotationMatrix":[-0.745085478,-0.666969001,0,0.666969001,-0.745085478,0,0,0,1],"scale":1.15409994,"type":"scots_pine_tree"}
{"ctxid":0,"pos":[-285.80899,835.958008,214.682007],"rotationMatrix":[-0.996801257,-0.0799202994,0,0.0799202994,-0.996801257,0,0,0,1],"scale":1.02059996,"type":"scots_pine_tree"}
{"ctxid":0,"pos":[-285.485992,841.354004,211.643997],"rotationMatrix":[-0.850503206,0.525969863,0,-0.525969863,-0.850503206,0,0,0,1],"scale":1.10450006,"type":"scots_pine_tree"}
{"ctxid":0,"pos":[-268.489014,810.435974,218.350998],"rotationMatrix":[0.782199979,0.623027444,0,-0.623027444,0.782199979,0,0,0,1],"scale":1.20739996,"type":"scots_pine_tree"}
{"ctxid":0,"pos":[-377.924988,891.497986,211.798004],"rotationMatrix":[0.00594997406,0.999982297,0,-0.999982297,0.00594997406,0,0,0,1],"scale":0.878899992,"type":"scots_pine_tree"}
{"ctxid":0,"pos":[-377.15799,901.739014,210.979004],"rotationMatrix":[-0.966541052,0.256511986,0,-0.256511986,-0.966541052,0,0,0,1],"scale":1.19749999,"type":"scots_pine_tree"}
{"ctxid":0,"pos":[-387.881989,918.229004,229.218994],"rotationMatrix":[0.192533731,-0.98129034,0,0.98129034,0.192533731,0,0,0,1],"scale":0.980000019,"type":"scots_pine_tree"}
{"ctxid":0,"pos":[-381.966003,919.788025,224.828003],"rotationMatrix":[-0.930219531,-0.36700356,0,0.36700356,-0.930219531,0,0,0,1],"scale":1.26409996,"type":"scots_pine_tree"}
{"ctxid":0,"pos":[-402.449005,676.486023,250.201004],"rotationMatrix":[0.767996073,-0.640454173,0,0.640454173,0.767996073,0,0,0,1],"scale":0.956799984,"type":"scots_pine_tree"}
{"ctxid":0,"pos":[-410.953003,654.802002,251.770004],"rotationMatrix":[-0.298305035,-0.954470575,0,0.954470575,-0.298305035,0,0,0,1],"scale":1.08770001,"type":"scots_pine_tree"}
{"ctxid":0,"pos":[-416.341003,658.241028,253.923004],"rotationMatrix":[0.732673287,-0.680580556,0,0.680580556,0.732673287,0,0,0,1],"scale":1.15719998,"type":"scots_pine_tree"}
{"ctxid":0,"pos":[-420.046997,640.836975,252.451004],"rotationMatrix":[0.661993623,0.749509454,0,-0.749509454,0.661993623,0,0,0,1],"scale":0.926400006,"type":"scots_pine_tree"}
{"ctxid":0,"pos":[-427.811005,631.422974,252.822998],"rotationMatrix":[-0.127401352,0.99185127,0,-0.99185127,-0.127401352,0,0,0,1],"scale":0.935100019,"type":"scots_pine_tree"}
{"ctxid":0,"pos":[-402.13501,634.262024,251.561005],"rotationMatrix":[0.937624931,0.347648501,0,-0.347648501,0.937624931,0,0,0,1],"scale":1.08969998,"type":"scots_pine_tree"}
{"ctxid":0,"pos":[-387.355988,675.258972,249.710007],"rotationMatrix":[-0.71939981,0.694596231,0,-0.694596231,-0.71939981,0,0,0,1],"scale":1.21089995,"type":"scots_pine_tree"}
{"ctxid":0,"pos":[-386.540985,703.609009,248.716995],"rotationMatrix":[-0.828636885,-0.559786499,0,0.559786499,-0.828636885,0,0,0,1],"scale":0.977100015,"type":"scots_pine_tree"}
{"ctxid":0,"pos":[-405.497986,690.424011,251.013],"rotationMatrix":[-0.943209052,0.332199752,0,-0.332199752,-0.943209052,0,0,0,1],"scale":0.808600008,"type":"scots_pine_tree"}
{"ctxid":0,"pos":[-401.174011,699.781982,249.233994],"rotationMatrix":[-0.838211417,-0.545345426,0,0.545345426,-0.838211417,0,0,0,1],"scale":1.11769998,"type":"scots_pine_tree"}
{"ctxid":0,"pos":[-386.893005,689.20697,249.391006],"rotationMatrix":[0.999925613,-0.0121970344,0,0.0121970344,0.999925613,0,0,0,1],"scale":0.720700026,"type":"scots_pine_tree"}
{"ctxid":0,"pos":[-387.799011,649.429016,249.003006],"rotationMatrix":[0.778754473,0.627328813,0,-0.627328813,0.778754473,0,0,0,1],"scale":1.10730004,"type":"scots_pine_tree"}
{"ctxid":0,"pos":[-399.341003,627.528015,248.709],"rotationMatrix":[-0.970906496,-0.239458919,0,0.239458919,-0.970906496,0,0,0,1],"scale":0.882399976,"type":"scots_pine_tree"}
{"ctxid":0,"pos":[-428.152008,640.169006,255.535004],"rotationMatrix":[-0.888013124,-0.459818095,0,0.459818095,-0.888013124,0,0,0,1],"scale":1.20369995,"type":"scots_pine_tree"}
{"ctxid":0,"pos":[-411.691986,624.367981,252.087006],"rotationMatrix":[0.661335468,0.750090241,0,-0.750090241,0.661335468,0,0,0,1],"scale":1.06840003,"type":"scots_pine_tree"}
{"ctxid":0,"pos":[-618.770996,621.396973,263.881989],"rotationMatrix":[0.695019484,-0.718990922,0,0.718990922,0.695019484,0,0,0,1],"scale":0.832099974,"type":"scots_pine_tree"}
{"ctxid":0,"pos":[-675.145874,632.018311,265.382019],"rotationMatrix":[-0.066968441,0.99775511,0,-0.99775511,-0.066968441,0,0,0,1],"scale":1.14419997,"type":"scots_pine_tree"}
{"ctxid":0,"pos":[-648.945007,640.565979,264.89801],"rotationMatrix":[0.993225574,-0.116202228,0,0.116202228,0.993225574,0,0,0,1],"scale":0.900900006,"type":"scots_pine_tree"}
{"ctxid":0,"pos":[-626.929993,626.362,263.987],"rotationMatrix":[0.631231308,-0.775594652,0,0.775594652,0.631231308,0,0,0,1],"scale":1.13489997,"type":"scots_pine_tree"}
{"ctxid":0,"pos":[-677.062744,657.579834,267.818542],"rotationMatrix":[-0.254844904,0.966981947,0,-0.966981947,-0.254844904,0,0,0,1],"scale":0.986199975,"type":"scots_pine_tree"}
{"ctxid":0,"pos":[-684.671997,678.278015,283.476013],"rotationMatrix":[0.679199457,-0.733953714,0,0.733953714,0.679199457,0,0,0,1],"scale":0.947600007,"type":"scots_pine_tree"}
{"ctxid":0,"pos":[-734.882996,691.138,280.46701],"rotationMatrix":[0.999992013,0.00399674615,0,-0.00399674615,0.999992013,0,0,0,1],"scale":0.908100009,"type":"scots_pine_tree"}
{"ctxid":0,"pos":[-722.65802,691.698975,281.272003],"rotationMatrix":[-0.546337008,-0.837565422,0,0.837565422,-0.546337008,0,0,0,1],"scale":0.900200009,"type":"scots_pine_tree"}
{"ctxid":0,"pos":[-690.763977,669.742004,268.723999],"rotationMatrix":[0.990779161,0.135486722,0,-0.135486722,0.990779161,0,0,0,1],"scale":1.03659999,"type":"scots_pine_tree"}
{"ctxid":0,"pos":[-708.078003,678.210999,269.128998],"rotationMatrix":[0.338289857,0.941041946,0,-0.941041946,0.338289857,0,0,0,1],"scale":1.12960005,"type":"scots_pine_tree"}
{"ctxid":0,"pos":[-702.031982,672.857971,267.972992],"rotationMatrix":[0.414854407,-0.909887791,0,0.909887791,0.414854407,0,0,0,1],"scale":0.999499977,"type":"scots_pine_tree"}
{"ctxid":0,"pos":[-730.796997,677.346008,269.096985],"rotationMatrix":[-0.323889971,0.946094751,0,-0.946094751,-0.323889971,0,0,0,1],"scale":1.14269996,"type":"scots_pine_tree"}
{"ctxid":0,"pos":[-730.119995,644.630981,264.048889],"rotationMatrix":[0.517445087,-0.855716407,0,0.855716407,0.517445087,0,0,0,1],"scale":1.06239998,"type":"scots_pine_tree"}
{"ctxid":0,"pos":[-721.643982,642.895996,263.598907],"rotationMatrix":[-0.0954960585,-0.995429814,0,0.995429814,-0.0954960585,0,0,0,1],"scale":0.975700021,"type":"scots_pine_tree"}
{"ctxid":0,"pos":[-712.734985,651.530029,267.298004],"rotationMatrix":[-0.977265,0.2120215,0,-0.2120215,-0.977265,0,0,0,1],"scale":1.18309999,"type":"scots_pine_tree"}
{"ctxid":0,"pos":[-722.088013,659.216003,267.842987],"rotationMatrix":[-0.987619281,0.156869873,0,-0.156869873,-0.987619281,0,0,0,1],"scale":1.08379996,"type":"scots_pine_tree"}
{"ctxid":0,"pos":[-734.031006,657.289001,268.871002],"rotationMatrix":[0.879852057,-0.475247681,0,0.475247681,0.879852057,0,0,0,1],"scale":0.983399987,"type":"scots_pine_tree"}
{"ctxid":0,"pos":[-747.848022,618.544983,264.675995],"rotationMatrix":[-0.175044537,0.98456049,0,-0.98456049,-0.175044537,0,0,0,1],"scale":1.19289994,"type":"scots_pine_tree"}
{"ctxid":0,"pos":[-781.934998,637.406006,272.140015],"rotationMatrix":[0.808543324,-0.588436663,0,0.588436663,0.808543324,0,0,0,1],"scale":0.965699971,"type":"scots_pine_tree"}
{"ctxid":0,"pos":[-777.93103,639.085999,270.585999],"rotationMatrix":[0.0239161253,-0.999713957,0,0.999713957,0.0239161253,0,0,0,1],"scale":0.949000001,"type":"scots_pine_tree"}
{"ctxid":0,"pos":[-767.211975,652.90802,270.988007],"rotationMatrix":[-0.999200225,0.0399863794,0,-0.0399863794,-0.999200225,0,0,0,1],"scale":0.837000012,"type":"scots_pine_tree"}
{"ctxid":0,"pos":[-751.572021,681.471985,278.324005],"rotationMatrix":[0.995392084,-0.0958884731,0,0.0958884731,0.995392084,0,0,0,1],"scale":0.825299978,"type":"scots_pine_tree"}
{"ctxid":0,"pos":[-756.656006,673.838013,275.45401],"rotationMatrix":[-0.929433823,-0.368988842,0,0.368988842,-0.929433823,0,0,0,1],"scale":0.839699984,"type":"scots_pine_tree"}
{"ctxid":0,"pos":[-760.903992,631.593994,269.283997],"rotationMatrix":[-0.000546574593,-0.999999821,0,0.999999821,-0.000546574593,0,0,0,1],"scale":0.989799976,"type":"scots_pine_tree"}
{"ctxid":0,"pos":[-792.060974,623.241028,271.649994],"rotationMatrix":[-0.44738102,0.894343436,0,-0.894343436,-0.44738102,0,0,0,1],"scale":1.16240001,"type":"scots_pine_tree"}
{"ctxid":0,"pos":[-801.622009,606.633972,272.912994],"rotationMatrix":[0.921512842,0.388347894,0,-0.388347894,0.921512842,0,0,0,1],"scale":1.00950003,"type":"scots_pine_tree"}
{"ctxid":0,"pos":[-774.210999,615.140015,270.074005],"rotationMatrix":[0.829238296,-0.55889523,0,0.55889523,0.829238296,0,0,0,1],"scale":0.94749999,"type":"scots_pine_tree"}
{"ctxid":0,"pos":[-766.903015,593.291992,264.97644],"rotationMatrix":[0.918311119,-0.39585942,0,0.39585942,0.918311119,0,0,0,1],"scale":0.92750001,"type":"scots_pine_tree"}
{"ctxid":0,"pos":[-771.624023,571.840027,263.334991],"rotationMatrix":[0.994633436,-0.10346172,0,0.10346172,0.994633436,0,0,0,1],"scale":1.09940004,"type":"scots_pine_tree"}
{"ctxid":0,"pos":[-758,572,264],"rotationMatrix":[0.125100017,-0.992144108,0,0.992144108,0.125100017,0,0,0,1],"scale":1.18760002,"type":"scots_pine_tree"}
{"ctxid":0,"pos":[-783.935974,604.29303,270.033997],"rotationMatrix":[-0.397123218,0.917765319,0,-0.917765319,-0.397123218,0,0,0,1],"scale":1.0273,"type":"scots_pine_tree"}
{"ctxid":0,"pos":[-778.085022,550.439026,263.584991],"rotationMatrix":[-0.92158401,-0.388178974,0,0.388178974,-0.92158401,0,0,0,1],"scale":1.08010006,"type":"scots_pine_tree"}
{"ctxid":0,"pos":[-775.591003,555.291992,263.523987],"rotationMatrix":[0.907979488,-0.419014603,0,0.419014603,0.907979488,0,0,0,1],"scale":0.817300022,"type":"scots_pine_tree"}
{"ctxid":0,"pos":[-772.72937,530.165405,263.325104],"rotationMatrix":[0.341507077,0.939879179,0,-0.939879179,0.341507077,0,0,0,1],"scale":0.990499973,"type":"scots_pine_tree"}
{"ctxid":0,"pos":[-754.922974,542.978027,262.31781],"rotationMatrix":[-0.878697395,0.477379173,0,-0.477379173,-0.878697395,0,0,0,1],"scale":1.07480001,"type":"scots_pine_tree"}
{"ctxid":0,"pos":[-813.153015,501.246002,266.662994],"rotationMatrix":[0.990833402,0.135089487,0,-0.135089487,0.990833402,0,0,0,1],"scale":0.880400002,"type":"scots_pine_tree"}
{"ctxid":0,"pos":[-813.179993,490.841003,264.907013],"rotationMatrix":[-0.87327373,0.487229913,0,-0.487229913,-0.87327373,0,0,0,1],"scale":0.836499989,"type":"scots_pine_tree"}
{"ctxid":0,"pos":[-919.719971,339.885986,262.041992],"rotationMatrix":[-0.580641985,-0.814158976,0,0.814158976,-0.580641985,0,0,0,1],"scale":1.1207,"type":"scots_pine_tree"}
{"ctxid":0,"pos":[-919.117981,331.846008,258.175995],"rotationMatrix":[0.998175859,0.0603734516,0,-0.0603734516,0.998175859,0,0,0,1],"scale":0.891099989,"type":"scots_pine_tree"}
{"ctxid":0,"pos":[-935.362976,299.257996,259.011993],"rotationMatrix":[-0.999599934,-0.0282837879,0,0.0282837879,-0.999599934,0,0,0,1],"scale":1.02810001,"type":"scots_pine_tree"}
{"ctxid":0,"pos":[-954.30603,271.007996,259.371002],"rotationMatrix":[0.391254187,0.920282662,0,-0.920282662,0.391254187,0,0,0,1],"scale":0.820299983,"type":"scots_pine_tree"}
{"ctxid":0,"pos":[-954.330017,275.416992,261.632996],"rotationMatrix":[-0.105287075,-0.994441867,0,0.994441867,-0.105287075,0,0,0,1],"scale":1.1336,"type":"scots_pine_tree"}
{"ctxid":0,"pos":[-931.047974,216.628998,252.315002],"rotationMatrix":[-0.632263184,-0.77475369,0,0.77475369,-0.632263184,0,0,0,1],"scale":0.850499988,"type":"scots_pine_tree"}
{"ctxid":0,"pos":[-1163.46997,757.112,370.269989],"rotationMatrix":[-0.950707674,-0.310088575,0,0.310088575,-0.950707674,0,0,0,1],"scale":0.762700021,"type":"scots_pine_tree"}
{"ctxid":0,"pos":[-1160.67004,744.346008,372.110992],"rotationMatrix":[0.23763442,0.971354663,0,-0.971354663,0.23763442,0,0,0,1],"scale":1.12510002,"type":"scots_pine_tree"}
{"ctxid":0,"pos":[-1173.35999,743.038025,367.420013],"rotationMatrix":[-0.832080722,0.554654539,0,-0.554654539,-0.832080722,0,0,0,1],"scale":0.888599992,"type":"scots_pine_tree"}
{"ctxid":0,"pos":[-1165.85999,732.570984,370.623993],"rotationMatrix":[-0.190988541,-0.980309606,-0.0501642078,0.978420377,-0.194227695,0.0704924539,-0.0788477063,-0.0356184319,0.996250153],"scale":1.19819999,"type":"scots_pine_tree"}
{"ctxid":0,"pos":[-1278.47998,771.549988,336.149994],"rotationMatrix":[0.842863798,-0.538126945,0,0.538126945,0.842863798,0,0,0,1],"scale":1.03659999,"type":"scots_pine_tree"}
{"ctxid":0,"pos":[-1275.63,780.312012,336.509003],"rotationMatrix":[-0.812988758,-0.582279384,0,0.582279384,-0.812988758,0,0,0,1],"scale":0.773000002,"type":"scots_pine_tree"}
{"ctxid":0,"pos":[-1282.13,760.682983,337.243988],"rotationMatrix":[-0.758937597,-0.65116334,0,0.65116334,-0.758937597,0,0,0,1],"scale":1.06949997,"type":"scots_pine_tree"}
{"ctxid":0,"pos":[-1459.02002,881.127014,236.742996],"rotationMatrix":[-0.983235359,-0.182340965,0,0.182340965,-0.983235359,0,0,0,1],"scale":0.987900019,"type":"scots_pine_tree"}
{"ctxid":0,"pos":[-1473.95996,890.333008,238.574005],"rotationMatrix":[-0.502684474,0.864469945,0,-0.864469945,-0.502684474,0,0,0,1],"scale":0.75999999,"type":"scots_pine_tree"}
{"ctxid":0,"pos":[-1754.43994,71.9834976,148.440994],"rotationMatrix":[0.762501717,0.646986187,0,-0.646986187,0.762501717,0,0,0,1],"scale":0.741299987,"type":"scots_pine_tree"}
{"ctxid":0,"pos":[-1763.82996,57.3367996,148.744003],"rotationMatrix":[0.348374724,-0.93735534,0,0.93735534,0.348374724,0,0,0,1],"scale":1.13230002,"type":"scots_pine_tree"}
{"ctxid":0,"pos":[-1778.79004,34.5859985,148.789001],"rotationMatrix":[0.784963131,-0.61954248,0,0.61954248,0.784963131,0,0,0,1],"scale":1.14690006,"type":"scots_pine_tree"}
{"ctxid":0,"pos":[-1770.52002,44.975399,149.222],"rotationMatrix":[-0.384448051,0.923146605,0,-0.923146605,-0.384448051,0,0,0,1],"scale":1.28649998,"type":"scots_pine_tree"}
{"ctxid":0,"pos":[-1787.21997,28.9115009,148.059998],"rotationMatrix":[-0.746580362,-0.665295243,0,0.665295243,-0.746580362,0,0,0,1],"scale":1.2658,"type":"scots_pine_tree"}
{"ctxid":0,"pos":[-1811.52002,12.5431004,148.395004],"rotationMatrix":[0.113154411,0.993577421,0,-0.993577421,0.113154411,0,0,0,1],"scale":0.962100029,"type":"scots_pine_tree"}
{"ctxid":0,"pos":[-1800.16003,20.4535999,147.802994],"rotationMatrix":[-0.0839807987,0.996467352,0,-0.996467352,-0.0839807987,0,0,0,1],"scale":0.923699975,"type":"scots_pine_tree"}
{"ctxid":0,"pos":[-1820,4.82149982,149.878006],"rotationMatrix":[0.873897552,-0.486110151,0,0.486110151,0.873897552,0,0,0,1],"scale":0.718800008,"type":"scots_pine_tree"}
{"ctxid":0,"pos":[-1795.08997,1.20060003,151.367004],"rotationMatrix":[0.0574355125,0.99834919,0,-0.99834919,0.0574355125,0,0,0,1],"scale":1.18529999,"type":"scots_pine_tree"}
{"ctxid":0,"pos":[1278.03003,-243.231995,177.811005],"rotationMatrix":[-0.267550468,-0.963543832,0,0.963543832,-0.267550468,0,0,0,1],"scale":0.773999989,"type":"scots_pine_tree"}
{"ctxid":0,"pos":[1243.82996,-255.973999,179.350006],"rotationMatrix":[-0.994403958,0.105644532,0,-0.105644532,-0.994403958,0,0,0,1],"scale":0.725499988,"type":"scots_pine_tree"}
{"ctxid":0,"pos":[1216.69995,-262.082001,180.511002],"rotationMatrix":[-0.891512632,-0.452995837,0,0.452995837,-0.891512632,0,0,0,1],"scale":1.0898,"type":"scots_pine_tree"}
{"ctxid":0,"pos":[1232.84998,-258.121002,179.921005],"rotationMatrix":[0.818798065,0.574081659,0,-0.574081659,0.818798065,0,0,0,1],"scale":0.926299989,"type":"scots_pine_tree"}
{"ctxid":0,"pos":[1758.39001,-1057.34998,147.996002],"rotationMatrix":[0.287898183,-0.957661033,0,0.957661033,0.287898183,0,0,0,1],"scale":1.19369996,"type":"scots_pine_tree"}
{"ctxid":0,"pos":[1760.65002,-1013.81,152.5],"rotationMatrix":[-0.815655589,0.578537762,0,-0.578537762,-0.815655589,0,0,0,1],"scale":0.910700023,"type":"scots_pine_tree"}
{"ctxid":0,"pos":[1774.60999,-1013.25,152.964005],"rotationMatrix":[0.185656786,0.982614636,0,-0.982614636,0.185656786,0,0,0,1],"scale":0.823899984,"type":"scots_pine_tree"}
{"ctxid":0,"pos":[1833.10999,-1231.21997,153.597],"rotationMatrix":[-0.762315512,0.647205591,0,-0.647205591,-0.762315512,0,0,0,1],"scale":1.10979998,"type":"scots_pine_tree"}
{"ctxid":0,"pos":[1755.03003,-1173.04004,152.839005],"rotationMatrix":[0.995512486,-0.0946296081,0,0.0946296081,0.995512486,0,0,0,1],"scale":0.859300017,"type":"scots_pine_tree"}
{"ctxid":0,"pos":[1767.27002,-1154.44995,152.278],"rotationMatrix":[-0.925899386,0.377770215,0,-0.377770215,-0.925899386,0,0,0,1],"scale":1.12380004,"type":"scots_pine_tree"}
{"ctxid":0,"pos":[1789.75171,-1202.27295,152.778],"rotationMatrix":[-0.45929268,-0.888284922,0,0.888284922,-0.45929268,0,0,0,1],"scale":1.09710002,"type":"scots_pine_tree"}
{"ctxid":0,"pos":[1738.32996,-1060.70996,148.964996],"rotationMatrix":[0.0811743736,0.996699929,0,-0.996699929,0.0811743736,0,0,0,1],"scale":1.08399999,"type":"scots_pine_tree"}
{"ctxid":0,"pos":[1734.95996,-1069.63,148.669006],"rotationMatrix":[0.555375457,-0.831599712,0,0.831599712,0.555375457,0,0,0,1],"scale":1.04190004,"type":"scots_pine_tree"}
{"ctxid":0,"pos":[1690.60999,-1100.26001,152.179001],"rotationMatrix":[-0.948732853,0.31607905,0,-0.31607905,-0.948732853,0,0,0,1],"scale":1.02750003,"type":"scots_pine_tree"}
{"ctxid":0,"pos":[1687.26001,-1055.92004,155.018997],"rotationMatrix":[-0.758562446,0.651600361,0,-0.651600361,-0.758562446,0,0,0,1],"scale":0.935699999,"type":"scots_pine_tree"}
{"ctxid":0,"pos":[1661.02002,-1123.28003,154.048996],"rotationMatrix":[0.830870748,-0.556465447,0,0.556465447,0.830870748,0,0,0,1],"scale":0.981299996,"type":"scots_pine_tree"}
{"ctxid":0,"pos":[1681.94995,-1064.03003,155.126999],"rotationMatrix":[-0.253577828,0.967314959,0,-0.967314959,-0.253577828,0,0,0,1],"scale":0.840600014,"type":"scots_pine_tree"}
{"ctxid":0,"pos":[1632.30005,-1068.71997,161.380005],"rotationMatrix":[0.006513834,0.999978781,0,-0.999978781,0.006513834,0,0,0,1],"scale":0.80250001,"type":"scots_pine_tree"}
{"ctxid":0,"pos":[1686.56006,-1073.31006,152.516998],"rotationMatrix":[0.614909172,-0.788597941,0,0.788597941,0.614909172,0,0,0,1],"scale":1.06140006,"type":"scots_pine_tree"}
{"ctxid":0,"pos":[1749.21997,-1181.25,154.449005],"rotationMatrix":[-0.980846047,0.194784582,0,-0.194784582,-0.980846047,0,0,0,1],"scale":1.12170005,"type":"scots_pine_tree"}
{"ctxid":0,"pos":[1652.42004,-1156.68005,159.369003],"rotationMatrix":[-0.223673582,0.974664092,0,-0.974664092,-0.223673582,0,0,0,1],"scale":0.976899981,"type":"scots_pine_tree"}
{"ctxid":0,"pos":[1635.47998,-1151.19995,160.285004],"rotationMatrix":[0.635683537,-0.771949768,0,0.771949768,0.635683537,0,0,0,1],"scale":1.10590005,"type":"scots_pine_tree"}
{"ctxid":0,"pos":[1660.08997,-1145.29004,156.940994],"rotationMatrix":[0.982924461,-0.184009522,0,0.184009522,0.982924461,0,0,0,1],"scale":0.850899994,"type":"scots_pine_tree"}
{"ctxid":0,"pos":[1679.19995,-1128.16003,154.031006],"rotationMatrix":[-1,0,0,0,-1,0,0,0,1],"scale":0.958299994,"type":"scots_pine_tree"}
{"ctxid":0,"pos":[1684.18994,-1231.65002,169.701004],"rotationMatrix":[-0.12559998,0.992080986,0,-0.992080986,-0.12559998,0,0,0,1],"scale":1.08270001,"type":"scots_pine_tree"}
{"ctxid":0,"pos":[1608.59998,-1053.08997,167.979996],"rotationMatrix":[-0.932971239,0.35995093,0,-0.35995093,-0.932971239,0,0,0,1],"scale":0.842400014,"type":"scots_pine_tree"}
{"ctxid":0,"pos":[1624.59998,-1063.15002,163.524994],"rotationMatrix":[0.617012501,0.78695333,0,-0.78695333,0.617012501,0,0,0,1],"scale":0.955500007,"type":"scots_pine_tree"}
{"ctxid":0,"pos":[1578.47998,-1085.54004,169.645996],"rotationMatrix":[0.998294711,-0.0583752505,0,0.0583752505,0.998294711,0,0,0,1],"scale":0.949699998,"type":"scots_pine_tree"}
{"ctxid":0,"pos":[1585.47998,-1076.18005,168.843994],"rotationMatrix":[-0.974879503,0.222732916,0,-0.222732916,-0.974879503,0,0,0,1],"scale":0.846000016,"type":"scots_pine_tree"}
{"ctxid":0,"pos":[1588.68005,-1078.15002,168.828003],"rotationMatrix":[-0.825960517,-0.563727975,0,0.563727975,-0.825960517,0,0,0,1],"scale":0.840600014,"type":"scots_pine_tree"}
{"ctxid":0,"pos":[1616.60999,-1076.26001,163.182999],"rotationMatrix":[-0.994803429,-0.101814233,0,0.101814233,-0.994803429,0,0,0,1],"scale":1.05429995,"type":"scots_pine_tree"}
{"ctxid":0,"pos":[1610.75,-1161.03003,165.063004],"rotationMatrix":[-0.679211378,-0.733942688,0,0.733942688,-0.679211378,0,0,0,1],"scale":0.816999972,"type":"scots_pine_tree"}
{"ctxid":0,"pos":[1617.15002,-1209.97998,172.720993],"rotationMatrix":[-1,0,0,0,-1,0,0,0,1],"scale":1.16700006,"type":"scots_pine_tree"}
{"ctxid":0,"pos":[1597.93005,-1198.38,169.876999],"rotationMatrix":[-0.994403958,-0.105644532,0,0.105644532,-0.994403958,0,0,0,1],"scale":1.16299999,"type":"scots_pine_tree"}
{"ctxid":0,"pos":[1593.80005,-1214.92004,177.973007],"rotationMatrix":[-0.977265,0.2120215,0,-0.2120215,-0.977265,0,0,0,1],"scale":1.14530003,"type":"scots_pine_tree"}
{"ctxid":0,"pos":[1552.57996,-1174.41003,169.731995],"rotationMatrix":[-0.495758057,-0.868460655,0,0.868460655,-0.495758057,0,0,0,1],"scale":1.07749999,"type":"scots_pine_tree"}
{"ctxid":0,"pos":[1480.71997,-1240.34998,267.903992],"rotationMatrix":[-0.978458285,0.206444621,0,-0.206444621,-0.978458285,0,0,0,1],"scale":0.758400023,"type":"scots_pine_tree"}
{"ctxid":0,"pos":[1477.08997,-1238.62,268.903992],"rotationMatrix":[-0.21929729,-0.975658059,0,0.975658059,-0.21929729,0,0,0,1],"scale":0.707899988,"type":"scots_pine_tree"}
{"ctxid":0,"pos":[1468.35999,-1244.96997,268.846985],"rotationMatrix":[0.662688255,-0.748895347,1.99170481e-05,0.746142745,0.660250187,-0.085678108,0.0641507879,0.0567927361,0.99632287],"scale":0.919099987,"type":"scots_pine_tree"}
{"ctxid":0,"pos":[1451.38,-1233.05005,269.321014],"rotationMatrix":[0.735541105,0.661677539,-0.145472065,-0.668787122,0.743453979,4.39834803e-05,0.108180888,0.0972574875,0.989362359],"scale":1.20239997,"type":"scots_pine_tree"}
{"ctxid":0,"pos":[1447.42004,-1219.28003,268.382996],"rotationMatrix":[-0.985227346,0.171251506,0,-0.171251506,-0.985227346,0,0,0,1],"scale":1.09029996,"type":"scots_pine_tree"}
{"ctxid":0,"pos":[1496.58997,-1263.16003,268.891998],"rotationMatrix":[-0.800822377,-0.598901927,0,0.598901927,-0.800822377,0,0,0,1],"scale":0.760699987,"type":"scots_pine_tree"}
{"ctxid":0,"pos":[1490.71997,-1259.73999,268.884003],"rotationMatrix":[0.645686388,0.763602674,0,-0.763602674,0.645686388,0,0,0,1],"scale":1.18410003,"type":"scots_pine_tree"}
{"ctxid":0,"pos":[831.940002,-90.1769028,229.261002],"rotationMatrix":[0.81504631,-0.579395831,0,0.579395831,0.81504631,0,0,0,1],"scale":1.05680001,"type":"scots_pine_tree"}
{"ctxid":0,"pos":[839.090027,-97.7853012,229.328995],"rotationMatrix":[-0.971700907,0.236214623,0,-0.236214623,-0.971700907,0,0,0,1],"scale":0.888999999,"type":"scots_pine_tree"}
{"ctxid":0,"pos":[854.497009,-100.197998,229.798996],"rotationMatrix":[0.917419553,-0.397921294,0,0.397921294,0.917419553,0,0,0,1],"scale":1.13450003,"type":"scots_pine_tree"}
{"ctxid":0,"pos":[130.335007,-184.505997,185.003998],"rotationMatrix":[0.682236075,-0.731131971,0,0.731131971,0.682236075,0,0,0,1],"scale":0.769200027,"type":"scots_pine_tree"}
{"ctxid":0,"pos":[134.470993,-191.783005,184.942001],"rotationMatrix":[-0.824432015,-0.565961003,0,0.565961003,-0.824432015,0,0,0,1],"scale":1.08640003,"type":"scots_pine_tree"}
{"ctxid":0,"pos":[381.390015,-700.939026,258.73999],"rotationMatrix":[0.9661479,0.25798884,0,-0.25798884,0.9661479,0,0,0,1],"scale":0.850000024,"type":"scots_pine_tree"}
{"ctxid":0,"pos":[371.42099,-702.942993,264.296997],"rotationMatrix":[-0.614604592,-0.788835347,0,0.788835347,-0.614604592,0,0,0,1],"scale":0.858900011,"type":"scots_pine_tree"}
{"ctxid":0,"pos":[367.274994,-697.528015,271.617004],"rotationMatrix":[-0.999599934,-0.0282837879,0,0.0282837879,-0.999599934,0,0,0,1],"scale":1.13080001,"type":"scots_pine_tree"}
{"ctxid":0,"pos":[348.968994,-703.538025,275.261993],"rotationMatrix":[-0.269143105,-0.963100195,0,0.963100195,-0.269143105,0,0,0,1],"scale":0.856999993,"type":"scots_pine_tree"}
{"ctxid":0,"pos":[348.348999,-715.377014,263.489014],"rotationMatrix":[-0.751817465,0.659371316,0,-0.659371316,-0.751817465,0,0,0,1],"scale":0.977999985,"type":"scots_pine_tree"}
{"ctxid":0,"pos":[295.265991,-732.22699,268.743011],"rotationMatrix":[0.975975752,0.217879161,0,-0.217879161,0.975975752,0,0,0,1],"scale":0.869700015,"type":"scots_pine_tree"}
{"ctxid":0,"pos":[290.721985,-728.671021,274.265015],"rotationMatrix":[0.952012062,0.306060493,0,-0.306060493,0.952012062,0,0,0,1],"scale":1.2277,"type":"scots_pine_tree"}
{"ctxid":0,"pos":[299.096985,-728.21698,271.106995],"rotationMatrix":[-0.962972999,0.269597858,0,-0.269597858,-0.962972999,0,0,0,1],"scale":1.26600003,"type":"scots_pine_tree"}
{"ctxid":0,"pos":[133.848999,-1318.41003,400.031006],"rotationMatrix":[0.749367952,0.66215384,0,-0.66215384,0.749367952,0,0,0,1],"scale":1.07990003,"type":"scots_pine_tree"}
{"ctxid":0,"pos":[134.826996,-1323.07996,404.723999],"rotationMatrix":[0.929612398,-0.368538707,0,0.368538707,0.929612398,0,0,0,1],"scale":1.17789996,"type":"scots_pine_tree"}
{"ctxid":0,"pos":[1739.47998,1074.08997,142.054993],"rotationMatrix":[-0.750320554,-0.661074162,0,0.661074162,-0.750320554,0,0,0,1],"scale":0.96509999,"type":"scots_pine_tree"}
{"ctxid":0,"pos":[1727.28003,1049.19995,140.692993],"rotationMatrix":[0.747523785,-0.664235055,0,0.664235055,0.747523785,0,0,0,1],"scale":1.08580005,"type":"scots_pine_tree"}
{"ctxid":0,"pos":[1744.10999,1066.07996,141.970001],"rotationMatrix":[0.425407887,0.9050017,0,-0.9050017,0.425407887,0,0,0,1],"scale":1.10399997,"type":"scots_pine_tree"}
{"ctxid":0,"pos":[1747.18005,1075.19995,142.615997],"rotationMatrix":[0.924650431,0.380816996,0,-0.380816996,0.924650431,0,0,0,1],"scale":1.09000003,"type":"scots_pine_tree"}
{"ctxid":0,"pos":[1733.05005,1043.63,141.078003],"rotationMatrix":[-0.0431456566,0.999068797,0,-0.999068797,-0.0431456566,0,0,0,1],"scale":1.26419997,"type":"scots_pine_tree"}
{"ctxid":0,"pos":[1710.68005,1018.19,141.007004],"rotationMatrix":[0.93832922,0.34574309,0,-0.34574309,0.93832922,0,0,0,1],"scale":1.11609995,"type":"scots_pine_tree"}
{"ctxid":0,"pos":[1701.54004,1006.15997,140.343994],"rotationMatrix":[-0.477480412,0.87864238,0,-0.87864238,-0.477480412,0,0,0,1],"scale":1.14909995,"type":"scots_pine_tree"}
{"ctxid":0,"pos":[1709.55005,1013.66998,139.985992],"rotationMatrix":[-0.747328281,-0.664454997,0,0.664454997,-0.747328281,0,0,0,1],"scale":1.20729995,"type":"scots_pine_tree"}
{"ctxid":0,"pos":[1710.91809,1028.03662,140.904007],"rotationMatrix":[-0.0901738405,-0.995926023,0,0.995926023,-0.0901738405,0,0,0,1],"scale":1.05869997,"type":"scots_pine_tree"}
{"ctxid":0,"pos":[1684.48999,999.932007,141.093002],"rotationMatrix":[-0.766072154,-0.642754555,0,0.642754555,-0.766072154,0,0,0,1],"scale":0.856899977,"type":"scots_pine_tree"}
{"ctxid":0,"pos":[1628.30005,803.065002,149.569],"rotationMatrix":[-0.320637584,-0.947201967,0,0.947201967,-0.320637584,0,0,0,1],"scale":0.949899971,"type":"scots_pine_tree"}
{"ctxid":0,"pos":[1631.18994,794.882996,149.473999],"rotationMatrix":[0.825477719,0.564434707,0,-0.564434707,0.825477719,0,0,0,1],"scale":1.21650004,"type":"scots_pine_tree"}
{"ctxid":0,"pos":[1623.72998,801.528992,149.852005],"rotationMatrix":[-0.638049841,-0.769995093,0,0.769995093,-0.638049841,0,0,0,1],"scale":1.10080004,"type":"scots_pine_tree"}
{"ctxid":0,"pos":[1619.93005,802.22699,149.927994],"rotationMatrix":[-0.991608858,0.129274413,0,-0.129274413,-0.991608858,0,0,0,1],"scale":0.898999989,"type":"scots_pine_tree"}
{"ctxid":0,"pos":[1620.89001,797.700989,149.985001],"rotationMatrix":[0.993456364,-0.114212319,0,0.114212319,0.993456364,0,0,0,1],"scale":0.729200006,"type":"scots_pine_tree"}
{"ctxid":0,"pos":[1605.06006,807.619019,149.252823],"rotationMatrix":[-0.690592647,0.723243952,0,-0.723243952,-0.690592647,0,0,0,1],"scale":1.14989996,"type":"scots_pine_tree"}
{"ctxid":0,"pos":[1600.39001,800.835022,149.438873],"rotationMatrix":[0.849189758,0.528087854,0,-0.528087854,0.849189758,0,0,0,1],"scale":0.919099987,"type":"scots_pine_tree"}
{"ctxid":0,"pos":[1612.80005,814.218018,149.33429],"rotationMatrix":[-0.584555984,0.811353385,0,-0.811353385,-0.584555984,0,0,0,1],"scale":0.992399991,"type":"scots_pine_tree"}
{"ctxid":0,"pos":[1604,813.291016,149.262024],"rotationMatrix":[0.918634176,-0.395109177,0,0.395109177,0.918634176,0,0,0,1],"scale":0.77759999,"type":"scots_pine_tree"}
{"ctxid":0,"pos":[1603.55005,817.406006,149.351822],"rotationMatrix":[-0.886070371,0.463550746,0,-0.463550746,-0.886070371,0,0,0,1],"scale":0.757799983,"type":"scots_pine_tree"}
{"ctxid":0,"pos":[1614.29004,820.80603,149.960007],"rotationMatrix":[-0.292188883,-0.956360638,0,0.956360638,-0.292188883,0,0,0,1],"scale":1.09650004,"type":"scots_pine_tree"}
{"ctxid":0,"pos":[1753.81006,181.520996,157.940994],"rotationMatrix":[0.979395509,0.201951578,0,-0.201951578,0.979395509,0,0,0,1],"scale":0.936600029,"type":"scots_pine_tree"}
{"ctxid":0,"pos":[1784.06006,47.1015015,155.817001],"rotationMatrix":[0.545514226,-0.838101566,0,0.838101566,0.545514226,0,0,0,1],"scale":1.18620002,"type":"scots_pine_tree"}
{"ctxid":0,"pos":[1004.47998,828.679993,180.751007],"rotationMatrix":[0.999758005,-0.0219984353,0,0.0219984353,0.999758005,0,0,0,1],"scale":1.15970004,"type":"scots_pine_tree"}
{"ctxid":0,"pos":[1092.87,256.43399,252.123001],"rotationMatrix":[0.344716549,-0.938706815,0,0.938706815,0.344716549,0,0,0,1],"scale":0.860300004,"type":"scots_pine_tree"}
{"ctxid":0,"pos":[792.969971,1252.27002,146.923996],"rotationMatrix":[-1,0,0,0,-1,0,0,0,1],"scale":0.835200012,"type":"scots_pine_tree"}
{"ctxid":0,"pos":[774.270996,1260.66003,146.733994],"rotationMatrix":[0.960967779,0.276660323,0,-0.276660323,0.960967779,0,0,0,1],"scale":1.02079999,"type":"scots_pine_tree"}
{"ctxid":0,"pos":[784.645996,1255.48999,146.768997],"rotationMatrix":[-0.951102495,0.308875442,0,-0.308875442,-0.951102495,0,0,0,1],"scale":0.870700002,"type":"scots_pine_tree"}
{"ctxid":0,"pos":[801.987976,1245.01001,147.477005],"rotationMatrix":[0.277357578,0.960766792,0,-0.960766792,0.277357578,0,0,0,1],"scale":1.12290001,"type":"scots_pine_tree"}
{"ctxid":0,"pos":[817.682983,1244.16003,147.412994],"rotationMatrix":[0.986974955,-0.160873979,0,0.160873979,0.986974955,0,0,0,1],"scale":1.18089998,"type":"scots_pine_tree"}
{"ctxid":0,"pos":[553.939026,1399.30005,149.095001],"rotationMatrix":[0.0328376293,-0.999460697,0,0.999460697,0.0328376293,0,0,0,1],"scale":0.979600012,"type":"scots_pine_tree"}
{"ctxid":0,"pos":[567.388,1158.79004,175.488998],"rotationMatrix":[0.243057966,-0.970011771,0,0.970011771,0.243057966,0,0,0,1],"scale":1.05599999,"type":"scots_pine_tree"}
{"ctxid":0,"pos":[579.023987,1245.01001,175.242004],"rotationMatrix":[-0.273927212,-0.961750448,0,0.961750448,-0.273927212,0,0,0,1],"scale":0.97299999,"type":"scots_pine_tree"}
{"ctxid":0,"pos":[477.899994,1049.5,156.865005],"rotationMatrix":[0.456909657,0.889513135,0,-0.889513135,0.456909657,0,0,0,1],"scale":0.871800005,"type":"scots_pine_tree"}
{"ctxid":0,"pos":[593.927002,621.838013,177.677994],"rotationMatrix":[0.724421144,0.689357698,0,-0.689357698,0.724421144,0,0,0,1],"scale":0.915099978,"type":"scots_pine_tree"}
{"ctxid":0,"pos":[542.583008,112.077003,186.046005],"rotationMatrix":[-0.217111945,-0.976146698,0,0.976146698,-0.217111945,0,0,0,1],"scale":0.970899999,"type":"scots_pine_tree"}
{"ctxid":0,"pos":[522.442993,92.0281982,187.026993],"rotationMatrix":[0.469961882,0.882686734,0,-0.882686734,0.469961882,0,0,0,1],"scale":0.901499987,"type":"scots_pine_tree"}
{"ctxid":0,"pos":[95.0576782,1366.42725,181.353821],"rotationMatrix":[-0.932187796,0.361975044,0,-0.361975044,-0.932187796,0,0,0,1],"scale":0.772364736,"type":"scots_pine_tree"}
{"ctxid":0,"pos":[71.2874832,1364.56396,180.727554],"rotationMatrix":[-0.477057308,-0.878872156,0,0.878872156,-0.477057308,0,0,0,1],"scale":0.939370692,"type":"scots_pine_tree"}
{"ctxid":0,"pos":[35.5078468,1373.88,176.400452],"rotationMatrix":[-0.999205828,0.0398464464,0,-0.0398464464,-0.999205828,0,0,0,1],"scale":1.01013947,"type":"scots_pine_tree"}
{"ctxid":0,"pos":[13.7565088,1379.03015,171.870087],"rotationMatrix":[0.571385384,0.82068187,0,-0.82068187,0.571385384,0,0,0,1],"scale":1.11501992,"type":"scots_pine_tree"}
{"ctxid":0,"pos":[50.5290871,1428.41003,174.032684],"rotationMatrix":[0.998778522,0.049411498,0,-0.049411498,0.998778522,0,0,0,1],"scale":1.07193494,"type":"scots_pine_tree"}
{"ctxid":0,"pos":[59.8014832,1442.09033,174.434479],"rotationMatrix":[0.907089472,0.420937926,0,-0.420937926,0.907089472,0,0,0,1],"scale":0.805293918,"type":"scots_pine_tree"}
{"ctxid":0,"pos":[76.3833313,1450.66895,180.105469],"rotationMatrix":[-0.462445617,0.886647642,0,-0.886647642,-0.462445617,0,0,0,1],"scale":1.13793087,"type":"scots_pine_tree"}
{"ctxid":0,"pos":[-34.7833519,25.7284241,246.990341],"rotationMatrix":[-0.381369323,-0.924422741,0,0.924422741,-0.381369323,0,0,0,1],"scale":1.14960682,"type":"scots_pine_tree"}
