{"ctxid":0,"pos":[-55.5180016,-581.773987,369.306],"rotationMatrix":[-0.982040644,0.188669488,0,-0.188669488,-0.982040644,0,0,0,1],"scale":0.975899994,"type":"scraggly_tree"}
{"ctxid":0,"pos":[-66.0642014,-545.549988,366.937012],"rotationMatrix":[0.93258214,-0.360957831,0,0.360957831,0.93258214,0,0,0,1],"scale":1.1688,"type":"scraggly_tree"}
{"ctxid":0,"pos":[-63.030899,-569.531982,369.638],"rotationMatrix":[0.853767633,-0.520654202,0,0.520654202,0.853767633,0,0,0,1],"scale":0.968599975,"type":"scraggly_tree"}
{"ctxid":0,"pos":[-644.91803,-573.346008,407.279999],"rotationMatrix":[0.556506395,-0.830843329,0,0.830843329,0.556506395,0,0,0,1],"scale":1.10539997,"type":"scraggly_tree"}
{"ctxid":0,"pos":[-303.376007,-1761.04004,162.156998],"rotationMatrix":[0.205695868,-0.97861594,0,0.97861594,0.205695868,0,0,0,1],"scale":1.08379996,"type":"scraggly_tree"}
{"ctxid":0,"pos":[-278.002991,-1805.04004,162.182999],"rotationMatrix":[0.898569942,-0.438830346,0,0.438830346,0.898569942,0,0,0,1],"scale":1.04229999,"type":"scraggly_tree"}
{"ctxid":0,"pos":[-290.114014,-1787.37,159.621002],"rotationMatrix":[0.892351985,-0.451340169,0,0.451340169,0.892351985,0,0,0,1],"scale":1.1013,"type":"scraggly_tree"}
{"ctxid":0,"pos":[-1571.06995,-400.748993,237.723007],"rotationMatrix":[-0.333671212,0.942689538,0,-0.942689538,-0.333671212,0,0,0,1],"scale":0.994499981,"type":"scraggly_tree"}
{"ctxid":0,"pos":[-1573.51001,-407.489014,237.681],"rotationMatrix":[0.450219035,-0.892918169,0,0.892918169,0.450219035,0,0,0,1],"scale":1.01859999,"type":"scraggly_tree"}
{"ctxid":0,"pos":[-1578.52002,-414.024994,235.966995],"rotationMatrix":[0.416800022,0.908998191,0,-0.908998191,0.416800022,0,0,0,1],"scale":0.847599983,"type":"scraggly_tree"}
{"ctxid":0,"pos":[-1579.01001,-400.065002,235.347],"rotationMatrix":[0.595899582,-0.803058982,0,0.803058982,0.595899582,0,0,0,1],"scale":0.8829,"type":"scraggly_tree"}
{"ctxid":0,"pos":[-1716.15002,-559.492004,206.335007],"rotationMatrix":[-0.964161992,-0.265314251,0,0.265314251,-0.964161992,0,0,0,1],"scale":1.05149996,"type":"scraggly_tree"}
{"ctxid":0,"pos":[-1699.13,-525.117981,208.570999],"rotationMatrix":[-0.859363317,0.511365533,0,-0.511365533,-0.859363317,0,0,0,1],"scale":1.05379999,"type":"scraggly_tree"}
{"ctxid":0,"pos":[-1743.26001,-530.588989,192.339005],"rotationMatrix":[-0.986821771,0.161810979,0,-0.161810979,-0.986821771,0,0,0,1],"scale":1.18289995,"type":"scraggly_tree"}
{"ctxid":0,"pos":[-1745.71997,-542.622009,192.050995],"rotationMatrix":[0.510148048,0.86008662,0,-0.86008662,0.510148048,0,0,0,1],"scale":1.04340005,"type":"scraggly_tree"}
{"ctxid":0,"pos":[-1732.47998,-543.401001,197.557007],"rotationMatrix":[0.99944222,-0.03339535,0,0.03339535,0.99944222,0,0,0,1],"scale":1.08720005,"type":"scraggly_tree"}
{"ctxid":0,"pos":[-1689.46997,-624.367004,202.891998],"rotationMatrix":[0.44958961,-0.893235207,0,0.893235207,0.44958961,0,0,0,1],"scale":1.12010002,"type":"scraggly_tree"}
{"ctxid":0,"pos":[-1700.40002,-576.687988,205.888],"rotationMatrix":[-0.544227481,0.8389377,0,-0.8389377,-0.544227481,0,0,0,1],"scale":1.01689994,"type":"scraggly_tree"}
{"ctxid":0,"pos":[-1700.15002,-569.161987,206.444],"rotationMatrix":[-0.92001605,0.391880691,0,-0.391880691,-0.92001605,0,0,0,1],"scale":1.06719995,"type":"scraggly_tree"}
{"ctxid":0,"pos":[-1738.22998,-562.577026,194.565002],"rotationMatrix":[-0.911403418,-0.411514044,0,0.411514044,-0.911403418,0,0,0,1],"scale":0.803600013,"type":"scraggly_tree"}
{"ctxid":0,"pos":[-1684.03003,-645.315002,203.194],"rotationMatrix":[-0.865152836,-0.501508296,0,0.501508296,-0.865152836,0,0,0,1],"scale":0.964100003,"type":"scraggly_tree"}
{"ctxid":0,"pos":[-1684.44995,-661.866028,204.059998],"rotationMatrix":[-0.994004488,0.109339282,0,-0.109339282,-0.994004488,0,0,0,1],"scale":1.18719995,"type":"scraggly_tree"}
{"ctxid":0,"pos":[-1680.19995,-674.236023,210.268005],"rotationMatrix":[0.472224593,-0.88147825,0,0.88147825,0.472224593,0,0,0,1],"scale":1.1415,"type":"scraggly_tree"}
{"ctxid":0,"pos":[-1682.23999,-684.91803,212.281998],"rotationMatrix":[0.8794595,-0.475973725,0,0.475973725,0.8794595,0,0,0,1],"scale":1.01279998,"type":"scraggly_tree"}
{"ctxid":0,"pos":[-1708.17004,-659.492004,197.876999],"rotationMatrix":[-0.986821771,-0.161810979,0,0.161810979,-0.986821771,0,0,0,1],"scale":0.895399988,"type":"scraggly_tree"}
{"ctxid":0,"pos":[-1709.93994,-656.851013,197.050995],"rotationMatrix":[0.58138752,0.813626766,0,-0.813626766,0.58138752,0,0,0,1],"scale":1.04279995,"type":"scraggly_tree"}
{"ctxid":0,"pos":[-1724.87,-679.843994,196.697006],"rotationMatrix":[-0.797408104,-0.603440404,0,0.603440404,-0.797408104,0,0,0,1],"scale":0.95389998,"type":"scraggly_tree"}
{"ctxid":0,"pos":[-1720.65002,-685.546021,198.421005],"rotationMatrix":[-0.970112562,0.242655352,0,-0.242655352,-0.970112562,0,0,0,1],"scale":1.02989995,"type":"scraggly_tree"}
{"ctxid":0,"pos":[-1708.64001,-686.210022,200.371002],"rotationMatrix":[-0.00706422329,-0.999975026,0,0.999975026,-0.00706422329,0,0,0,1],"scale":0.893999994,"type":"scraggly_tree"}
{"ctxid":0,"pos":[-1728.51001,-655.44397,195.960007],"rotationMatrix":[-0.990810513,0.135257259,0,-0.135257259,-0.990810513,0,0,0,1],"scale":1.04289997,"type":"scraggly_tree"}
{"ctxid":0,"pos":[-1728.42004,-652.416992,195.757996],"rotationMatrix":[0.191008091,-0.981588483,0,0.981588483,0.191008091,0,0,0,1],"scale":0.871399999,"type":"scraggly_tree"}
{"ctxid":0,"pos":[-1709.82996,-632.046021,196.417999],"rotationMatrix":[-0.754439235,0.656369925,0,-0.656369925,-0.754439235,0,0,0,1],"scale":0.837800026,"type":"scraggly_tree"}
{"ctxid":0,"pos":[-1704.87,-627.078979,200.970993],"rotationMatrix":[0.721742034,-0.692162156,0,0.692162156,0.721742034,0,0,0,1],"scale":1.11930001,"type":"scraggly_tree"}
{"ctxid":0,"pos":[-1695.52002,-686.098022,204.800995],"rotationMatrix":[-0.840896726,-0.541195631,0,0.541195631,-0.840896726,0,0,0,1],"scale":1.12600005,"type":"scraggly_tree"}
{"ctxid":0,"pos":[-1737.39001,-683.455994,190.138],"rotationMatrix":[-0.978458285,0.206444621,0,-0.206444621,-0.978458285,0,0,0,1],"scale":1.02880001,"type":"scraggly_tree"}
{"ctxid":0,"pos":[-1699.22998,-709.672974,213.632996],"rotationMatrix":[0.520975351,0.853571713,0,-0.853571713,0.520975351,0,0,0,1],"scale":0.823499978,"type":"scraggly_tree"}
{"ctxid":0,"pos":[-1718.25,-702.301025,204.100998],"rotationMatrix":[-0.743964791,-0.668218791,0,0.668218791,-0.743964791,0,0,0,1],"scale":0.877200007,"type":"scraggly_tree"}
{"ctxid":0,"pos":[-1733.14001,-703.349976,196.610992],"rotationMatrix":[-0.921191931,-0.389108509,0,0.389108509,-0.921191931,0,0,0,1],"scale":0.876600027,"type":"scraggly_tree"}
{"ctxid":0,"pos":[-1704.92004,-703.224976,210.164001],"rotationMatrix":[0.884607911,0.466335535,0,-0.466335535,0.884607911,0,0,0,1],"scale":0.84920001,"type":"scraggly_tree"}
{"ctxid":0,"pos":[-1716.59998,-703.473022,205.436996],"rotationMatrix":[-0.702750564,0.711436331,0,-0.711436331,-0.702750564,0,0,0,1],"scale":1.01049995,"type":"scraggly_tree"}
{"ctxid":0,"pos":[-1733.06995,-696.249023,194.796997],"rotationMatrix":[-0.999200225,0.0399863794,0,-0.0399863794,-0.999200225,0,0,0,1],"scale":0.83859998,"type":"scraggly_tree"}
{"ctxid":0,"pos":[-185.582993,792.872986,206.957001],"rotationMatrix":[0.00425720215,-0.99999094,0,0.99999094,0.00425720215,0,0,0,1],"scale":0.825999975,"type":"scraggly_tree"}
{"ctxid":0,"pos":[-108.457001,531.622009,178.199997],"rotationMatrix":[-0.997305274,-0.0411503017,0.0607358478,0.0319409743,-0.988844275,-0.145488054,0.0660451725,-0.143156037,0.987493992],"scale":1.15989995,"type":"scraggly_tree"}
{"ctxid":0,"pos":[-248.117004,609.374023,199.539993],"rotationMatrix":[0.488535047,0.872544289,0,-0.872544289,0.488535047,0,0,0,1],"scale":1.0632,"type":"scraggly_tree"}
{"ctxid":0,"pos":[-226.682999,607.729004,198.300995],"rotationMatrix":[-0.918057084,-0.396448225,0,0.396448225,-0.918057084,0,0,0,1],"scale":0.961099982,"type":"scraggly_tree"}
{"ctxid":0,"pos":[-348.17099,726.755981,230.822006],"rotationMatrix":[-0.948337913,-0.317262053,0,0.317262053,-0.948337913,0,0,0,1],"scale":0.910700023,"type":"scraggly_tree"}
{"ctxid":0,"pos":[-340.333008,744.278992,233.645004],"rotationMatrix":[0.964248657,-0.264999121,0,0.264999121,0.964248657,0,0,0,1],"scale":0.875699997,"type":"scraggly_tree"}
{"ctxid":0,"pos":[-340.608002,741.51001,232.811005],"rotationMatrix":[-0.918057084,-0.396448225,0,0.396448225,-0.918057084,0,0,0,1],"scale":1.0977,"type":"scraggly_tree"}
{"ctxid":0,"pos":[-300.056,594.276001,202.619995],"rotationMatrix":[-0.99200809,0.126174286,0,-0.126174286,-0.99200809,0,0,0,1],"scale":0.888400018,"type":"scraggly_tree"}
{"ctxid":0,"pos":[-286.524994,599.380981,201.867004],"rotationMatrix":[0.880243778,-0.474521756,0,0.474521756,0.880243778,0,0,0,1],"scale":1.18499994,"type":"scraggly_tree"}
{"ctxid":0,"pos":[-452.90506,518.197876,200.798004],"rotationMatrix":[-0.793239236,0.608910084,0,-0.608910084,-0.793239236,0,0,0,1],"scale":1.06470001,"type":"scraggly_tree"}
{"ctxid":0,"pos":[-490.161987,517.323975,212.684998],"rotationMatrix":[0.991523981,0.129923806,0,-0.129923806,0.991523981,0,0,0,1],"scale":0.80400002,"type":"scraggly_tree"}
{"ctxid":0,"pos":[-469.769989,521.577026,210.464996],"rotationMatrix":[-0.599187374,-0.800608814,0,0.800608814,-0.599187374,0,0,0,1],"scale":0.842700005,"type":"scraggly_tree"}
{"ctxid":0,"pos":[-453.333008,504.765991,199.477005],"rotationMatrix":[0.649380565,-0.760463595,0,0.760463595,0.649380565,0,0,0,1],"scale":1.05920005,"type":"scraggly_tree"}
{"ctxid":0,"pos":[-482.11499,482.738007,196.218002],"rotationMatrix":[-0.958616376,0.28470096,0,-0.28470096,-0.958616376,0,0,0,1],"scale":0.937900007,"type":"scraggly_tree"}
{"ctxid":0,"pos":[-456.266998,499.386993,197.815994],"rotationMatrix":[0.987135887,-0.159883514,0,0.159883514,0.987135887,0,0,0,1],"scale":0.958599985,"type":"scraggly_tree"}
{"ctxid":0,"pos":[-495.593994,490.417999,198.772995],"rotationMatrix":[-0.908276558,0.418370277,0,-0.418370277,-0.908276558,0,0,0,1],"scale":0.928900003,"type":"scraggly_tree"}
{"ctxid":0,"pos":[-347.403015,98.3722992,191.358002],"rotationMatrix":[-0.967731357,0.251984179,0,-0.251984179,-0.967731357,0,0,0,1],"scale":0.938199997,"type":"scraggly_tree"}
{"ctxid":0,"pos":[-334.078003,97.2928009,192.039993],"rotationMatrix":[0.126422405,0.9919765,0,-0.9919765,0.126422405,0,0,0,1],"scale":1.10800004,"type":"scraggly_tree"}
{"ctxid":0,"pos":[-359.954987,117.072998,189.335007],"rotationMatrix":[-0.659113169,0.752043784,0,-0.752043784,-0.659113169,0,0,0,1],"scale":0.883599997,"type":"scraggly_tree"}
{"ctxid":0,"pos":[-350.121002,114.387001,189.748001],"rotationMatrix":[0.512520552,-0.858674943,0,0.858674943,0.512520552,0,0,0,1],"scale":1.1674,"type":"scraggly_tree"}
{"ctxid":0,"pos":[-336.575989,113.983002,189.725998],"rotationMatrix":[0.986498952,0.160878837,-0.0306238029,-0.163767561,0.969020605,-0.184876323,-6.75918927e-05,0.187395483,0.982284546],"scale":1.14639997,"type":"scraggly_tree"}
{"ctxid":0,"pos":[-500.533997,504.39801,207.233002],"rotationMatrix":[-0.948337913,-0.317262053,0,0.317262053,-0.948337913,0,0,0,1],"scale":1.12360001,"type":"scraggly_tree"}
{"ctxid":0,"pos":[-793.252014,513.106018,262.895996],"rotationMatrix":[-0.980846047,-0.194784582,0,0.194784582,-0.980846047,0,0,0,1],"scale":0.887199998,"type":"scraggly_tree"}
{"ctxid":0,"pos":[-867.939026,510.912994,280.403992],"rotationMatrix":[0.989516497,-0.144419879,0,0.144419879,0.989516497,0,0,0,1],"scale":1.12520003,"type":"scraggly_tree"}
{"ctxid":0,"pos":[-850.653015,505.682007,279.93399],"rotationMatrix":[-0.319337726,-0.947640955,0,0.947640955,-0.319337726,0,0,0,1],"scale":1.19780004,"type":"scraggly_tree"}
{"ctxid":0,"pos":[-835.518982,520.59198,277.256989],"rotationMatrix":[-0.313172102,0.949696362,0,-0.949696362,-0.313172102,0,0,0,1],"scale":0.899900019,"type":"scraggly_tree"}
{"ctxid":0,"pos":[-857.327026,537.046997,279.481995],"rotationMatrix":[0.0494551659,0.998776317,0,-0.998776317,0.0494551659,0,0,0,1],"scale":0.958700001,"type":"scraggly_tree"}
{"ctxid":0,"pos":[-838.541016,562.286987,276.987],"rotationMatrix":[-0.915315986,0.402736455,0,-0.402736455,-0.915315986,0,0,0,1],"scale":0.980099976,"type":"scraggly_tree"}
{"ctxid":0,"pos":[-834.708008,507.941986,275.397003],"rotationMatrix":[0.730034471,0.683410347,0,-0.683410347,0.730034471,0,0,0,1],"scale":1.07809997,"type":"scraggly_tree"}
{"ctxid":0,"pos":[-877.031006,546.692993,294.734985],"rotationMatrix":[-0.886847377,0.462062478,0,-0.462062478,-0.886847377,0,0,0,1],"scale":0.865700006,"type":"scraggly_tree"}
{"ctxid":0,"pos":[-902.708008,542.03302,294.773987],"rotationMatrix":[-0.467869759,-0.883797407,0,0.883797407,-0.467869759,0,0,0,1],"scale":1.13800001,"type":"scraggly_tree"}
{"ctxid":0,"pos":[-888.684021,557.947998,295.354004],"rotationMatrix":[0.916931152,-0.399045438,0,0.399045438,0.916931152,0,0,0,1],"scale":1.16729999,"type":"scraggly_tree"}
{"ctxid":0,"pos":[-933.913025,508.45401,294.252991],"rotationMatrix":[-0.672254682,-0.740319967,0,0.740319967,-0.672254682,0,0,0,1],"scale":1.03849995,"type":"scraggly_tree"}
{"ctxid":0,"pos":[-908.518005,510.777008,293.975006],"rotationMatrix":[-0.998400331,-0.0565400757,0,0.0565400757,-0.998400331,0,0,0,1],"scale":0.879000008,"type":"scraggly_tree"}
{"ctxid":0,"pos":[-876.370972,506.617004,283.487],"rotationMatrix":[0.719349623,0.694648206,0,-0.694648206,0.719349623,0,0,0,1],"scale":1.12530005,"type":"scraggly_tree"}
{"ctxid":0,"pos":[-535.817017,468.300995,194.608002],"rotationMatrix":[-0.0428569317,0.999081194,0,-0.999081194,-0.0428569317,0,0,0,1],"scale":0.925499976,"type":"scraggly_tree"}
{"ctxid":0,"pos":[-526.094971,494.320007,205.830002],"rotationMatrix":[-0.432447433,0.901659131,0,-0.901659131,-0.432447433,0,0,0,1],"scale":1.0438,"type":"scraggly_tree"}
{"ctxid":0,"pos":[-807.557007,494.291992,263.660004],"rotationMatrix":[0.55405426,0.83248055,0,-0.83248055,0.55405426,0,0,0,1],"scale":0.921500027,"type":"scraggly_tree"}
{"ctxid":0,"pos":[-901.817017,358.042999,257.769012],"rotationMatrix":[-0.997200966,-0.0747678652,0,0.0747678652,-0.997200966,0,0,0,1],"scale":1.05999994,"type":"scraggly_tree"}
{"ctxid":0,"pos":[-899.843018,362.924988,258.257996],"rotationMatrix":[-0.184876204,0.9827618,0,-0.9827618,-0.184876204,0,0,0,1],"scale":1.10930002,"type":"scraggly_tree"}
{"ctxid":0,"pos":[-925.38501,210.863998,252.317001],"rotationMatrix":[-0.868631124,-0.495459348,0,0.495459348,-0.868631124,0,0,0,1],"scale":0.801900029,"type":"scraggly_tree"}
{"ctxid":0,"pos":[-1623.26001,1378.03003,158.783005],"rotationMatrix":[0.0768312216,0.997044086,0,-0.997044086,0.0768312216,0,0,0,1],"scale":1.17809999,"type":"scraggly_tree"}
{"ctxid":0,"pos":[-1624.57996,1384.17004,157.688995],"rotationMatrix":[-0.812988758,-0.582279384,0,0.582279384,-0.812988758,0,0,0,1],"scale":0.820200026,"type":"scraggly_tree"}
{"ctxid":0,"pos":[-1616.13,1415.18005,161.139999],"rotationMatrix":[0.988264799,0.152750403,0,-0.152750403,0.988264799,0,0,0,1],"scale":0.909500003,"type":"scraggly_tree"}
{"ctxid":0,"pos":[-1570.37,1423.93994,164.063004],"rotationMatrix":[-0.889179111,0.457559288,0,-0.457559288,-0.889179111,0,0,0,1],"scale":0.975199997,"type":"scraggly_tree"}
{"ctxid":0,"pos":[-1608.55005,1335.03003,161.884995],"rotationMatrix":[0.590125442,-0.807311594,0,0.807311594,0.590125442,0,0,0,1],"scale":1.09210002,"type":"scraggly_tree"}
{"ctxid":0,"pos":[-1622.62,1362.02002,160.317001],"rotationMatrix":[-0.435834527,0.900026798,0,-0.900026798,-0.435834527,0,0,0,1],"scale":1.0345,"type":"scraggly_tree"}
{"ctxid":0,"pos":[-1622.75,1374.21997,159.304001],"rotationMatrix":[0.822630286,0.568576634,0,-0.568576634,0.822630286,0,0,0,1],"scale":1.02950001,"type":"scraggly_tree"}
{"ctxid":0,"pos":[-1629.34998,1354.09998,159.175003],"rotationMatrix":[-0.911794543,0.410646707,0,-0.410646707,-0.911794543,0,0,0,1],"scale":1.12279999,"type":"scraggly_tree"}
{"ctxid":0,"pos":[-1629.06006,1363.06006,158.737],"rotationMatrix":[-0.527402401,-0.849615633,0,0.849615633,-0.527402401,0,0,0,1],"scale":0.871699989,"type":"scraggly_tree"}
{"ctxid":0,"pos":[-1627.26001,1358.27002,159.516006],"rotationMatrix":[-0.134018064,-0.990978897,0,0.990978897,-0.134018064,0,0,0,1],"scale":1.16970003,"type":"scraggly_tree"}
{"ctxid":0,"pos":[-1629.68994,1358.31006,158.408005],"rotationMatrix":[0.966251969,0.257598788,0,-0.257598788,0.966251969,0,0,0,1],"scale":0.988399982,"type":"scraggly_tree"}
{"ctxid":0,"pos":[-1625.62,1370.31006,159.108002],"rotationMatrix":[-0.679577947,0.733603299,0,-0.733603299,-0.679577947,0,0,0,1],"scale":1.17569995,"type":"scraggly_tree"}
{"ctxid":0,"pos":[-1578.53003,1239.62,172.100006],"rotationMatrix":[0.479391813,-0.877600968,0,0.877600968,0.479391813,0,0,0,1],"scale":0.800499976,"type":"scraggly_tree"}
{"ctxid":0,"pos":[-1184.06995,920.002991,361.809998],"rotationMatrix":[-0.212435842,-0.977174997,0,0.977174997,-0.212435842,0,0,0,1],"scale":0.983399987,"type":"scraggly_tree"}
{"ctxid":0,"pos":[-1183.82996,912.344971,363.009003],"rotationMatrix":[-0.065508008,0.997852027,0,-0.997852027,-0.065508008,0,0,0,1],"scale":0.863200009,"type":"scraggly_tree"}
{"ctxid":0,"pos":[-1248.42004,939.968994,329.994995],"rotationMatrix":[0.268192053,0.963365495,0,-0.963365495,0.268192053,0,0,0,1],"scale":0.885999978,"type":"scraggly_tree"}
{"ctxid":0,"pos":[-1224.14001,919.299988,345.634003],"rotationMatrix":[0.508959532,-0.860790431,0,0.860790431,0.508959532,0,0,0,1],"scale":0.873899996,"type":"scraggly_tree"}
{"ctxid":0,"pos":[-1226.33997,914.927979,344.631989],"rotationMatrix":[0.99915123,0.041192472,0,-0.041192472,0.99915123,0,0,0,1],"scale":0.87529999,"type":"scraggly_tree"}
{"ctxid":0,"pos":[-1230.34998,919.166992,342.114014],"rotationMatrix":[-0.504071712,0.863661826,0,-0.863661826,-0.504071712,0,0,0,1],"scale":0.929799974,"type":"scraggly_tree"}
{"ctxid":0,"pos":[-1236.13,923.325989,337.950012],"rotationMatrix":[-0.309609294,-0.950863838,0,0.950863838,-0.309609294,0,0,0,1],"scale":0.861699998,"type":"scraggly_tree"}
{"ctxid":0,"pos":[-1146,642.88501,354.390015],"rotationMatrix":[0.154219747,0.988036573,0,-0.988036573,0.154219747,0,0,0,1],"scale":0.917900026,"type":"scraggly_tree"}
{"ctxid":0,"pos":[-1251.60999,944.077026,329.121002],"rotationMatrix":[0.462937593,0.886390865,0,-0.886390865,0.462937593,0,0,0,1],"scale":0.832199991,"type":"scraggly_tree"}
{"ctxid":0,"pos":[-1255.98999,948.567017,327.710999],"rotationMatrix":[0.96794486,-0.251162797,0,0.251162797,0.96794486,0,0,0,1],"scale":0.983299971,"type":"scraggly_tree"}
{"ctxid":0,"pos":[1764.55005,-23.1420002,152.384003],"rotationMatrix":[0.3943398,-0.918964684,0,0.918964684,0.3943398,0,0,0,1],"scale":1.09940004,"type":"scraggly_tree"}
{"ctxid":0,"pos":[1757.37,-22.2716999,153.076004],"rotationMatrix":[-0.896572948,0.442896098,0,-0.442896098,-0.896572948,0,0,0,1],"scale":0.9551,"type":"scraggly_tree"}
{"ctxid":0,"pos":[1747.17004,-28.1047001,154.643997],"rotationMatrix":[0.392577529,-0.919718921,0,0.919718921,0.392577529,0,0,0,1],"scale":0.817700028,"type":"scraggly_tree"}
{"ctxid":0,"pos":[1745.60999,-20.9615002,154.647995],"rotationMatrix":[0.825950027,-0.563743353,0,0.563743353,0.825950027,0,0,0,1],"scale":0.935800016,"type":"scraggly_tree"}
{"ctxid":0,"pos":[1643.08997,-20.4792995,152.188004],"rotationMatrix":[0.867593408,-0.49727425,0,0.49727425,0.867593408,0,0,0,1],"scale":1.16910005,"type":"scraggly_tree"}
{"ctxid":0,"pos":[1633.92004,-93.8700027,147.802994],"rotationMatrix":[-0.853967786,-0.520325899,0,0.520325899,-0.853967786,0,0,0,1],"scale":0.989099979,"type":"scraggly_tree"}
{"ctxid":0,"pos":[1305.06006,-136.113998,199.669006],"rotationMatrix":[0.653721571,-0.756735146,0,0.756735146,0.653721571,0,0,0,1],"scale":0.806800008,"type":"scraggly_tree"}
{"ctxid":0,"pos":[1216.70996,-195.082993,214.089005],"rotationMatrix":[-0.848195434,-0.529683411,0,0.529683411,-0.848195434,0,0,0,1],"scale":1.04680002,"type":"scraggly_tree"}
{"ctxid":0,"pos":[1211.79004,-184.556,218.516006],"rotationMatrix":[-0.808421731,0.588603675,0,-0.588603675,-0.808421731,0,0,0,1],"scale":1.13670003,"type":"scraggly_tree"}
{"ctxid":0,"pos":[1202.97998,-174.395996,222.875],"rotationMatrix":[0.999999523,-0.000976562384,0,0.000976562384,0.999999523,0,0,0,1],"scale":0.948000014,"type":"scraggly_tree"}
{"ctxid":0,"pos":[1033.32996,-204.731003,263.294006],"rotationMatrix":[0.674052596,0.738683343,0,-0.738683343,0.674052596,0,0,0,1],"scale":1.12189996,"type":"scraggly_tree"}
{"ctxid":0,"pos":[1068.56995,-183.031006,266.165009],"rotationMatrix":[-0.448061585,-0.894002676,0,0.894002676,-0.448061585,0,0,0,1],"scale":1.01329994,"type":"scraggly_tree"}
{"ctxid":0,"pos":[1105.18005,-263.394012,221.537994],"rotationMatrix":[-0.99520278,0.0978336707,0,-0.0978336707,-0.99520278,0,0,0,1],"scale":1.10459995,"type":"scraggly_tree"}
{"ctxid":0,"pos":[1752.53003,-1053.62,148.557007],"rotationMatrix":[0.410084724,-0.912047446,0,0.912047446,0.410084724,0,0,0,1],"scale":1.10930002,"type":"scraggly_tree"}
{"ctxid":0,"pos":[1814.60999,-1197.5,149.860992],"rotationMatrix":[-0.185492039,-0.98264575,0,0.98264575,-0.185492039,0,0,0,1],"scale":1.16620004,"type":"scraggly_tree"}
{"ctxid":0,"pos":[1818.15002,-1221.40002,153.259995],"rotationMatrix":[-0.898131371,-0.439727247,0,0.439727247,-0.898131371,0,0,0,1],"scale":0.938000023,"type":"scraggly_tree"}
{"ctxid":0,"pos":[1846.68005,-1223.73999,151.653],"rotationMatrix":[0.686526299,0.727104962,0,-0.727104962,0.686526299,0,0,0,1],"scale":0.851400018,"type":"scraggly_tree"}
{"ctxid":0,"pos":[1868.18994,-1219.43005,147.990997],"rotationMatrix":[0.0711154938,0.997468114,0,-0.997468114,0.0711154938,0,0,0,1],"scale":0.950800002,"type":"scraggly_tree"}
{"ctxid":0,"pos":[1858.81006,-1217.08997,148.822998],"rotationMatrix":[-0.208390594,-0.978045702,0,0.978045702,-0.208390594,0,0,0,1],"scale":1.04100001,"type":"scraggly_tree"}
{"ctxid":0,"pos":[1765.81995,-1138.14001,152.584],"rotationMatrix":[0.670814991,-0.741624713,0,0.741624713,0.670814991,0,0,0,1],"scale":0.86500001,"type":"scraggly_tree"}
{"ctxid":0,"pos":[1876.70996,-1308.81995,156.264008],"rotationMatrix":[0.053311944,0.998577893,0,-0.998577893,0.053311944,0,0,0,1],"scale":0.991699994,"type":"scraggly_tree"}
{"ctxid":0,"pos":[1852.03003,-1301.16003,156.804001],"rotationMatrix":[0.588131189,0.808765531,0,-0.808765531,0.588131189,0,0,0,1],"scale":0.88380003,"type":"scraggly_tree"}
{"ctxid":0,"pos":[1856.13,-1297.77002,156.272995],"rotationMatrix":[0.42283237,0.906207919,0,-0.906207919,0.42283237,0,0,0,1],"scale":0.861500025,"type":"scraggly_tree"}
{"ctxid":0,"pos":[1696.57996,-1047.03003,154.559998],"rotationMatrix":[-0.960991979,-0.276576251,0,0.276576251,-0.960991979,0,0,0,1],"scale":0.960799992,"type":"scraggly_tree"}
{"ctxid":0,"pos":[1708.68005,-1041.06995,153.722],"rotationMatrix":[0.0836126804,-0.996498346,0,0.996498346,0.0836126804,0,0,0,1],"scale":0.939899981,"type":"scraggly_tree"}
{"ctxid":0,"pos":[1730.72998,-1018.27002,153.095993],"rotationMatrix":[0.9296875,0.368349224,0,-0.368349224,0.9296875,0,0,0,1],"scale":1.14330006,"type":"scraggly_tree"}
{"ctxid":0,"pos":[1717.85999,-1027.82996,153.352005],"rotationMatrix":[0.868723154,0.495297968,0,-0.495297968,0.868723154,0,0,0,1],"scale":1.03050005,"type":"scraggly_tree"}
{"ctxid":0,"pos":[1715.97998,-1029.13,153.770004],"rotationMatrix":[-0.985625863,-0.168942764,0,0.168942764,-0.985625863,0,0,0,1],"scale":0.987399995,"type":"scraggly_tree"}
{"ctxid":0,"pos":[1734.12,-1088.62,148.460007],"rotationMatrix":[0.39367938,-0.919247806,0,0.919247806,0.39367938,0,0,0,1],"scale":1.03120005,"type":"scraggly_tree"}
{"ctxid":0,"pos":[1746.37,-1094.58997,147.919998],"rotationMatrix":[-0.823668122,0.567072153,0,-0.567072153,-0.823668122,0,0,0,1],"scale":1.01890004,"type":"scraggly_tree"}
{"ctxid":0,"pos":[1691.66003,-1097.02002,152.459],"rotationMatrix":[0.853443027,-0.521186173,0,0.521186173,0.853443027,0,0,0,1],"scale":0.895399988,"type":"scraggly_tree"}
{"ctxid":0,"pos":[1686.08997,-1124.51001,153.546997],"rotationMatrix":[0.611214399,0.791465044,0,-0.791465044,0.611214399,0,0,0,1],"scale":1.19630003,"type":"scraggly_tree"}
{"ctxid":0,"pos":[1672.56995,-1088.76001,153.164993],"rotationMatrix":[0.685258269,0.728300154,0,-0.728300154,0.685258269,0,0,0,1],"scale":0.951600015,"type":"scraggly_tree"}
{"ctxid":0,"pos":[1666.68994,-1119.33997,153.572006],"rotationMatrix":[-0.983633518,-0.180180743,0,0.180180743,-0.983633518,0,0,0,1],"scale":1.13189995,"type":"scraggly_tree"}
{"ctxid":0,"pos":[1663.53003,-1103.48999,153.639999],"rotationMatrix":[0.975358009,-0.220628083,0,0.220628083,0.975358009,0,0,0,1],"scale":0.833899975,"type":"scraggly_tree"}
{"ctxid":0,"pos":[1684.66003,-1140.01001,155.998001],"rotationMatrix":[-0.998000383,-0.0632078722,0,0.0632078722,-0.998000383,0,0,0,1],"scale":0.819800019,"type":"scraggly_tree"}
{"ctxid":0,"pos":[1652.08997,-1148.55005,158.179993],"rotationMatrix":[0.769207835,0.638998687,0,-0.638998687,0.769207835,0,0,0,1],"scale":0.90109998,"type":"scraggly_tree"}
{"ctxid":0,"pos":[1655.34998,-1155.05005,158.966995],"rotationMatrix":[0.961801529,-0.273747742,0,0.273747742,0.961801529,0,0,0,1],"scale":0.832300007,"type":"scraggly_tree"}
{"ctxid":0,"pos":[1645.87,-1161.02002,160.580994],"rotationMatrix":[-0.290903091,-0.956752539,0,0.956752539,-0.290903091,0,0,0,1],"scale":1.11440003,"type":"scraggly_tree"}
{"ctxid":0,"pos":[1673.0332,-1222.67529,169.496994],"rotationMatrix":[-0.957429051,-0.288668692,0,0.288668692,-0.957429051,0,0,0,1],"scale":0.967000008,"type":"scraggly_tree"}
{"ctxid":0,"pos":[1649.93994,-1206.22998,169.630997],"rotationMatrix":[-0.956637502,0.291281134,0,-0.291281134,-0.956637502,0,0,0,1],"scale":1.06219995,"type":"scraggly_tree"}
{"ctxid":0,"pos":[1626.78003,-1201.70996,169.218002],"rotationMatrix":[-0.773221254,0.634136319,0,-0.634136319,-0.773221254,0,0,0,1],"scale":1.11969995,"type":"scraggly_tree"}
{"ctxid":0,"pos":[1615.82996,-1057.54004,166.007996],"rotationMatrix":[0.963819504,0.266555756,0,-0.266555756,0.963819504,0,0,0,1],"scale":1.1911,"type":"scraggly_tree"}
{"ctxid":0,"pos":[1591.25,-1068.66003,168.897003],"rotationMatrix":[-0.430417061,-0.90263015,0,0.90263015,-0.430417061,0,0,0,1],"scale":1.15020001,"type":"scraggly_tree"}
{"ctxid":0,"pos":[1590.04004,-1120.09998,163.389999],"rotationMatrix":[0.0776464939,-0.996980965,0,0.996980965,0.0776464939,0,0,0,1],"scale":1.02330005,"type":"scraggly_tree"}
{"ctxid":0,"pos":[1615.38,-1096.38,160.707001],"rotationMatrix":[-0.99520278,0.0978336707,0,-0.0978336707,-0.99520278,0,0,0,1],"scale":1.10500002,"type":"scraggly_tree"}
{"ctxid":0,"pos":[1582.65002,-1196.80005,169.800003],"rotationMatrix":[0.844206333,-0.536018372,0,0.536018372,0.844206333,0,0,0,1],"scale":1.00539994,"type":"scraggly_tree"}
{"ctxid":0,"pos":[1558.28003,-1185.91003,170.412003],"rotationMatrix":[0.76702857,0.641612947,0,-0.641612947,0.76702857,0,0,0,1],"scale":1.18809998,"type":"scraggly_tree"}
{"ctxid":0,"pos":[1550.76001,-1180.94995,170.576996],"rotationMatrix":[0.557635784,0.830085754,0,-0.830085754,0.557635784,0,0,0,1],"scale":0.839600027,"type":"scraggly_tree"}
{"ctxid":0,"pos":[1527.51001,-1140.14001,169.623993],"rotationMatrix":[0.75807035,-0.652172804,0,0.652172804,0.75807035,0,0,0,1],"scale":0.923099995,"type":"scraggly_tree"}
{"ctxid":0,"pos":[1562.25,-1215.17004,179.554993],"rotationMatrix":[0.925810456,-0.3779881,0,0.3779881,0.925810456,0,0,0,1],"scale":1.1652,"type":"scraggly_tree"}
{"ctxid":0,"pos":[1538.13,-1195.72998,177.436005],"rotationMatrix":[-0.481608987,-0.876386225,0,0.876386225,-0.481608987,0,0,0,1],"scale":1.08329999,"type":"scraggly_tree"}
{"ctxid":0,"pos":[1424.17004,-1704.18005,171.979004],"rotationMatrix":[0.970572591,-0.24080874,0,0.24080874,0.970572591,0,0,0,1],"scale":1.1372,"type":"scraggly_tree"}
{"ctxid":0,"pos":[1419.16003,-1702.28003,177.903],"rotationMatrix":[0.833766222,-0.552117646,0,0.552117646,0.833766222,0,0,0,1],"scale":1.05809999,"type":"scraggly_tree"}
{"ctxid":0,"pos":[1418.92004,-1705.56006,176.740005],"rotationMatrix":[0.970718026,-0.240221798,0,0.240221798,0.970718026,0,0,0,1],"scale":1.1674,"type":"scraggly_tree"}
{"ctxid":0,"pos":[1429.87,-1653.21997,174.567001],"rotationMatrix":[0.155519962,-0.987832725,0,0.987832725,0.155519962,0,0,0,1],"scale":0.844200015,"type":"scraggly_tree"}
{"ctxid":0,"pos":[1412.83997,-1752.31995,170.559998],"rotationMatrix":[0.99950695,-0.0313983448,0,0.0313983448,0.99950695,0,0,0,1],"scale":1.09000003,"type":"scraggly_tree"}
{"ctxid":0,"pos":[1003.78003,-1736.18005,148.281006],"rotationMatrix":[-0.987619281,0.156869873,0,-0.156869873,-0.987619281,0,0,0,1],"scale":1.08640003,"type":"scraggly_tree"}
{"ctxid":0,"pos":[1008.42999,-1745.42004,145.181],"rotationMatrix":[0.79724288,-0.603658676,0,0.603658676,0.79724288,0,0,0,1],"scale":0.994499981,"type":"scraggly_tree"}
{"ctxid":0,"pos":[1033.12,-1741.89001,151.643997],"rotationMatrix":[0.373247862,0.927731633,0,-0.927731633,0.373247862,0,0,0,1],"scale":1.05799997,"type":"scraggly_tree"}
{"ctxid":0,"pos":[1193.15002,-1847.85999,170.759995],"rotationMatrix":[0.436714888,-0.899599969,0,0.899599969,0.436714888,0,0,0,1],"scale":1.14349997,"type":"scraggly_tree"}
{"ctxid":0,"pos":[1199.20996,-1860.94995,169.457993],"rotationMatrix":[0.793661118,-0.608360112,0,0.608360112,0.793661118,0,0,0,1],"scale":1.08840001,"type":"scraggly_tree"}
{"ctxid":0,"pos":[1187.40002,-1850.55005,170.852005],"rotationMatrix":[0.994838715,-0.101468869,0,0.101468869,0.994838715,0,0,0,1],"scale":1.17929995,"type":"scraggly_tree"}
{"ctxid":0,"pos":[1180.37,-1857.81006,169.001999],"rotationMatrix":[0.273987532,-0.961733222,0,0.961733222,0.273987532,0,0,0,1],"scale":1.14670002,"type":"scraggly_tree"}
{"ctxid":0,"pos":[993.104004,-266.591003,261.497986],"rotationMatrix":[0.629511595,-0.776991069,0,0.776991069,0.629511595,0,0,0,1],"scale":0.95389998,"type":"scraggly_tree"}
{"ctxid":0,"pos":[975.250977,-296.959991,259.134003],"rotationMatrix":[0.301437974,0.953485787,0,-0.953485787,0.301437974,0,0,0,1],"scale":1.18949997,"type":"scraggly_tree"}
{"ctxid":0,"pos":[872.219971,-360.061005,258.040009],"rotationMatrix":[-0.959408045,-0.282021642,0,0.282021642,-0.959408045,0,0,0,1],"scale":0.885900021,"type":"scraggly_tree"}
{"ctxid":0,"pos":[836.656006,-369.94101,258.057007],"rotationMatrix":[-0.993605018,-0.112911776,0,0.112911776,-0.993605018,0,0,0,1],"scale":1.1006,"type":"scraggly_tree"}
{"ctxid":0,"pos":[851.219971,-380.326996,246.132996],"rotationMatrix":[0.770429134,0.637525618,0,-0.637525618,0.770429134,0,0,0,1],"scale":0.845099986,"type":"scraggly_tree"}
{"ctxid":0,"pos":[821.129028,-474.253998,197.871002],"rotationMatrix":[-0.998000383,-0.0632078722,0,0.0632078722,-0.998000383,0,0,0,1],"scale":0.856400013,"type":"scraggly_tree"}
{"ctxid":0,"pos":[816.651978,-454.359009,205.729996],"rotationMatrix":[-0.931791663,-0.362993509,0,0.362993509,-0.931791663,0,0,0,1],"scale":1.02900004,"type":"scraggly_tree"}
{"ctxid":0,"pos":[761.682983,-400.195007,257.561005],"rotationMatrix":[0.167691946,0.985839427,0,-0.985839427,0.167691946,0,0,0,1],"scale":0.872799993,"type":"scraggly_tree"}
{"ctxid":0,"pos":[780.926025,-396.949005,256.748993],"rotationMatrix":[-0.965351343,0.260953605,0,-0.260953605,-0.965351343,0,0,0,1],"scale":0.874300003,"type":"scraggly_tree"}
{"ctxid":0,"pos":[794.802979,-392.846985,256.94101],"rotationMatrix":[-0.936205626,-0.348443598,-0.0458922237,0.350406975,-0.91536212,-0.198310733,0.0270920973,-0.201740578,0.979064226],"scale":1.11099994,"type":"scraggly_tree"}
{"ctxid":0,"pos":[802.838013,-393.808014,252.417999],"rotationMatrix":[0.4133389,-0.910577238,0,0.910577238,0.4133389,0,0,0,1],"scale":1.0072,"type":"scraggly_tree"}
{"ctxid":0,"pos":[744.367981,-419.544006,256.721985],"rotationMatrix":[0.72900486,-0.684508502,0,0.684508502,0.72900486,0,0,0,1],"scale":1.15789998,"type":"scraggly_tree"}
{"ctxid":0,"pos":[280.776001,-29.8460999,185.503006],"rotationMatrix":[-0.716804624,0.697274089,0,-0.697274089,-0.716804624,0,0,0,1],"scale":1.12409997,"type":"scraggly_tree"}
{"ctxid":0,"pos":[287.812988,-29.6404991,185.787003],"rotationMatrix":[0.340129256,0.940378666,0,-0.940378666,0.340129256,0,0,0,1],"scale":0.932900012,"type":"scraggly_tree"}
{"ctxid":0,"pos":[290.528992,-31.8141994,185.360992],"rotationMatrix":[-0.592755556,0.805382431,0,-0.805382431,-0.592755556,0,0,0,1],"scale":0.815900028,"type":"scraggly_tree"}
{"ctxid":0,"pos":[300.227997,-35.3902016,184.841003],"rotationMatrix":[-0.563265681,0.826275826,0,-0.826275826,-0.563265681,0,0,0,1],"scale":0.957400024,"type":"scraggly_tree"}
{"ctxid":0,"pos":[303.414001,-38.2633018,183.878998],"rotationMatrix":[-0.548447967,-0.83618468,0,0.83618468,-0.548447967,0,0,0,1],"scale":0.883599997,"type":"scraggly_tree"}
{"ctxid":0,"pos":[304.950989,-42.4001999,183.080994],"rotationMatrix":[0.446437597,0.894814789,0,-0.894814789,0.446437597,0,0,0,1],"scale":1.06079996,"type":"scraggly_tree"}
{"ctxid":0,"pos":[305.321991,-47.5875015,182.378006],"rotationMatrix":[0.999999762,0.000690533896,0,-0.000690533896,0.999999762,0,0,0,1],"scale":0.995800018,"type":"scraggly_tree"}
{"ctxid":0,"pos":[313.205994,-43.5908012,182.779007],"rotationMatrix":[-0.029612422,-0.999561429,0,0.999561429,-0.029612422,0,0,0,1],"scale":1.15939999,"type":"scraggly_tree"}
{"ctxid":0,"pos":[321.748993,-37.2486992,182.716003],"rotationMatrix":[-0.872112393,0.489305615,0,-0.489305615,-0.872112393,0,0,0,1],"scale":0.997699976,"type":"scraggly_tree"}
{"ctxid":0,"pos":[333.631989,-25.844101,182.259995],"rotationMatrix":[0.958643198,0.284610659,0,-0.284610659,0.958643198,0,0,0,1],"scale":1.03929996,"type":"scraggly_tree"}
{"ctxid":0,"pos":[273.057007,-13.2047997,187.378006],"rotationMatrix":[-0.857049823,0.515233517,0,-0.515233517,-0.857049823,0,0,0,1],"scale":0.96420002,"type":"scraggly_tree"}
{"ctxid":0,"pos":[313.231995,-203.606995,184.324997],"rotationMatrix":[0.96023798,0.279182762,0,-0.279182762,0.96023798,0,0,0,1],"scale":1.02260005,"type":"scraggly_tree"}
{"ctxid":0,"pos":[325.583008,-215.873993,184.531006],"rotationMatrix":[0.565315127,0.824874997,0,-0.824874997,0.565315127,0,0,0,1],"scale":0.865999997,"type":"scraggly_tree"}
{"ctxid":0,"pos":[306.290009,-234.871002,184.966995],"rotationMatrix":[-0.999200225,-0.0399863794,0,0.0399863794,-0.999200225,0,0,0,1],"scale":1.08700001,"type":"scraggly_tree"}
{"ctxid":0,"pos":[284.845001,-258.673004,185.992004],"rotationMatrix":[-0.729056001,0.684454024,0,-0.684454024,-0.729056001,0,0,0,1],"scale":1.08819997,"type":"scraggly_tree"}
{"ctxid":0,"pos":[282.394012,-263.776001,186.449997],"rotationMatrix":[-0.587405682,0.809292614,0,-0.809292614,-0.587405682,0,0,0,1],"scale":1.17429996,"type":"scraggly_tree"}
{"ctxid":0,"pos":[215.671005,-214.641998,181.173004],"rotationMatrix":[-0.60384047,0.797105193,0,-0.797105193,-0.60384047,0,0,0,1],"scale":0.833500028,"type":"scraggly_tree"}
{"ctxid":0,"pos":[210.734711,-218.185867,180.723999],"rotationMatrix":[0.86790204,0.496735394,0,-0.496735394,0.86790204,0,0,0,1],"scale":1.19140005,"type":"scraggly_tree"}
{"ctxid":0,"pos":[111.150002,-79.0094986,184.524994],"rotationMatrix":[-0.996801257,0.0799202994,0,-0.0799202994,-0.996801257,0,0,0,1],"scale":1.1825,"type":"scraggly_tree"}
{"ctxid":0,"pos":[115.933998,-6.62130022,185.018005],"rotationMatrix":[-0.34906745,-0.937097609,0,0.937097609,-0.34906745,0,0,0,1],"scale":0.940400004,"type":"scraggly_tree"}
{"ctxid":0,"pos":[212.169006,-358.174011,193.733002],"rotationMatrix":[-0.426022649,-0.904712498,0,0.904712498,-0.426022649,0,0,0,1],"scale":0.867399991,"type":"scraggly_tree"}
{"ctxid":0,"pos":[216.688995,-357.584015,193.529007],"rotationMatrix":[-0.999599934,0.0282837879,0,-0.0282837879,-0.999599934,0,0,0,1],"scale":1.14219999,"type":"scraggly_tree"}
{"ctxid":0,"pos":[221.746994,-345.596985,192.800995],"rotationMatrix":[0.883837938,-0.467793226,0,0.467793226,0.883837938,0,0,0,1],"scale":0.81400001,"type":"scraggly_tree"}
{"ctxid":0,"pos":[398.40799,-687.395996,253.003006],"rotationMatrix":[-0.402812362,0.915282607,0,-0.915282607,-0.402812362,0,0,0,1],"scale":0.840200007,"type":"scraggly_tree"}
{"ctxid":0,"pos":[388.122986,-695.445007,257.38501],"rotationMatrix":[-0.188265204,0.982118249,0,-0.982118249,-0.188265204,0,0,0,1],"scale":0.83069998,"type":"scraggly_tree"}
{"ctxid":0,"pos":[398.192993,-690.46698,251.852005],"rotationMatrix":[0.919919968,0.392106175,0,-0.392106175,0.919919968,0,0,0,1],"scale":0.809099972,"type":"scraggly_tree"}
{"ctxid":0,"pos":[393.895996,-692.812988,254.214005],"rotationMatrix":[-0.307344437,0.951598346,0,-0.951598346,-0.307344437,0,0,0,1],"scale":0.823099971,"type":"scraggly_tree"}
{"ctxid":0,"pos":[391.178009,-689.757996,258.002014],"rotationMatrix":[-0.381454349,-0.924387693,0,0.924387693,-0.381454349,0,0,0,1],"scale":0.900699973,"type":"scraggly_tree"}
{"ctxid":0,"pos":[359.554993,-704.421997,269.446991],"rotationMatrix":[0.977949977,0.208839267,0,-0.208839267,0.977949977,0,0,0,1],"scale":0.890100002,"type":"scraggly_tree"}
{"ctxid":0,"pos":[358.898987,-707.434998,267.084991],"rotationMatrix":[0.164075494,-0.986447811,0,0.986447811,0.164075494,0,0,0,1],"scale":0.808099985,"type":"scraggly_tree"}
{"ctxid":0,"pos":[364.678009,-701.911011,269.070007],"rotationMatrix":[0.498599052,-0.866832733,0,0.866832733,0.498599052,0,0,0,1],"scale":0.918299973,"type":"scraggly_tree"}
{"ctxid":0,"pos":[360.372009,-712.127991,262.299988],"rotationMatrix":[0.924261689,-0.381759524,0,0.381759524,0.924261689,0,0,0,1],"scale":1.13010001,"type":"scraggly_tree"}
{"ctxid":0,"pos":[352.255005,-698.843994,278.074005],"rotationMatrix":[0.558012009,-0.829832852,0,0.829832852,0.558012009,0,0,0,1],"scale":0.810199976,"type":"scraggly_tree"}
{"ctxid":0,"pos":[359.601013,-701.778992,271.799011],"rotationMatrix":[-0.291545987,0.956556797,0,-0.956556797,-0.291545987,0,0,0,1],"scale":1.05209994,"type":"scraggly_tree"}
{"ctxid":0,"pos":[291.678986,-713.474976,291.252014],"rotationMatrix":[0.961413622,-0.275106966,0,0.275106966,0.961413622,0,0,0,1],"scale":1.15670002,"type":"scraggly_tree"}
{"ctxid":0,"pos":[299.506012,-716.632019,283.083008],"rotationMatrix":[0.885375261,0.464877009,0,-0.464877009,0.885375261,0,0,0,1],"scale":0.815999985,"type":"scraggly_tree"}
{"ctxid":0,"pos":[300.325012,-713.398987,286.024994],"rotationMatrix":[0.990339518,0.138663769,0,-0.138663769,0.990339518,0,0,0,1],"scale":0.825800002,"type":"scraggly_tree"}
{"ctxid":0,"pos":[289.342987,-721.85199,282.822998],"rotationMatrix":[0.22448945,0.974476516,0,-0.974476516,0.22448945,0,0,0,1],"scale":1.0359,"type":"scraggly_tree"}
{"ctxid":0,"pos":[289.967987,-717.117004,287.608002],"rotationMatrix":[-0.576022625,-0.817433774,0,0.817433774,-0.576022625,0,0,0,1],"scale":1.11240005,"type":"scraggly_tree"}
{"ctxid":0,"pos":[296.674988,-712.950989,288.670013],"rotationMatrix":[0.983619452,0.180257529,0,-0.180257529,0.983619452,0,0,0,1],"scale":0.958000004,"type":"scraggly_tree"}
{"ctxid":0,"pos":[125.607002,-874.161011,297.631989],"rotationMatrix":[-0.994803429,-0.101814233,0,0.101814233,-0.994803429,0,0,0,1],"scale":1.06309998,"type":"scraggly_tree"}
{"ctxid":0,"pos":[128.378998,-836.549988,305.360168],"rotationMatrix":[0.313207865,-0.94968462,0,0.94968462,0.313207865,0,0,0,1],"scale":0.972500026,"type":"scraggly_tree"}
{"ctxid":0,"pos":[128.362,-831.853027,305.85257],"rotationMatrix":[-0.0898785591,0.995952725,0,-0.995952725,-0.0898785591,0,0,0,1],"scale":1.16299999,"type":"scraggly_tree"}
{"ctxid":0,"pos":[125.174004,-956.528015,293.093933],"rotationMatrix":[0.998235822,0.0593737662,0,-0.0593737662,0.998235822,0,0,0,1],"scale":1.11140001,"type":"scraggly_tree"}
{"ctxid":0,"pos":[121.988998,-874.382996,298.393005],"rotationMatrix":[0.0692062378,0.997602403,0,-0.997602403,0.0692062378,0,0,0,1],"scale":1.18550003,"type":"scraggly_tree"}
{"ctxid":0,"pos":[104.683998,-873.39502,300.356995],"rotationMatrix":[-0.444660068,0.895699382,0,-0.895699382,-0.444660068,0,0,0,1],"scale":1.07200003,"type":"scraggly_tree"}
{"ctxid":0,"pos":[77.5304031,-871.674988,325.86792],"rotationMatrix":[0.8761971,0.481952935,0,-0.481952935,0.8761971,0,0,0,1],"scale":1.00750005,"type":"scraggly_tree"}
