{"ctxid":0,"pos":[-1.48959994,-309.209015,189.703003],"rotationMatrix":[-0.00167858601,-0.999998569,0,0.999998569,-0.00167858601,0,0,0,1],"scale":0.890999973,"type":"tall_plant"}
{"ctxid":0,"pos":[-1.6142,-316.265991,189.662003],"rotationMatrix":[-0.015027523,-0.999887109,0,0.999887109,-0.015027523,0,0,0,1],"scale":1.0596,"type":"tall_plant"}
{"ctxid":0,"pos":[-1161.26001,675.301025,361.244995],"rotationMatrix":[-0.902810216,0.430039197,0,-0.430039197,-0.902810216,0,0,0,1],"scale":1.0072,"type":"tall_plant"}
{"ctxid":0,"pos":[-1157.90002,677.340027,362.278015],"rotationMatrix":[-0.938874364,-0.344259977,0,0.344259977,-0.938874364,0,0,0,1],"scale":0.892199993,"type":"tall_plant"}
{"ctxid":0,"pos":[-1155.40002,676.078979,361.140015],"rotationMatrix":[-0.946759105,-0.321942836,0,0.321942836,-0.946759105,0,0,0,1],"scale":0.889299989,"type":"tall_plant"}
{"ctxid":0,"pos":[-1156.72998,660.911987,360.966003],"rotationMatrix":[0.997127175,-0.0757456049,0,0.0757456049,0.997127175,0,0,0,1],"scale":1.00049996,"type":"tall_plant"}
{"ctxid":0,"pos":[-1161.38,659.093018,361.247986],"rotationMatrix":[-0.983633518,-0.180180743,0,0.180180743,-0.983633518,0,0,0,1],"scale":0.850399971,"type":"tall_plant"}
{"ctxid":0,"pos":[1768.92004,-34.530899,154.634003],"rotationMatrix":[-0.942026377,-0.335538834,0,0.335538834,-0.942026377,0,0,0,1],"scale":0.8926,"type":"tall_plant"}
{"ctxid":0,"pos":[1769.25,-28.3323994,153.302002],"rotationMatrix":[0.0898296833,0.995957136,0,-0.995957136,0.0898296833,0,0,0,1],"scale":0.876100004,"type":"tall_plant"}
{"ctxid":0,"pos":[1772.80005,-32.9901009,154.623001],"rotationMatrix":[-0.0221641064,0.999754369,0,-0.999754369,-0.0221641064,0,0,0,1],"scale":0.905700028,"type":"tall_plant"}
{"ctxid":0,"pos":[1768.09998,-33.3927002,154.412003],"rotationMatrix":[0.57107687,-0.820896566,0,0.820896566,0.57107687,0,0,0,1],"scale":0.931699991,"type":"tall_plant"}
{"ctxid":0,"pos":[1766.82996,-31.823,153.899002],"rotationMatrix":[-0.309609294,0.950863838,0,-0.950863838,-0.309609294,0,0,0,1],"scale":0.987800002,"type":"tall_plant"}
{"ctxid":0,"pos":[1770.46997,-39.2247009,154.563004],"rotationMatrix":[-0.445680022,0.895192325,0,-0.895192325,-0.445680022,0,0,0,1],"scale":0.967400014,"type":"tall_plant"}
{"ctxid":0,"pos":[1772.07996,-39.4539986,154.735992],"rotationMatrix":[-0.816799283,0.57692194,0,-0.57692194,-0.816799283,0,0,0,1],"scale":0.890799999,"type":"tall_plant"}
{"ctxid":0,"pos":[1775.18005,-38.8825989,154.774002],"rotationMatrix":[0.415287018,0.90969044,0,-0.90969044,0.415287018,0,0,0,1],"scale":1.03929996,"type":"tall_plant"}
{"ctxid":0,"pos":[1765.54004,-48.4067993,154.063995],"rotationMatrix":[-0.92158401,-0.388178974,0,0.388178974,-0.92158401,0,0,0,1],"scale":0.939800024,"type":"tall_plant"}
{"ctxid":0,"pos":[1762.60999,-50.3530006,153.572998],"rotationMatrix":[0.988295555,0.152551293,0,-0.152551293,0.988295555,0,0,0,1],"scale":0.910000026,"type":"tall_plant"}
{"ctxid":0,"pos":[1758.44995,-47.7621002,153.419006],"rotationMatrix":[-0.0518300533,-0.998655915,0,0.998655915,-0.0518300533,0,0,0,1],"scale":0.972100019,"type":"tall_plant"}
{"ctxid":0,"pos":[1739.14001,-36.2691002,154.367004],"rotationMatrix":[0.879066348,-0.476699442,0,0.476699442,0.879066348,0,0,0,1],"scale":0.991400003,"type":"tall_plant"}
{"ctxid":0,"pos":[1738.87,-43.2486,154.216003],"rotationMatrix":[0.999927998,-0.0119999852,0,0.0119999852,0.999927998,0,0,0,1],"scale":0.860599995,"type":"tall_plant"}
{"ctxid":0,"pos":[1740.78003,-40.9720993,154.054993],"rotationMatrix":[-0.589901209,-0.807475448,0,0.807475448,-0.589901209,0,0,0,1],"scale":0.98269999,"type":"tall_plant"}
{"ctxid":0,"pos":[1735.40002,-34.9772987,154.889999],"rotationMatrix":[0.185146213,-0.982710958,0,0.982710958,0.185146213,0,0,0,1],"scale":1.06789994,"type":"tall_plant"}
{"ctxid":0,"pos":[1738.02002,-42.2780991,154.300003],"rotationMatrix":[-0.338248014,0.941057026,0,-0.941057026,-0.338248014,0,0,0,1],"scale":0.896300018,"type":"tall_plant"}
{"ctxid":0,"pos":[1053.08997,-706.500977,146.744995],"rotationMatrix":[0.998306394,0.0581751205,0,-0.0581751205,0.998306394,0,0,0,1],"scale":0.92900002,"type":"tall_plant"}
{"ctxid":0,"pos":[1059.03003,-706.469971,146.255005],"rotationMatrix":[-0.984828949,0.173527926,0,-0.173527926,-0.984828949,0,0,0,1],"scale":0.920000017,"type":"tall_plant"}
{"ctxid":0,"pos":[1119.72998,-716.718994,144.852005],"rotationMatrix":[0.999985456,0.00539322291,0,-0.00539322291,0.999985456,0,0,0,1],"scale":0.851899981,"type":"tall_plant"}
{"ctxid":0,"pos":[1114.54004,-715.838989,145.192001],"rotationMatrix":[0.960181594,-0.279376626,0,0.279376626,0.960181594,0,0,0,1],"scale":0.971499979,"type":"tall_plant"}
{"ctxid":0,"pos":[1118.94995,-705.984009,145.279007],"rotationMatrix":[-1,0,0,0,-1,0,0,0,1],"scale":1.00880003,"type":"tall_plant"}
{"ctxid":0,"pos":[1112.69995,-706.286987,145.5],"rotationMatrix":[-0.997200966,0.0747678652,0,-0.0747678652,-0.997200966,0,0,0,1],"scale":0.850199997,"type":"tall_plant"}
{"ctxid":0,"pos":[1108.40002,-705.596008,145.358994],"rotationMatrix":[0.999083996,-0.0427921638,0,0.0427921638,0.999083996,0,0,0,1],"scale":0.87349999,"type":"tall_plant"}
{"ctxid":0,"pos":[1089.38,-716.643982,145.397003],"rotationMatrix":[-0.978856206,0.204549581,0,-0.204549581,-0.978856206,0,0,0,1],"scale":0.852999985,"type":"tall_plant"}
{"ctxid":0,"pos":[1090.03003,-706.562988,145.442001],"rotationMatrix":[-0.963765502,-0.266750932,0,0.266750932,-0.963765502,0,0,0,1],"scale":0.875999987,"type":"tall_plant"}
{"ctxid":0,"pos":[1865.90002,-1324.56995,157.703995],"rotationMatrix":[0.980948448,-0.194268227,0,0.194268227,0.980948448,0,0,0,1],"scale":0.916000009,"type":"tall_plant"}
{"ctxid":0,"pos":[1866.59998,-1327.25,158.048996],"rotationMatrix":[-0.805379987,-0.592758894,0,0.592758894,-0.805379987,0,0,0,1],"scale":0.970799983,"type":"tall_plant"}
{"ctxid":0,"pos":[1863.72998,-1326.70996,157.783997],"rotationMatrix":[0.553676486,0.832731843,0,-0.832731843,0.553676486,0,0,0,1],"scale":0.898699999,"type":"tall_plant"}
{"ctxid":0,"pos":[1872.23999,-1340.09998,158.893997],"rotationMatrix":[-0.264686108,0.964334607,0,-0.964334607,-0.264686108,0,0,0,1],"scale":0.926599979,"type":"tall_plant"}
{"ctxid":0,"pos":[1869.82996,-1339.39001,158.964996],"rotationMatrix":[-0.743217945,0.669049382,0,-0.669049382,-0.743217945,0,0,0,1],"scale":1.05659997,"type":"tall_plant"}
{"ctxid":0,"pos":[1856.76001,-1340.70996,159.317993],"rotationMatrix":[0.999766707,-0.0215993226,0,0.0215993226,0.999766707,0,0,0,1],"scale":1.00820005,"type":"tall_plant"}
{"ctxid":0,"pos":[1821.27002,-1333.06995,162.251007],"rotationMatrix":[0.998188019,-0.060172081,0,0.060172081,0.998188019,0,0,0,1],"scale":0.884599984,"type":"tall_plant"}
{"ctxid":0,"pos":[1826.44995,-1332.53003,161.977997],"rotationMatrix":[0.999987483,0.00500337826,0,-0.00500337826,0.999987483,0,0,0,1],"scale":0.920300007,"type":"tall_plant"}
{"ctxid":0,"pos":[1814.94995,-1347.65002,163.093994],"rotationMatrix":[0.0645616055,0.997913718,0,-0.997913718,0.0645616055,0,0,0,1],"scale":0.923900008,"type":"tall_plant"}
{"ctxid":0,"pos":[1843.67004,-1320.45996,157.925003],"rotationMatrix":[0.820239902,0.572019696,0,-0.572019696,0.820239902,0,0,0,1],"scale":0.852199972,"type":"tall_plant"}
{"ctxid":0,"pos":[1844.01001,-1322.07996,157.975006],"rotationMatrix":[-0.130406499,-0.991460621,0,0.991460621,-0.130406499,0,0,0,1],"scale":0.915799975,"type":"tall_plant"}
{"ctxid":0,"pos":[1846.34998,-1325.06995,158.056],"rotationMatrix":[0.793275476,-0.608862877,0,0.608862877,0.793275476,0,0,0,1],"scale":1.04470003,"type":"tall_plant"}
{"ctxid":0,"pos":[1845.90002,-1327.48999,158.923996],"rotationMatrix":[0.898028731,-0.439936817,0,0.439936817,0.898028731,0,0,0,1],"scale":0.970700026,"type":"tall_plant"}
{"ctxid":0,"pos":[1841.83997,-1326.17004,159.794998],"rotationMatrix":[0.256043911,-0.966665149,0,0.966665149,0.256043911,0,0,0,1],"scale":0.872200012,"type":"tall_plant"}
{"ctxid":0,"pos":[1415.89001,-1787.68994,171.953995],"rotationMatrix":[0.894199967,0.447667748,0,-0.447667748,0.894199967,0,0,0,1],"scale":0.898299992,"type":"tall_plant"}
{"ctxid":0,"pos":[208.453003,-387.276001,196.630997],"rotationMatrix":[-0.0559872389,0.987289131,-0.148746908,-0.998431504,-0.0553536415,0.00839933101,5.88843541e-05,0.148983851,0.988839626],"scale":0.898999989,"type":"tall_plant"}
{"ctxid":0,"pos":[208.475998,-393.239014,197.878006],"rotationMatrix":[0.0433917046,-0.988699734,0.143492341,0.999058127,0.0429438353,-0.00621829834,-1.40816628e-05,0.143627018,0.989631891],"scale":1.05639994,"type":"tall_plant"}
{"ctxid":0,"pos":[209.031998,-381.593994,195.162003],"rotationMatrix":[0.179954767,0.977961719,-0.105863623,-0.983674884,0.178907394,-0.0193871837,-2.01384519e-05,0.107624203,0.994191647],"scale":0.890900016,"type":"tall_plant"}
{"ctxid":0,"pos":[212.455994,-377.381989,194.613998],"rotationMatrix":[0.852140784,0.523312628,0,-0.523312628,0.852140784,0,0,0,1],"scale":0.937099993,"type":"tall_plant"}
{"ctxid":0,"pos":[114.268997,-257.358002,192.919998],"rotationMatrix":[0.973180771,-0.230041713,0,0.230041713,0.973180771,0,0,0,1],"scale":0.988200009,"type":"tall_plant"}
{"ctxid":0,"pos":[1811.40002,98.4901962,156.141998],"rotationMatrix":[-0.0839807987,-0.996467352,0,0.996467352,-0.0839807987,0,0,0,1],"scale":1.09879994,"type":"tall_plant"}
{"ctxid":0,"pos":[1810.60999,92.0268021,156.263],"rotationMatrix":[0.355887532,0.934528768,0,-0.934528768,0.355887532,0,0,0,1],"scale":0.850399971,"type":"tall_plant"}
{"ctxid":0,"pos":[1817.40002,120.017998,158.343994],"rotationMatrix":[0.272299528,-0.962212563,0,0.962212563,0.272299528,0,0,0,1],"scale":0.885599971,"type":"tall_plant"}
{"ctxid":0,"pos":[1818.69995,120.947998,158.110001],"rotationMatrix":[0.115017891,0.99336344,0,-0.99336344,0.115017891,0,0,0,1],"scale":0.990999997,"type":"tall_plant"}
{"ctxid":0,"pos":[1818.67004,123.472,157.957001],"rotationMatrix":[-0.368188739,-0.929751098,0,0.929751098,-0.368188739,0,0,0,1],"scale":1.08920002,"type":"tall_plant"}
{"ctxid":0,"pos":[1823.06006,123.330002,156.141998],"rotationMatrix":[-0.187956929,0.982177258,0,-0.982177258,-0.187956929,0,0,0,1],"scale":1.09089994,"type":"tall_plant"}
{"ctxid":0,"pos":[1819.20996,122.438004,157.725006],"rotationMatrix":[0.035061717,-0.999385178,0,0.999385178,0.035061717,0,0,0,1],"scale":1.07290006,"type":"tall_plant"}
{"ctxid":0,"pos":[1103.17004,539.911987,182.294006],"rotationMatrix":[-0.551969767,-0.833864152,0,0.833864152,-0.551969767,0,0,0,1],"scale":0.927999973,"type":"tall_plant"}
{"ctxid":0,"pos":[1099.60999,533.948975,182.604996],"rotationMatrix":[-0.456924558,-0.889505446,0,0.889505446,-0.456924558,0,0,0,1],"scale":0.904999971,"type":"tall_plant"}
{"ctxid":0,"pos":[1100.45996,540.432983,182.466003],"rotationMatrix":[-0.220234394,-0.975446999,0,0.975446999,-0.220234394,0,0,0,1],"scale":0.886300027,"type":"tall_plant"}
{"ctxid":0,"pos":[1043.13,503.707001,183.220993],"rotationMatrix":[0.782463908,-0.622695923,0,0.622695923,0.782463908,0,0,0,1],"scale":0.917400002,"type":"tall_plant"}
{"ctxid":0,"pos":[1037.38,506.850006,182.686005],"rotationMatrix":[-0.915315986,0.402736455,0,-0.402736455,-0.915315986,0,0,0,1],"scale":0.881699979,"type":"tall_plant"}
{"ctxid":0,"pos":[1032.16003,510.35199,182.237],"rotationMatrix":[-0.8343786,0.551191747,0,-0.551191747,-0.8343786,0,0,0,1],"scale":0.989199996,"type":"tall_plant"}
{"ctxid":0,"pos":[1015.77002,520.164001,182.132996],"rotationMatrix":[0.852575541,-0.522603989,0,0.522603989,0.852575541,0,0,0,1],"scale":0.971300006,"type":"tall_plant"}
{"ctxid":0,"pos":[1010.54999,523.46698,182.707001],"rotationMatrix":[-0.882187963,0.470897436,0,-0.470897436,-0.882187963,0,0,0,1],"scale":0.941200018,"type":"tall_plant"}
{"ctxid":0,"pos":[1021.27002,517.031982,182.104996],"rotationMatrix":[-0.752191901,0.65894413,0,-0.65894413,-0.752191901,0,0,0,1],"scale":0.854499996,"type":"tall_plant"}
{"ctxid":0,"pos":[1017.46002,523.523987,182.488007],"rotationMatrix":[-0.396454811,-0.918054223,0,0.918054223,-0.396454811,0,0,0,1],"scale":1.03059995,"type":"tall_plant"}
{"ctxid":0,"pos":[1026.07996,514.119019,182.078995],"rotationMatrix":[0.777688861,-0.628649354,0,0.628649354,0.777688861,0,0,0,1],"scale":1.02559996,"type":"tall_plant"}
{"ctxid":0,"pos":[1048.21997,500.23999,183.729996],"rotationMatrix":[-0.932577968,0.36096862,0,-0.36096862,-0.932577968,0,0,0,1],"scale":1.02349997,"type":"tall_plant"}
{"ctxid":0,"pos":[1054,497.066986,184.009003],"rotationMatrix":[0.813705921,-0.581276774,0,0.581276774,0.813705921,0,0,0,1],"scale":0.87650001,"type":"tall_plant"}
{"ctxid":0,"pos":[910.312988,528.734009,185.384003],"rotationMatrix":[-0.280960202,0.959719419,0,-0.959719419,-0.280960202,0,0,0,1],"scale":0.855099976,"type":"tall_plant"}
{"ctxid":0,"pos":[911.090027,525.429993,185.522995],"rotationMatrix":[-0.554084539,0.832460403,0,-0.832460403,-0.554084539,0,0,0,1],"scale":0.890600026,"type":"tall_plant"}
{"ctxid":0,"pos":[908.924988,527.322998,186.339005],"rotationMatrix":[-0.332691312,0.943035781,0,-0.943035781,-0.332691312,0,0,0,1],"scale":1.06889999,"type":"tall_plant"}
{"ctxid":0,"pos":[930.015015,546.64502,187.666],"rotationMatrix":[-0.720512509,0.693441927,0,-0.693441927,-0.720512509,0,0,0,1],"scale":0.990700006,"type":"tall_plant"}
{"ctxid":0,"pos":[932.109985,549.135986,187.800995],"rotationMatrix":[-0.118110538,-0.993000448,0,0.993000448,-0.118110538,0,0,0,1],"scale":1.028,"type":"tall_plant"}
{"ctxid":0,"pos":[935.895996,550.971008,187.731995],"rotationMatrix":[0.973134398,-0.230237797,0,0.230237797,0.973134398,0,0,0,1],"scale":0.93690002,"type":"tall_plant"}
{"ctxid":0,"pos":[935.296021,544.807007,187.302002],"rotationMatrix":[0.921591997,0.38816002,0,-0.38816002,0.921591997,0,0,0,1],"scale":0.994599998,"type":"tall_plant"}
{"ctxid":0,"pos":[925.049988,507.485992,184.410004],"rotationMatrix":[0.866045117,-0.499965847,0,0.499965847,0.866045117,0,0,0,1],"scale":0.892799973,"type":"tall_plant"}
{"ctxid":0,"pos":[919.981018,510.588013,184.667007],"rotationMatrix":[0.818557143,-0.574425101,0,0.574425101,0.818557143,0,0,0,1],"scale":1.03340006,"type":"tall_plant"}
{"ctxid":0,"pos":[893.508972,520.31897,184.709],"rotationMatrix":[-0.586473107,-0.804885268,-0.0906034932,0.808214188,-0.588888645,-8.92060998e-05,-0.0532835685,-0.0732793435,0.995887041],"scale":1.01859999,"type":"tall_plant"}
{"ctxid":0,"pos":[894.103027,524.817993,184.934998],"rotationMatrix":[0.240595222,-0.97062552,0,0.97062552,0.240595222,0,0,0,1],"scale":0.91960001,"type":"tall_plant"}
{"ctxid":0,"pos":[891.312988,529.026001,185.386993],"rotationMatrix":[0.830870748,-0.556465447,0,0.556465447,0.830870748,0,0,0,1],"scale":0.922100008,"type":"tall_plant"}
{"ctxid":0,"pos":[888.093994,531.02301,185.472],"rotationMatrix":[-0.905542493,0.42425558,0,-0.42425558,-0.905542493,0,0,0,1],"scale":1.01180005,"type":"tall_plant"}
{"ctxid":0,"pos":[891.468994,523.866028,185.028],"rotationMatrix":[0.125893593,-0.992043734,0,0.992043734,0.125893593,0,0,0,1],"scale":0.873899996,"type":"tall_plant"}
{"ctxid":0,"pos":[897.659973,533.153992,185.660995],"rotationMatrix":[0.899737597,-0.436431289,0,0.436431289,0.899737597,0,0,0,1],"scale":0.891700029,"type":"tall_plant"}
{"ctxid":0,"pos":[879.492981,544.776978,186.485992],"rotationMatrix":[0.904078007,-0.427367479,0,0.427367479,0.904078007,0,0,0,1],"scale":0.895500004,"type":"tall_plant"}
{"ctxid":0,"pos":[880.875977,546.562988,186.615997],"rotationMatrix":[-0.153680563,-0.988120556,0,0.988120556,-0.153680563,0,0,0,1],"scale":0.994199991,"type":"tall_plant"}
{"ctxid":0,"pos":[882.473999,503.596008,183.664993],"rotationMatrix":[-0.495066285,-0.868855238,0,0.868855238,-0.495066285,0,0,0,1],"scale":0.8829,"type":"tall_plant"}
{"ctxid":0,"pos":[889.356018,513.682983,184.007004],"rotationMatrix":[0.637388706,0.770542443,0,-0.770542443,0.637388706,0,0,0,1],"scale":0.99089998,"type":"tall_plant"}
{"ctxid":0,"pos":[866.059021,541.762024,186.707993],"rotationMatrix":[0.562139153,0.827042639,0,-0.827042639,0.562139153,0,0,0,1],"scale":0.985000014,"type":"tall_plant"}
{"ctxid":0,"pos":[862.317993,536.750977,186.610001],"rotationMatrix":[0.790436625,0.612543821,0,-0.612543821,0.790436625,0,0,0,1],"scale":0.858099997,"type":"tall_plant"}
{"ctxid":0,"pos":[860.161011,533.252014,186.619995],"rotationMatrix":[-0.065737009,-0.981705666,-0.178697154,0.997766256,-0.0668020248,-5.73261968e-05,-0.0118810544,-0.178301752,0.983904123],"scale":0.889299989,"type":"tall_plant"}
{"ctxid":0,"pos":[630.848022,584.677979,174.416],"rotationMatrix":[0.59030652,0.807179153,0,-0.807179153,0.59030652,0,0,0,1],"scale":0.962800026,"type":"tall_plant"}
{"ctxid":0,"pos":[627.893005,539.578979,176.651001],"rotationMatrix":[-0.91296792,0.408031344,0,-0.408031344,-0.91296792,0,0,0,1],"scale":0.92809999,"type":"tall_plant"}
{"ctxid":0,"pos":[602.349976,616.961975,175.5],"rotationMatrix":[-0.958220482,-0.28603062,0,0.28603062,-0.958220482,0,0,0,1],"scale":1.02509999,"type":"tall_plant"}
{"ctxid":0,"pos":[599.482971,617.445984,175.824997],"rotationMatrix":[0.59066844,0.806914389,0,-0.806914389,0.59066844,0,0,0,1],"scale":1.06480002,"type":"tall_plant"}
{"ctxid":0,"pos":[593.505981,615.328979,176.110992],"rotationMatrix":[-0.0643404722,-0.997928023,0,0.997928023,-0.0643404722,0,0,0,1],"scale":0.931599975,"type":"tall_plant"}
{"ctxid":0,"pos":[589.981995,615.76001,176.371994],"rotationMatrix":[0.480615735,0.87693131,0,-0.87693131,0.480615735,0,0,0,1],"scale":0.966000021,"type":"tall_plant"}
{"ctxid":0,"pos":[584.533997,614.254028,176.667007],"rotationMatrix":[0.407692671,0.913119197,0,-0.913119197,0.407692671,0,0,0,1],"scale":0.850000024,"type":"tall_plant"}
{"ctxid":0,"pos":[578.177979,612.679016,176.966995],"rotationMatrix":[0.830637932,-0.556812942,0,0.556812942,0.830637932,0,0,0,1],"scale":0.861899972,"type":"tall_plant"}
{"ctxid":0,"pos":[585.533997,553.132996,175.998993],"rotationMatrix":[0.9296875,0.368349224,0,-0.368349224,0.9296875,0,0,0,1],"scale":0.918500006,"type":"tall_plant"}
{"ctxid":0,"pos":[589.905029,556.054993,175.824005],"rotationMatrix":[-0.809562922,-0.587033093,0,0.587033093,-0.809562922,0,0,0,1],"scale":0.968200028,"type":"tall_plant"}
{"ctxid":0,"pos":[621.916016,545.901978,176.100006],"rotationMatrix":[0.609272003,-0.792961299,0,0.792961299,0.609272003,0,0,0,1],"scale":1.09889996,"type":"tall_plant"}
{"ctxid":0,"pos":[878.862976,497.497986,183.046005],"rotationMatrix":[0.42444706,0.904960573,0.02984979,-0.905363858,0.424636602,-1.19491442e-05,-0.0126861269,-0.027019849,0.999554396],"scale":1.02310002,"type":"tall_plant"}
{"ctxid":0,"pos":[772.151001,382.649994,177.630005],"rotationMatrix":[0.630887747,0.775874138,0,-0.775874138,0.630887747,0,0,0,1],"scale":0.909500003,"type":"tall_plant"}
{"ctxid":0,"pos":[776.875,387.505005,178.268997],"rotationMatrix":[0.56288743,0.826533556,0,-0.826533556,0.56288743,0,0,0,1],"scale":1.00300002,"type":"tall_plant"}
{"ctxid":0,"pos":[775.437561,394.317169,178.414993],"rotationMatrix":[-0.732991695,0.680237651,0,-0.680237651,-0.732991695,0,0,0,1],"scale":0.924799979,"type":"tall_plant"}
{"ctxid":0,"pos":[776.200989,390.248993,178.350006],"rotationMatrix":[0.862712026,-0.505695522,0,0.505695522,0.862712026,0,0,0,1],"scale":0.94660002,"type":"tall_plant"}
{"ctxid":0,"pos":[770.738953,398.46228,178.410995],"rotationMatrix":[0.688581705,-0.725158751,0,0.725158751,0.688581705,0,0,0,1],"scale":0.965600014,"type":"tall_plant"}
{"ctxid":0,"pos":[765.281006,401.091003,178.272003],"rotationMatrix":[0.822391987,-0.568921268,0,0.568921268,0.822391987,0,0,0,1],"scale":1.04429996,"type":"tall_plant"}
{"ctxid":0,"pos":[761.539001,406.109009,178.091003],"rotationMatrix":[0.732380748,-0.680895329,0,0.680895329,0.732380748,0,0,0,1],"scale":1.03120005,"type":"tall_plant"}
{"ctxid":0,"pos":[762.074829,406.866455,178.001007],"rotationMatrix":[0.702295065,-0.711885929,0,0.711885929,0.702295065,0,0,0,1],"scale":0.858799994,"type":"tall_plant"}
{"ctxid":0,"pos":[760.399719,402.200012,177.889008],"rotationMatrix":[-0.792847335,-0.609420657,0,0.609420657,-0.792847335,0,0,0,1],"scale":0.905099988,"type":"tall_plant"}
{"ctxid":0,"pos":[766.250916,402.718597,178.164001],"rotationMatrix":[-0.710652888,0.703542829,0,-0.703542829,-0.710652888,0,0,0,1],"scale":0.956200004,"type":"tall_plant"}
{"ctxid":0,"pos":[762.445007,400.756989,178.259995],"rotationMatrix":[-1,0,0,0,-1,0,0,0,1],"scale":0.853699982,"type":"tall_plant"}
{"ctxid":0,"pos":[776.557007,402.768005,178.300003],"rotationMatrix":[0.700926185,-0.713233829,0,0.713233829,0.700926185,0,0,0,1],"scale":1.12080002,"type":"tall_plant"}
{"ctxid":0,"pos":[783.192993,397.481995,178.345001],"rotationMatrix":[0.676309347,-0.736617744,0,0.736617744,0.676309347,0,0,0,1],"scale":1.06990004,"type":"tall_plant"}
{"ctxid":0,"pos":[770.388977,410.459015,178.102997],"rotationMatrix":[0.940556526,-0.33963719,0,0.33963719,0.940556526,0,0,0,1],"scale":1.00800002,"type":"tall_plant"}
{"ctxid":0,"pos":[788.619995,370.348999,177.328003],"rotationMatrix":[0.35316062,0.93556273,0,-0.93556273,0.35316062,0,0,0,1],"scale":1.03069997,"type":"tall_plant"}
{"ctxid":0,"pos":[703.60498,411.221985,177.177002],"rotationMatrix":[0.0283819437,0.999597132,0,-0.999597132,0.0283819437,0,0,0,1],"scale":0.964399993,"type":"tall_plant"}
{"ctxid":0,"pos":[704.18103,408.203003,177.084],"rotationMatrix":[-0.384115219,-0.923285186,0,0.923285186,-0.384115219,0,0,0,1],"scale":0.850899994,"type":"tall_plant"}
{"ctxid":0,"pos":[703.414978,402.257996,176.863007],"rotationMatrix":[-0.080450058,-0.99675864,0,0.99675864,-0.080450058,0,0,0,1],"scale":0.898500025,"type":"tall_plant"}
{"ctxid":0,"pos":[706.117981,397.649994,176.477997],"rotationMatrix":[0.744530439,0.667588532,0,-0.667588532,0.744530439,0,0,0,1],"scale":0.8653,"type":"tall_plant"}
{"ctxid":0,"pos":[706.070984,399.744995,176.895996],"rotationMatrix":[-0.444165826,0.875775158,0.189035818,-0.891858101,-0.452315331,-3.35354998e-05,0.0854744315,-0.168608025,0.981970191],"scale":1.02540004,"type":"tall_plant"}
{"ctxid":0,"pos":[704.731995,394.381989,175.343002],"rotationMatrix":[0.236646414,-0.971595824,0,0.971595824,0.236646414,0,0,0,1],"scale":0.934400022,"type":"tall_plant"}
{"ctxid":0,"pos":[707.93103,394.002991,175.649002],"rotationMatrix":[-0.562558413,-0.82675755,0,0.82675755,-0.562558413,0,0,0,1],"scale":0.886300027,"type":"tall_plant"}
{"ctxid":0,"pos":[704.588013,390.507996,174.576004],"rotationMatrix":[-0.417254448,0.908789694,0,-0.908789694,-0.417254448,0,0,0,1],"scale":0.956700027,"type":"tall_plant"}
{"ctxid":0,"pos":[746.763977,421.131012,177.774002],"rotationMatrix":[-0.62468338,0.780878127,0,-0.780878127,-0.62468338,0,0,0,1],"scale":0.753700018,"type":"tall_plant"}
{"ctxid":0,"pos":[694.849976,405.502991,176.886002],"rotationMatrix":[-0.0687220097,0.997635841,0,-0.997635841,-0.0687220097,0,0,0,1],"scale":0.938499987,"type":"tall_plant"}
{"ctxid":0,"pos":[695.267029,399.43399,176.335007],"rotationMatrix":[0.00999343395,0.992345691,0.123086073,-0.999949336,0.0100631714,5.51099183e-05,-0.00118394813,-0.123080395,0.992395997],"scale":0.902100027,"type":"tall_plant"}
{"ctxid":0,"pos":[697.177002,378.977997,173.253998],"rotationMatrix":[-0.269461751,0.963011086,0,-0.963011086,-0.269461751,0,0,0,1],"scale":0.918200016,"type":"tall_plant"}
{"ctxid":0,"pos":[715.645996,369.342987,173.358994],"rotationMatrix":[-0.838978291,0.544164896,0,-0.544164896,-0.838978291,0,0,0,1],"scale":0.899299979,"type":"tall_plant"}
{"ctxid":0,"pos":[710.646973,373.937988,173.197998],"rotationMatrix":[-0.728312373,0.685245275,0,-0.685245275,-0.728312373,0,0,0,1],"scale":0.889400005,"type":"tall_plant"}
{"ctxid":0,"pos":[700.284973,373.52301,173],"rotationMatrix":[-0.820613623,0.571483433,0,-0.571483433,-0.820613623,0,0,0,1],"scale":0.850199997,"type":"tall_plant"}
{"ctxid":0,"pos":[704.197021,369.488007,173.009995],"rotationMatrix":[0.613503695,-0.789691865,0,0.789691865,0.613503695,0,0,0,1],"scale":0.90079999,"type":"tall_plant"}
{"ctxid":0,"pos":[708.557983,365.274994,173.306],"rotationMatrix":[0.7307688,-0.682625055,0,0.682625055,0.7307688,0,0,0,1],"scale":1.08109999,"type":"tall_plant"}
{"ctxid":0,"pos":[713.400024,359.963989,173.695007],"rotationMatrix":[-0.860906482,0.508763254,0,-0.508763254,-0.860906482,0,0,0,1],"scale":1.01890004,"type":"tall_plant"}
{"ctxid":0,"pos":[718.78302,355.029999,173.981003],"rotationMatrix":[0.581936359,-0.813234329,0,0.813234329,0.581936359,0,0,0,1],"scale":1.08229995,"type":"tall_plant"}
{"ctxid":0,"pos":[724.049011,349.862,174.024002],"rotationMatrix":[-0.693904161,0.720067382,0,-0.720067382,-0.693904161,0,0,0,1],"scale":0.965900004,"type":"tall_plant"}
{"ctxid":0,"pos":[728.728027,345.145996,174.039001],"rotationMatrix":[0.52624619,-0.85033226,0,0.85033226,0.52624619,0,0,0,1],"scale":0.912800014,"type":"tall_plant"}
{"ctxid":0,"pos":[734.083984,340.731995,174.136993],"rotationMatrix":[-0.811465621,0.584400177,0,-0.584400177,-0.811465621,0,0,0,1],"scale":0.868900001,"type":"tall_plant"}
{"ctxid":0,"pos":[737.310974,339.946014,174.169998],"rotationMatrix":[-0.986423016,-0.164224342,0,0.164224342,-0.986423016,0,0,0,1],"scale":1.03900003,"type":"tall_plant"}
{"ctxid":0,"pos":[743.393982,340.411987,174.173004],"rotationMatrix":[-0.99520278,-0.0978336707,0,0.0978336707,-0.99520278,0,0,0,1],"scale":0.852599978,"type":"tall_plant"}
{"ctxid":0,"pos":[600.781006,422.428009,172.664001],"rotationMatrix":[-0.817561746,0.57584095,0,-0.57584095,-0.817561746,0,0,0,1],"scale":1.00520003,"type":"tall_plant"}
{"ctxid":0,"pos":[553.690002,489.423004,176.600998],"rotationMatrix":[0.895392656,0.445277423,0,-0.445277423,0.895392656,0,0,0,1],"scale":0.990199983,"type":"tall_plant"}
{"ctxid":0,"pos":[554.025024,487.868988,176.595993],"rotationMatrix":[-0.991608858,-0.129274413,0,0.129274413,-0.991608858,0,0,0,1],"scale":0.862900019,"type":"tall_plant"}
{"ctxid":0,"pos":[547.284973,487.519989,176.608994],"rotationMatrix":[0.997422457,-0.0717526525,0,0.0717526525,0.997422457,0,0,0,1],"scale":0.851300001,"type":"tall_plant"}
{"ctxid":0,"pos":[543.252991,487.220001,176.889008],"rotationMatrix":[0.997507811,-0.070556134,0,0.070556134,0.997507811,0,0,0,1],"scale":0.852199972,"type":"tall_plant"}
{"ctxid":0,"pos":[530.659973,484.615997,177.044998],"rotationMatrix":[-0.951892853,-0.306431055,0,0.306431055,-0.951892853,0,0,0,1],"scale":1.05480003,"type":"tall_plant"}
{"ctxid":0,"pos":[597.106018,152.270996,181.296005],"rotationMatrix":[0.960068703,0.279764354,0,-0.279764354,0.960068703,0,0,0,1],"scale":1.09920001,"type":"tall_plant"}
{"ctxid":0,"pos":[596.192017,153.695007,181.222],"rotationMatrix":[-0.527402401,-0.849615633,0,0.849615633,-0.527402401,0,0,0,1],"scale":1.06910002,"type":"tall_plant"}
{"ctxid":0,"pos":[606.375977,139.186005,181.345993],"rotationMatrix":[0.569593549,0.821926534,0,-0.821926534,0.569593549,0,0,0,1],"scale":1.08770001,"type":"tall_plant"}
{"ctxid":0,"pos":[605.215027,138.975998,181.664993],"rotationMatrix":[-0.99520278,0.0978336707,0,-0.0978336707,-0.99520278,0,0,0,1],"scale":0.869400024,"type":"tall_plant"}
{"ctxid":0,"pos":[610.419006,142.557007,181.001999],"rotationMatrix":[0.976107001,0.217290416,0,-0.217290416,0.976107001,0,0,0,1],"scale":0.855400026,"type":"tall_plant"}
{"ctxid":0,"pos":[501.179993,96.4132996,187.856003],"rotationMatrix":[0.979110241,-0.203330114,0,0.203330114,0.979110241,0,0,0,1],"scale":0.873399973,"type":"tall_plant"}
{"ctxid":0,"pos":[501.287994,88.0966034,187.320007],"rotationMatrix":[0.496594191,0.867982864,0,-0.867982864,0.496594191,0,0,0,1],"scale":1.00619996,"type":"tall_plant"}
{"ctxid":0,"pos":[390.944,574.346008,172.748993],"rotationMatrix":[-0.908667207,-0.417521149,0,0.417521149,-0.908667207,0,0,0,1],"scale":0.854300022,"type":"tall_plant"}
{"ctxid":0,"pos":[386.316986,571.090027,173.440994],"rotationMatrix":[-0.407170892,-0.913352013,0,0.913352013,-0.407170892,0,0,0,1],"scale":1.05910003,"type":"tall_plant"}
{"ctxid":0,"pos":[381.859985,570.221008,173.738007],"rotationMatrix":[0.991884708,0.127140567,0,-0.127140567,0.991884708,0,0,0,1],"scale":0.874000013,"type":"tall_plant"}
{"ctxid":0,"pos":[378.877014,567.460022,173.936996],"rotationMatrix":[0.0053858757,-0.999985516,0,0.999985516,0.0053858757,0,0,0,1],"scale":0.857299984,"type":"tall_plant"}
{"ctxid":0,"pos":[375.937012,565.711975,173.929993],"rotationMatrix":[-0.668964505,-0.743294358,0,0.743294358,-0.668964505,0,0,0,1],"scale":0.929400027,"type":"tall_plant"}
{"ctxid":0,"pos":[432.227997,604.546997,169.117004],"rotationMatrix":[-0.0857485533,0.996316791,0,-0.996316791,-0.0857485533,0,0,0,1],"scale":0.965200007,"type":"tall_plant"}
{"ctxid":0,"pos":[435.351013,602.752014,170.216995],"rotationMatrix":[0.0773746967,-0.997002065,0,0.997002065,0.0773746967,0,0,0,1],"scale":0.888400018,"type":"tall_plant"}
{"ctxid":0,"pos":[430.553986,612.614014,168.572006],"rotationMatrix":[0.301910758,-0.953336179,0,0.953336179,0.301910758,0,0,0,1],"scale":0.995400012,"type":"tall_plant"}
{"ctxid":0,"pos":[432.221985,610.325989,169.194],"rotationMatrix":[0.71271801,-0.701450646,0,0.701450646,0.71271801,0,0,0,1],"scale":0.851400018,"type":"tall_plant"}
{"ctxid":0,"pos":[431.997986,615.083008,168.923996],"rotationMatrix":[0.316017866,-0.948753238,0,0.948753238,0.316017866,0,0,0,1],"scale":0.868700027,"type":"tall_plant"}
{"ctxid":0,"pos":[407.436005,593.950012,169.656998],"rotationMatrix":[0.28909111,-0.957301617,0,0.957301617,0.28909111,0,0,0,1],"scale":1.08449996,"type":"tall_plant"}
{"ctxid":0,"pos":[406.397003,600.961975,169.177002],"rotationMatrix":[-0.157328963,0.987546265,0,-0.987546265,-0.157328963,0,0,0,1],"scale":1.02170002,"type":"tall_plant"}
{"ctxid":0,"pos":[405.186005,598.361023,169.813995],"rotationMatrix":[-0.0136032104,0.999907494,0,-0.999907494,-0.0136032104,0,0,0,1],"scale":0.978399992,"type":"tall_plant"}
{"ctxid":0,"pos":[402.544006,593.497009,171.804993],"rotationMatrix":[-0.243780017,0.969830573,0,-0.969830573,-0.243780017,0,0,0,1],"scale":1.00320005,"type":"tall_plant"}
{"ctxid":0,"pos":[403.423004,594.533997,171.227997],"rotationMatrix":[-0.0408359766,0.999165893,0,-0.999165893,-0.0408359766,0,0,0,1],"scale":0.977299988,"type":"tall_plant"}
{"ctxid":0,"pos":[403.459015,562.247009,168.819],"rotationMatrix":[0.67582655,-0.737060726,0,0.737060726,0.67582655,0,0,0,1],"scale":0.886399984,"type":"tall_plant"}
{"ctxid":0,"pos":[404.772003,565.119019,168.690002],"rotationMatrix":[-0.761564493,-0.648089111,0,0.648089111,-0.761564493,0,0,0,1],"scale":1.04050004,"type":"tall_plant"}
{"ctxid":0,"pos":[402.862,558.429993,168.804993],"rotationMatrix":[-0.884905219,-0.465771139,0,0.465771139,-0.884905219,0,0,0,1],"scale":0.884199977,"type":"tall_plant"}
{"ctxid":0,"pos":[401.290009,554.424011,168.955994],"rotationMatrix":[0.421327233,0.906908691,0,-0.906908691,0.421327233,0,0,0,1],"scale":0.918099999,"type":"tall_plant"}
{"ctxid":0,"pos":[427.618011,564.978027,169.658997],"rotationMatrix":[0.4736619,-0.880706787,0,0.880706787,0.4736619,0,0,0,1],"scale":1.06910002,"type":"tall_plant"}
{"ctxid":0,"pos":[428.621002,571.025024,169.514008],"rotationMatrix":[-0.985625863,0.168942764,0,-0.168942764,-0.985625863,0,0,0,1],"scale":1.07229996,"type":"tall_plant"}
{"ctxid":0,"pos":[430.778992,572.906006,169.988998],"rotationMatrix":[-0.966541052,-0.256511986,0,0.256511986,-0.966541052,0,0,0,1],"scale":0.872600019,"type":"tall_plant"}
{"ctxid":0,"pos":[343.643005,571.603027,172.981003],"rotationMatrix":[-0.989613414,-0.143754274,0,0.143754274,-0.989613414,0,0,0,1],"scale":1.005,"type":"tall_plant"}
{"ctxid":0,"pos":[351.15799,572.690002,173.397003],"rotationMatrix":[0.985070109,0.172153652,0,-0.172153652,0.985070109,0,0,0,1],"scale":1.06200004,"type":"tall_plant"}
{"ctxid":0,"pos":[356.15799,575.213989,173.348999],"rotationMatrix":[0.737477422,0.675371766,0,-0.675371766,0.737477422,0,0,0,1],"scale":0.929199994,"type":"tall_plant"}
{"ctxid":0,"pos":[349.877991,575.476013,173.815002],"rotationMatrix":[-0.844352245,0.535788476,0,-0.535788476,-0.844352245,0,0,0,1],"scale":0.910600007,"type":"tall_plant"}
{"ctxid":0,"pos":[346.061005,574.411011,173.602997],"rotationMatrix":[0.972010136,0.23493892,0,-0.23493892,0.972010136,0,0,0,1],"scale":0.891900003,"type":"tall_plant"}
{"ctxid":0,"pos":[203.442001,538.263977,177.645004],"rotationMatrix":[-0.981244206,-0.192768797,0,0.192768797,-0.981244206,0,0,0,1],"scale":0.873399973,"type":"tall_plant"}
{"ctxid":0,"pos":[223.554993,534.140015,177.511002],"rotationMatrix":[0.995372772,0.0960887298,0,-0.0960887298,0.995372772,0,0,0,1],"scale":0.978799999,"type":"tall_plant"}
{"ctxid":0,"pos":[222.845001,535.229004,177.667999],"rotationMatrix":[0.872083187,0.48935765,0,-0.48935765,0.872083187,0,0,0,1],"scale":0.895600021,"type":"tall_plant"}
{"ctxid":0,"pos":[216.962997,534.086975,177.654999],"rotationMatrix":[0.981065392,0.193676785,0,-0.193676785,0.981065392,0,0,0,1],"scale":0.935199976,"type":"tall_plant"}
{"ctxid":0,"pos":[210.063004,532.531982,177.692993],"rotationMatrix":[-0.966541052,-0.256511986,0,0.256511986,-0.966541052,0,0,0,1],"scale":0.904900014,"type":"tall_plant"}
{"ctxid":0,"pos":[203.953995,531.184021,177.809006],"rotationMatrix":[0.983182192,0.182627425,0,-0.182627425,0.983182192,0,0,0,1],"scale":0.899200022,"type":"tall_plant"}
{"ctxid":0,"pos":[231.171997,544.825989,178.007004],"rotationMatrix":[0.967538476,0.252723753,0,-0.252723753,0.967538476,0,0,0,1],"scale":0.885699987,"type":"tall_plant"}
{"ctxid":0,"pos":[235.110001,548.190979,177.880005],"rotationMatrix":[-0.251994848,-0.967728555,0,0.967728555,-0.251994848,0,0,0,1],"scale":0.924799979,"type":"tall_plant"}
{"ctxid":0,"pos":[233.524994,546.713013,177.990997],"rotationMatrix":[-0.618560433,-0.785737216,0,0.785737216,-0.618560433,0,0,0,1],"scale":0.875899971,"type":"tall_plant"}
{"ctxid":0,"pos":[44.7478981,504.998993,178.522995],"rotationMatrix":[-0.539661407,-0.841882169,0,0.841882169,-0.539661407,0,0,0,1],"scale":0.943300009,"type":"tall_plant"}
{"ctxid":0,"pos":[54.1991997,510.756989,178.522995],"rotationMatrix":[0.970085382,-0.242763981,0,0.242763981,0.970085382,0,0,0,1],"scale":0.858900011,"type":"tall_plant"}
{"ctxid":0,"pos":[56.6805992,513.437012,178.371994],"rotationMatrix":[0.992895603,-0.118988745,0,0.118988745,0.992895603,0,0,0,1],"scale":0.91079998,"type":"tall_plant"}
{"ctxid":0,"pos":[57.5339012,512.39502,178.5],"rotationMatrix":[0.363582373,0.931562066,0,-0.931562066,0.363582373,0,0,0,1],"scale":0.987600029,"type":"tall_plant"}
{"ctxid":0,"pos":[437.036987,383.799011,170.550003],"rotationMatrix":[0.96446228,0.264220566,0,-0.264220566,0.96446228,0,0,0,1],"scale":0.935800016,"type":"tall_plant"}
{"ctxid":0,"pos":[438.454987,383.286011,170.283997],"rotationMatrix":[0.245516777,0.969392359,0,-0.969392359,0.245516777,0,0,0,1],"scale":1.04120004,"type":"tall_plant"}
{"ctxid":0,"pos":[436.993011,387.296997,170.449997],"rotationMatrix":[0.840726376,0.541460216,0,-0.541460216,0.840726376,0,0,0,1],"scale":0.934199989,"type":"tall_plant"}
{"ctxid":0,"pos":[436.454987,390.928009,170.595993],"rotationMatrix":[-0.996002078,0.0893300623,0,-0.0893300623,-0.996002078,0,0,0,1],"scale":0.850099981,"type":"tall_plant"}
{"ctxid":0,"pos":[436.100006,393.459015,170.692993],"rotationMatrix":[-0.498180389,-0.867073417,0,0.867073417,-0.498180389,0,0,0,1],"scale":0.894400001,"type":"tall_plant"}
{"ctxid":0,"pos":[437.82901,398.80899,170.371002],"rotationMatrix":[-0.960991979,-0.276576251,0,0.276576251,-0.960991979,0,0,0,1],"scale":0.994400024,"type":"tall_plant"}
{"ctxid":0,"pos":[454.604004,391.037994,170.253998],"rotationMatrix":[-0.911403418,0.411514044,0,-0.411514044,-0.911403418,0,0,0,1],"scale":1.00530005,"type":"tall_plant"}
{"ctxid":0,"pos":[454.11499,390.138,170.173004],"rotationMatrix":[0.804187179,0.594376147,0,-0.594376147,0.804187179,0,0,0,1],"scale":0.944199979,"type":"tall_plant"}
{"ctxid":0,"pos":[454.356995,393.437988,170.233002],"rotationMatrix":[-0.290260553,0.956947625,0,-0.956947625,-0.290260553,0,0,0,1],"scale":0.959900022,"type":"tall_plant"}
{"ctxid":0,"pos":[455.464996,400.901001,170.147003],"rotationMatrix":[-0.598471999,-0.801143706,0,0.801143706,-0.598471999,0,0,0,1],"scale":0.949000001,"type":"tall_plant"}
{"ctxid":0,"pos":[453.503998,382.045013,170.259003],"rotationMatrix":[0.937624931,-0.347648501,0,0.347648501,0.937624931,0,0,0,1],"scale":0.852900028,"type":"tall_plant"}
{"ctxid":0,"pos":[453.69101,376.822998,170.356995],"rotationMatrix":[-0.0195919275,-0.999808073,0,0.999808073,-0.0195919275,0,0,0,1],"scale":0.888999999,"type":"tall_plant"}
{"ctxid":0,"pos":[455.161011,380.295013,170.535004],"rotationMatrix":[-0.652925611,-0.75742203,0,0.75742203,-0.652925611,0,0,0,1],"scale":1.04809999,"type":"tall_plant"}
{"ctxid":0,"pos":[454.834991,377.268005,170.535004],"rotationMatrix":[0.936845422,-0.349743694,0,0.349743694,0.936845422,0,0,0,1],"scale":0.850099981,"type":"tall_plant"}
{"ctxid":0,"pos":[434.803986,387.678986,171.044998],"rotationMatrix":[0.831568003,-0.555422962,0,0.555422962,0.831568003,0,0,0,1],"scale":0.866400003,"type":"tall_plant"}
{"ctxid":0,"pos":[432.619995,382.984985,171.654999],"rotationMatrix":[-0.204352021,0.978897452,0,-0.978897452,-0.204352021,0,0,0,1],"scale":0.947000027,"type":"tall_plant"}
{"ctxid":0,"pos":[460.90799,332.946014,169.979004],"rotationMatrix":[-0.618560433,-0.785737216,0,0.785737216,-0.618560433,0,0,0,1],"scale":0.871200025,"type":"tall_plant"}
{"ctxid":0,"pos":[461.178986,331.283997,170.014008],"rotationMatrix":[-0.187648773,-0.982236207,0,0.982236207,-0.187648773,0,0,0,1],"scale":0.878300011,"type":"tall_plant"}
{"ctxid":0,"pos":[461.977997,337.152008,169.987],"rotationMatrix":[-0.522512555,-0.852631569,0,0.852631569,-0.522512555,0,0,0,1],"scale":0.996599972,"type":"tall_plant"}
{"ctxid":0,"pos":[462.776001,341.403992,170.095993],"rotationMatrix":[0.126950979,-0.991908967,0,0.991908967,0.126950979,0,0,0,1],"scale":1.04550004,"type":"tall_plant"}
{"ctxid":0,"pos":[461.906006,323.145996,169.983994],"rotationMatrix":[0.928482413,-0.371376365,0,0.371376365,0.928482413,0,0,0,1],"scale":1.06500006,"type":"tall_plant"}
{"ctxid":0,"pos":[461.140015,320.945007,170.522995],"rotationMatrix":[-0.0901738405,-0.995926023,0,0.995926023,-0.0901738405,0,0,0,1],"scale":1.08360004,"type":"tall_plant"}
{"ctxid":0,"pos":[461.026001,314.69101,170.598007],"rotationMatrix":[-0.256112576,0.966646969,0,-0.966646969,-0.256112576,0,0,0,1],"scale":0.858900011,"type":"tall_plant"}
{"ctxid":0,"pos":[462.363007,311.553009,170.755997],"rotationMatrix":[0.618760824,0.785579443,0,-0.785579443,0.618760824,0,0,0,1],"scale":0.933700025,"type":"tall_plant"}
{"ctxid":0,"pos":[462.716003,314.109009,170.703003],"rotationMatrix":[0.925887585,0.377799124,0,-0.377799124,0.925887585,0,0,0,1],"scale":0.919399977,"type":"tall_plant"}
{"ctxid":0,"pos":[462.205994,309.812988,170.826004],"rotationMatrix":[-0.0675526857,0.997715712,0,-0.997715712,-0.0675526857,0,0,0,1],"scale":0.89289999,"type":"tall_plant"}
{"ctxid":0,"pos":[461.579987,306.330994,170.854996],"rotationMatrix":[-0.099347949,0.995052755,0,-0.995052755,-0.099347949,0,0,0,1],"scale":0.86680001,"type":"tall_plant"}
{"ctxid":0,"pos":[458.933014,302.796997,171.056],"rotationMatrix":[0.544560313,0.838721693,0,-0.838721693,0.544560313,0,0,0,1],"scale":0.888899982,"type":"tall_plant"}
{"ctxid":0,"pos":[457.209991,299.867004,171.080994],"rotationMatrix":[0.296227455,-0.955117404,0,0.955117404,0.296227455,0,0,0,1],"scale":0.885100007,"type":"tall_plant"}
{"ctxid":0,"pos":[460.770996,302.341003,170.912994],"rotationMatrix":[0.754159212,0.656691611,0,-0.656691611,0.754159212,0,0,0,1],"scale":0.864400029,"type":"tall_plant"}
{"ctxid":0,"pos":[454.497009,291.341003,171.606003],"rotationMatrix":[0.476121545,0.879379511,0,-0.879379511,0.476121545,0,0,0,1],"scale":0.853999972,"type":"tall_plant"}
{"ctxid":0,"pos":[452.993011,286.247009,171.856003],"rotationMatrix":[0.822272778,0.569093585,0,-0.569093585,0.822272778,0,0,0,1],"scale":0.850099981,"type":"tall_plant"}
{"ctxid":0,"pos":[455.21701,294.04599,171.460999],"rotationMatrix":[0.349287748,0.937015533,0,-0.937015533,0.349287748,0,0,0,1],"scale":0.863399982,"type":"tall_plant"}
