{"name":"fre_staging_norteRallyStage4","class":"BeamNGTrigger","__parent":"Norte Rally Stage 4","position":[1131.75928,53.3271713,268.274078],"luaFunction":"onBeamNGTrigger","rotationMatrix":[-0.929860473,0.366995275,0.0259500165,-0.366598129,-0.930187821,0.0188617036,0.0310605559,0.00802552886,0.999485254],"scale":[6.3856039,0.739773929,3.83414936]}
{"name":"fre_start_norteRallyStage4","class":"BeamNGTrigger","__parent":"Norte Rally Stage 4","position":[1132.01746,53.9470673,268.176788],"luaFunction":"onBeamNGTrigger","rotationMatrix":[-0.929860473,0.366995275,0.0259500165,-0.366598129,-0.930187821,0.0188617036,0.0310605559,0.00802552886,0.999485254],"scale":[6.3856039,1.37468839,3.83414936]}
{"name":"fre_finish_norteRallyStage4","class":"BeamNGTrigger","__parent":"Norte Rally Stage 4","position":[1523.84802,1611.02905,145.046387],"luaFunction":"onBeamNGTrigger","rotationMatrix":[0.55892086,-0.829094052,0.0145184826,0.829069376,0.558398008,-0.0289113075,0.0158630908,0.0281959623,0.999476552],"scale":[6.61105108,0.739773929,4.13503742]}
{"name":"norteRallyStage4","class":"DecalRoad","persistentId":"a7c83fdd-7222-43b8-922a-a0eae142ceb6","__parent":"Norte Rally Stage 4","position":[1132.0575,54.7826614,267.214783],"improvedSpline":true,"material":"road_invisible","nodes":[[1132.0575,54.7826614,267.214783,5],[1137.04431,70.8283081,267.281372,5],[1148.37952,107.373024,265.243835,5],[1158.94409,121.03775,262.771545,5],[1174.5863,126.278519,258.465942,5],[1198.89453,124.273735,255.863556,5],[1205.22852,124.228035,255.937866,5],[1210.46301,127.035286,255.872604,5],[1224.38074,135.906693,255.199234,5],[1228.05115,137.795502,254.739655,5],[1233.29834,136.946747,254.492371,5],[1243.22815,131.532043,253.111084,5],[1264.3374,118.925102,250.128464,5],[1284.27576,110.794083,248.087982,5],[1290.76733,103.440369,246.903152,5],[1288.93542,92.6527863,245.804596,5],[1278.43994,62.0430756,243.065231,5],[1256.08582,3.51243019,237.291275,5],[1244.36792,-18.0225296,236.716675,5],[1225.66235,-40.1691322,235.135193,5],[1211.95374,-64.3369141,233.920883,5],[1213.90845,-70.8401031,233.595947,5],[1220.6665,-69.3851776,233.110275,5],[1227.13928,-55.9233131,231.88649,5],[1243.61401,-39.4963226,230.206497,5],[1273.35498,-15.5139084,227.603119,5],[1295.75781,13.0924454,223.183701,5],[1336.92322,67.3327179,219.427841,5],[1345.44751,90.4499054,217.194702,5],[1351.63538,130.855408,212.911179,5],[1354.59558,190.355011,205.707489,5],[1345.10925,212.15181,203.521988,5],[1301.72668,240.398895,199.804459,5],[1287.54761,255.267548,198.298096,5],[1292.15222,268.281738,197.722275,5],[1308.6897,286.612457,195.180008,5],[1315.67725,306.978729,192.861206,5],[1323.32666,344.791321,189.236664,5],[1347.5105,382.482086,183.88913,5],[1367.81396,399.277557,180.942291,5],[1378.07617,412.880737,179.323853,5],[1380.84851,426.031616,178.008652,5],[1390.89624,434.807373,176.364716,5],[1400.20508,428.558838,174.820587,5],[1405.32739,392.493073,174.322372,5],[1411.38892,334.50415,169.968735,5],[1418.28577,264.104797,166.486481,5],[1422.0116,249.687057,165.159943,5],[1435.70532,245.107269,162.357697,5],[1477.38831,247.33876,153.863266,5],[1529.0968,246.709259,143.336685,5],[1539.07715,248.50206,141.920471,5],[1594.9834,268.19635,140.996094,5],[1608.80151,280.452972,140.730835,5],[1608.7666,291.520233,140.597885,5],[1601.28235,325.787476,140.581467,5],[1593.45068,378.292755,140.574631,5],[1591.60327,424.309814,140.587585,5],[1599.8042,478.451935,140.575684,5],[1617.0365,525.96814,140.728882,5],[1645.17297,580.345093,145.459183,5],[1671.36108,627.530823,146.984573,5],[1680.875,669.931885,146.968979,5],[1673.802,718.632202,144.687653,5],[1657.55518,758.729126,142.950211,5],[1619.08582,833.5578,149.066971,5],[1609.82178,869.669556,147.043518,5],[1614.04395,908.782898,146.967178,5],[1635.36597,945.022888,146.610168,5],[1673.76074,983.49231,141.707428,5],[1700.74341,1014.05444,141.030365,5],[1733.33374,1048.34106,141.145447,5],[1748.93896,1090.44592,143.794861,5],[1768.89185,1135.7594,149.625763,5],[1799.45996,1185.07104,156.74617,5],[1833.12268,1245.4342,163.504791,5],[1840.53918,1283.98999,166.90387,5],[1835.18994,1324.40894,170.008224,5],[1817.71716,1370.64453,173.708771,5],[1787.93994,1411.89221,177.430939,5],[1761.49463,1466.09729,179.486801,5],[1716.34216,1540.79651,180.035522,5],[1703.38123,1561.29822,180.577866,5],[1703.33154,1576.69434,179.385864,5],[1712.06238,1611.50684,175.916779,5],[1707.36035,1650.92712,171.678467,5],[1684.9812,1680.19482,166.670319,5],[1638.50916,1681.26746,160.418991,5],[1595.52747,1664.39001,153.78595,5],[1559.61584,1642.82324,148.617661,5],[1536.9707,1620.65503,145.138168,5],[1524.27075,1611.21826,143.357086,5]]}
{"class":"TSStatic","__parent":"Norte Rally Stage 4","position":[1524.62122,1611.41833,143.583313],"isRenderEnabled":false,"rotationMatrix":[-0.561308384,0.82739377,-0.0187963769,-0.815653324,-0.556904435,-0.15674147,-0.14015466,-0.0726489127,0.987460792],"scale":[1.25,1,1],"shapeName":"/levels/italy/art/shapes/race/race_rally_gate_finish.dae","useInstanceRenderData":true}
{"class":"TSStatic","__parent":"Norte Rally Stage 4","position":[1131.38147,53.8412704,268.677399],"isRenderEnabled":false,"rotationMatrix":[0.928594708,-0.371095538,0,0.371095538,0.928594708,0,0,0,1],"shapeName":"/levels/italy/art/shapes/buildings/race_rally_gate.dae","useInstanceRenderData":true}
