{"name":"claudioAuto_area","class":"BeamNGGameplayArea","__parent":"career_dealerships","position":[-1118.05322,936.844482,384.982819],"rotationMatrix":[0.99999994,0,0,0,0.99999994,0,0,0,0.999999881],"scale":[1,1.29851007,1.49128199]}
{"name":"claudioAuto_icon","class":"BeamNGPointOfInterest","__parent":"career_dealerships","position":[-1118.14417,936.893738,385.430634],"rotationMatrix":[0.982302547,-0.18730104,-3.25962901e-09,0.18675828,0.979456127,-0.0760729909,0.0142485518,0.0747267008,0.997102261]}
{"name":"garantitoAuto_area","class":"BeamNGGameplayArea","__parent":"career_dealerships","position":[223.942963,-321.063843,193.395218],"rotationMatrix":[0.99999994,0,0,0,0.99999994,0,0,0,0.999999881],"scale":[1,1.29851007,1.49128199]}
{"name":"garantitoAuto_icon","class":"BeamNGPointOfInterest","__parent":"career_dealerships","position":[223.85202,-321.014587,193.843033],"rotationMatrix":[0.982302547,-0.18730104,-3.25962901e-09,0.18675828,0.979456127,-0.0760729909,0.0142485518,0.0747267008,0.997102261]}
{"name":"temerariaAuto_area","class":"BeamNGGameplayArea","__parent":"career_dealerships","position":[899.267822,1306.13013,145.289108],"rotationMatrix":[0.99999994,0,0,0,0.99999994,0,0,0,0.999999881],"scale":[1,1.29851007,1.49128199]}
{"name":"temerariaAuto_icon","class":"BeamNGPointOfInterest","__parent":"career_dealerships","position":[899.17688,1306.17944,145.736923],"rotationMatrix":[0.982302547,-0.18730104,-3.25962901e-09,0.18675828,0.979456127,-0.0760729909,0.0142485518,0.0747267008,0.997102261]}
{"name":"FBXAuto_area","class":"BeamNGGameplayArea","__parent":"career_dealerships","position":[1196.18396,-833.945374,147.098816],"rotationMatrix":[0.530808568,0.847491741,0,-0.847491741,0.530808568,0,0,0,1],"scale":[1,1.29851007,1.49128199]}
{"name":"FBXAuto_icon","class":"BeamNGPointOfInterest","__parent":"career_dealerships","position":[1196.09387,-833.996277,147.546631],"rotationMatrix":[0.680150747,0.733072221,-1.86264515e-09,-0.730947912,0.67817986,-0.076072976,-0.0557669923,0.0517410934,0.997102261]}
{"name":"portinoAuto_icon","class":"BeamNGPointOfInterest","__parent":"career_dealerships","position":[-696.221985,-1330.26367,141.836975],"rotationMatrix":[0.217263877,-0.976112902,1.11758709e-08,0.973284423,0.216634333,-0.076072976,0.0742558092,0.0165279247,0.997102261]}
{"name":"portinoAuto_area","class":"BeamNGGameplayArea","__parent":"career_dealerships","position":[-696.231262,-1330.3667,141.38916],"rotationMatrix":[0.396246135,-0.918144345,0,0.918144345,0.396246135,0,0,0,1],"scale":[1,1.29851007,1.49128199]}
{"name":"biancoAuto_area","class":"BeamNGGameplayArea","__parent":"career_dealerships","position":[-1808.78149,1521.74023,144.282684],"rotationMatrix":[-0.0553945303,-0.997940361,0.0323604792,0.997569144,-0.0539431572,0.0441209078,-0.0422844067,0.0347258374,0.998501956],"scale":[1,1.29851007,1.49128199]}
{"name":"biancoAuto_icon","class":"BeamNGPointOfInterest","__parent":"career_dealerships","position":[-1808.74902,1522.4624,144.730499],"rotationMatrix":[-0.211786985,-0.97731638,0,0.974484324,-0.211173296,-0.0760729983,0.0743473545,-0.0161112342,0.997102261]}
{"name":"carlinoAuto_icon","class":"BeamNGPointOfInterest","__parent":"career_dealerships","position":[757.091553,405.419342,180.315903],"rotationMatrix":[0.571466565,-0.820625365,2.23517418e-08,0.818247378,0.569810629,-0.0760729983,0.0624274164,0.0434731916,0.997102261]}
{"name":"carlinoAuto_area","class":"BeamNGGameplayArea","__parent":"career_dealerships","position":[757.077942,405.315216,179.868088],"rotationMatrix":[0.715057492,-0.699065685,0,0.699065685,0.715057492,0,0,0,1],"scale":[2.70804214,1.29851007,1.49128199]}
