{"name":"claudioAuto_area","class":"BeamNGGameplayArea","__parent":"career_dealerships","position":[-1118.17651,936.844482,384.982819],"rotationMatrix":[0.99999994,0,0,0,0.99999994,0,0,0,0.999999881],"scale":[1,1.29851007,1.49128199]}
{"name":"claudioAuto_icon","class":"BeamNGPointOfInterest","__parent":"career_dealerships","position":[-1119.08252,936.893738,384.062042],"rotationMatrix":[0.99999994,0,0,0,0.99999994,0,0,0,0.999999881]}
{"name":"garantitoAuto_area","class":"BeamNGGameplayArea","__parent":"career_dealerships","position":[223.942963,-320.552094,193.395218],"rotationMatrix":[0.99999994,0,0,0,0.99999994,0,0,0,0.999999881],"scale":[1.3762207,0.78508234,1.49128199]}
{"name":"garantitoAuto_icon","class":"BeamNGPointOfInterest","__parent":"career_dealerships","position":[223.85202,-319.757263,192.27095],"rotationMatrix":[0.99999994,0,0,0,0.99999994,0,0,0,0.999999881]}
{"name":"temerariaAuto_area","class":"BeamNGGameplayArea","__parent":"career_dealerships","position":[899.17334,1305.27039,145.289108],"rotationMatrix":[-0.00167536736,-0.999998569,0,0.999998569,-0.00167536736,0,0,0,1],"scale":[1,1.29851007,1.49128199]}
{"name":"temerariaAuto_icon","class":"BeamNGPointOfInterest","__parent":"career_dealerships","position":[899.200256,1304.42151,144.384201],"rotationMatrix":[0.99999994,0,0,0,0.99999994,0,0,0,0.999999881]}
{"name":"FBXAuto_area","class":"BeamNGGameplayArea","__parent":"career_dealerships","position":[1195.8158,-834.324341,147.098816],"rotationMatrix":[0.556008339,0.831176698,0,-0.831176698,0.556008339,0,0,0,1],"scale":[1,1.29851007,1.49128199]}
{"name":"FBXAuto_icon","class":"BeamNGPointOfInterest","__parent":"career_dealerships","position":[1195.32996,-835.075562,145.940475],"rotationMatrix":[0.577732563,0.816226184,0,-0.816226184,0.577732563,0,0,0,1]}
{"name":"portinoAuto_icon","class":"BeamNGPointOfInterest","__parent":"career_dealerships","position":[-699.00592,-1325.83618,140.80484],"rotationMatrix":[0.881345451,0.472472429,0,-0.472472429,0.881345451,0,0,0,1]}
{"name":"portinoAuto_area","class":"BeamNGGameplayArea","__parent":"career_dealerships","position":[-698.51886,-1326.66663,141.880951],"rotationMatrix":[0.46114558,-0.887324393,0,0.887324393,0.46114558,0,0,0,1],"scale":[1,1.29851007,1.49128199]}
{"name":"biancoAuto_area","class":"BeamNGGameplayArea","__parent":"career_dealerships","position":[-1808.65955,1522.46997,144.281342],"rotationMatrix":[-8.74227695e-08,-0.999999881,0,0.999999881,-8.74227695e-08,0,0,0,0.999999881],"scale":[1,1.29851007,1.49128199]}
{"name":"biancoAuto_icon","class":"BeamNGPointOfInterest","__parent":"career_dealerships","position":[-1808.63159,1523.43237,143.094681],"rotationMatrix":[-0.0302058458,-0.99949646,0.00971470214,0.999510646,-0.0302824974,-0.00783555955,0.00812580064,0.00947326794,0.999922097]}
{"name":"carlinoAuto_icon","class":"BeamNGPointOfInterest","__parent":"career_dealerships","position":[757.218994,402.614655,178.343521],"rotationMatrix":[0.571466565,-0.820625365,2.23517418e-08,0.818247378,0.569810629,-0.0760729983,0.0624274164,0.0434731916,0.997102261]}
{"name":"carlinoAuto_area","class":"BeamNGGameplayArea","__parent":"career_dealerships","position":[757.292725,403.596344,179.151474],"rotationMatrix":[0.715057492,-0.699065685,0,0.699065685,0.715057492,0,0,0,1],"scale":[1.73746884,1.29851007,1.49128199]}
{"name":"portoAuto_icon","class":"BeamNGPointOfInterest","__parent":"career_dealerships","position":[369.28653,1529.78186,157.253891],"rotationMatrix":[-0.977827668,0.209413692,3.63215804e-08,-0.208806857,-0.974994063,-0.0760730132,-0.0159306899,-0.0743862614,0.997102261]}
{"name":"portoAuto_area","class":"BeamNGGameplayArea","__parent":"career_dealerships","position":[368.539612,1529.8313,158.338516],"rotationMatrix":[-0.999351263,0.0142875221,0.0330555812,-0.0143634491,-0.999894619,-0.00206064107,0.033022657,-0.00253409659,0.999451399],"scale":[1,1.29851007,1.49128199]}
{"name":"poliziaAuto_icon","class":"BeamNGPointOfInterest","__parent":"career_dealerships","position":[162.914444,1408.16516,187.722931],"rotationMatrix":[0.709366202,0.704788029,-0.00856821053,-0.704838097,0.709283113,-0.0109859435,-0.00166547531,0.013832259,0.999902964]}
{"name":"poliziaAuto_area","class":"BeamNGGameplayArea","__parent":"career_dealerships","position":[163.941208,1407.25146,188.902267],"rotationMatrix":[0.710958004,-0.703229725,-0.00257282658,0.70318836,0.710948527,-0.00884137955,0.00804666989,0.00447666738,0.999957621],"scale":[1.35538912,1.29851007,1.49128199]}
