{"name":"fre_finish_mountainDescent","class":"BeamNGTrigger","__parent":"MountainSideDescent","position":[-1354.24609,-753.220764,493.298737],"luaFunction":"onBeamNGTrigger","rotationMatrix":[0.420071363,-0.907491088,4.3772161e-08,0.907016039,0.419851482,-0.0323519483,0.0293590836,0.0135901663,0.999476552],"scale":[6.3856039,0.739773929,3.83414936]}
{"name":"fre_staging_mountainDescent","class":"BeamNGTrigger","__parent":"MountainSideDescent","position":[-1361.91895,-955.726746,559.993469],"luaFunction":"onBeamNGTrigger","rotationMatrix":[0.516031742,-0.856562257,-0.00351123512,0.846160531,0.50911963,0.157510132,-0.133129597,-0.0842512995,0.987511158],"scale":[6.3856039,0.739773929,3.83414936]}
{"name":"fre_start_mountainDescent","class":"BeamNGTrigger","__parent":"MountainSideDescent","position":[-1362.62842,-956.153809,559.86145],"luaFunction":"onBeamNGTrigger","rotationMatrix":[0.516031742,-0.856562257,-0.00351123512,0.846160531,0.50911963,0.157510132,-0.133129597,-0.0842512995,0.987511158],"scale":[6.3856039,1.37468839,3.83414936]}
