{"name":"fre_finish_mountainDescent","class":"BeamNGTrigger","__parent":"MountainSideDescent","position":[-1351.18799,-751.179871,493.298737],"luaFunction":"onBeamNGTrigger","rotationMatrix":[0.420071363,-0.907491088,4.3772161e-08,0.907016039,0.419851482,-0.0323519483,0.0293590836,0.0135901663,0.999476552],"scale":[6.3856039,0.739773929,3.83414936]}
{"name":"fre_staging_mountainDescent","class":"BeamNGTrigger","__parent":"MountainSideDescent","position":[-1364.9082,-957.55835,559.719543],"luaFunction":"onBeamNGTrigger","rotationMatrix":[0.516031742,-0.856562257,-0.00351123512,0.846160531,0.50911963,0.157510132,-0.133129597,-0.0842512995,0.987511158],"scale":[6.3856039,0.739773929,3.83414936]}
{"name":"fre_start_mountainDescent","class":"BeamNGTrigger","__parent":"MountainSideDescent","position":[-1365.61768,-957.985413,559.587524],"luaFunction":"onBeamNGTrigger","rotationMatrix":[0.516031742,-0.856562257,-0.00351123512,0.846160531,0.50911963,0.157510132,-0.133129597,-0.0842512995,0.987511158],"scale":[6.3856039,1.37468839,3.83414936]}
