{"class":"DecalRoad","persistentId":"13800fb8-040e-4fcb-ab1e-a19ff807f71c","__parent":"MountainSideDescent","position":[-1354.48999,-757.0495,491.735352],"detail":0.110000007,"hiddenInNavi":true,"improvedSpline":true,"material":"checkered_line","nodes":[[-1354.48999,-757.0495,491.735352,0.349999994],[-1357.24756,-751.210876,491.582031,0.349999994]],"overObjects":true,"smoothness":0.100000016,"startEndFade":[1,0]}
{"class":"DecalRoad","persistentId":"0e5ca555-dc3d-4a5e-b446-4dea843f62a6","__parent":"MountainSideDescent","position":[-1366.08826,-955.146545,558.271423],"improvedSpline":true,"material":"checkered_line","nodes":[[-1366.08826,-955.146545,558.271423,0.349999994],[-1363.5968,-959.265747,558.257996,0.349999994]],"overObjects":true}
{"name":"fre_finish_mountainDescent","class":"BeamNGTrigger","__parent":"MountainSideDescent","position":[-1351.18799,-751.179871,493.298737],"luaFunction":"onBeamNGTrigger","rotationMatrix":[0.420071363,-0.907491088,4.3772161e-08,0.907016039,0.419851482,-0.0323519483,0.0293590836,0.0135901663,0.999476552],"scale":[6.3856039,0.739773929,3.83414936]}
{"name":"fre_staging_mountainDescent","class":"BeamNGTrigger","__parent":"MountainSideDescent","position":[-1364.9082,-957.55835,559.719543],"luaFunction":"onBeamNGTrigger","rotationMatrix":[0.516031742,-0.856562257,-0.00351123512,0.846160531,0.50911963,0.157510132,-0.133129597,-0.0842512995,0.987511158],"scale":[6.3856039,0.739773929,3.83414936]}
{"name":"fre_start_mountainDescent","class":"BeamNGTrigger","__parent":"MountainSideDescent","position":[-1365.61768,-957.985413,559.587524],"luaFunction":"onBeamNGTrigger","rotationMatrix":[0.516031742,-0.856562257,-0.00351123512,0.846160531,0.50911963,0.157510132,-0.133129597,-0.0842512995,0.987511158],"scale":[6.3856039,1.37468839,3.83414936]}
