{"name":"fre_start_outroDriftRasset0","class":"DecalRoad","persistentId":"7ca08120-271d-4ba2-bcd7-92d089f55593","__parent":"Outro Drift Reverse","position":[296.603088,-578.770569,346.080688],"improvedSpline":true,"material":"checkered_line_alt","nodes":[[296.603088,-578.770569,346.080688,0.5],[297.583649,-583.414917,346.102661,0.5]],"startEndFade":[1,1]}
{"name":"fre_finish_outroDrift1","class":"BeamNGTrigger","__parent":"Outro Drift Reverse","position":[298.268921,-580.832825,347.911255],"luaFunction":"onBeamNGTrigger","rotationMatrix":[-0.194780111,0.980368555,-0.0306287892,-0.980713189,-0.195174098,-0.0104176588,-0.0161910951,0.028008908,0.999476552],"scale":[9.87178707,2.43526912,7.9474864]}
{"class":"TSStatic","__parent":"Outro Drift Reverse","position":[-121.124054,-619.60437,431.360992],"isRenderEnabled":false,"rotationMatrix":[-0.972161293,-0.234313488,0,0.234313488,-0.972161293,0,0,0,1],"shapeName":"/levels/italy/art/shapes/objects/featherflag_beamng.dae","useInstanceRenderData":true}
{"class":"TSStatic","__parent":"Outro Drift Reverse","position":[-130.267914,-622.995789,433.692841],"isRenderEnabled":false,"rotationMatrix":[0.963263392,0.268558592,0,-0.268558592,0.963263392,0,0,0,1],"shapeName":"/levels/italy/art/shapes/objects/featherflag_beamng.dae","useInstanceRenderData":true}
{"name":"fre_staging_outroDriftR","class":"BeamNGTrigger","__parent":"Outro Drift Reverse","position":[-126.165192,-622.114624,432.960663],"luaFunction":"onBeamNGTrigger","rotationMatrix":[-0.963049054,-0.269256622,-0.00606950372,0.269312114,-0.962537408,-0.0315012485,0.00263979589,-0.0319718495,0.999485254],"scale":[8.70452118,0.739773929,4.83498001]}
{"name":"fre_start_outroDriftR","class":"BeamNGTrigger","__parent":"Outro Drift Reverse","position":[-126.326126,-621.458984,432.875732],"luaFunction":"onBeamNGTrigger","rotationMatrix":[-0.963049054,-0.269256622,-0.00606950372,0.269312114,-0.962537408,-0.0315012485,0.00263979589,-0.0319718495,0.999485254],"scale":[8.70452118,1.37468839,4.83498001]}
