{"name":"norteRallyStage2","class":"DecalRoad","persistentId":"6fd1c3e1-182d-478d-9f1f-f4802834e5fc","__parent":"Norte_Rally_Stage_2","position":[136.129501,277.915222,186.544083],"improvedSpline":true,"material":"road_invisible","nodes":[[136.129501,277.915222,186.544083,5],[129.493927,275.963531,186.678818,5],[113.131233,270.740936,187.10347,5],[105.703186,266.834198,187.466248,5],[98.193779,259.619568,188.019958,5],[79.1590118,241.079498,189.653366,5],[68.7767792,235.766296,190.09137,5],[49.892662,231.635376,190.273773,5],[-9.22784615,216.548065,190.182434,5],[-73.6632462,199.896225,190.080765,5],[-98.4949036,186.374405,190.614777,5],[-96.8276215,177.724487,191.35379,5],[-86.8768616,175.736679,192.152435,5],[-64.543457,181.528076,193.73645,5],[-2.71674728,186.71701,197.933075,5],[25.6355667,197.175003,198.6539,5],[36.1927299,199.210434,199.1698,5],[46.0760651,194.1008,199.898895,5],[69.7773895,171.989594,202.884888,5],[79.4700699,151.004044,203.820221,5],[73.0463181,102.763702,207.142395,5],[60.816452,51.0443573,210.683716,5],[41.522377,24.3958035,212.42601,5],[33.0947342,14.0893545,213.142883,5],[31.3189793,2.04401398,213.7612,5],[32.2921448,-15.4267502,214.591431,5],[29.429842,-27.1007538,215.419708,5],[19.7422943,-37.0456161,216.303314,5],[-5.12373829,-66.0049438,218.335327,5],[-41.6481628,-107.962723,221.363464,5],[-82.4303741,-126.419388,224.678192,5],[-138.149475,-147.270554,231.140076,5],[-157.236481,-158.35376,233.545898,5],[-168.528381,-155.606384,234.108032,5],[-166.552338,-143.443604,234.720825,5],[-139.504059,-125.702133,237.158615,5],[-97.0734558,-107.08989,240.985474,5],[-58.9819756,-76.7688217,243.402786,5],[-39.470295,-51.1556931,244.005707,5],[-26.7575912,-18.5905457,245.054001,5],[-30.0356598,7.90468979,246.296463,5],[-53.1205521,36.6949654,247.560287,5],[-79.1092758,52.723835,248.254547,5],[-108.718002,58.5090332,249.573425,5],[-131.414581,51.2309113,251.126724,5],[-142.428619,29.4457016,255.421219,5],[-153.225235,-3.05291748,260.821381,5],[-177.113556,-35.4451714,262.590088,5],[-208.905853,-70.8941956,264.618469,5],[-217.268341,-84.5844955,266.921387,5],[-228.243942,-86.054985,268.484375,5],[-234.926727,-75.9083786,269.606567,5],[-242.786957,-55.2018776,270.415527,5],[-257.474701,-49.878334,271.176483,5],[-318.02005,-37.5556679,271.764648,5],[-341.049927,-33.4752197,272.340942,5],[-349.36087,-39.4292908,273.005127,5],[-365.112183,-59.6319504,273.345825,5],[-379.731079,-85.6448135,278.905029,5],[-399.843872,-126.75177,279.974915,5],[-411.134705,-155.030121,283.461945,5],[-410.702087,-203.507782,287.801239,5],[-404.021057,-215.064301,289.040833,5],[-393.073639,-205.389709,290.383179,5],[-389.480774,-173.919479,292.102112,5],[-383.395325,-160.339401,292.857483,5],[-356.226959,-146.181122,295.016388,5],[-329.031189,-143.217636,297.952789,5],[-317.847198,-153.775848,300.889771,5],[-322.771362,-168.920837,302.378845,5],[-337.407562,-185.337814,303.689575,5],[-347.462463,-203.919968,304.86731,5]]}
{"name":"fre_start_norteRallyStage2","class":"BeamNGTrigger","__parent":"Norte_Rally_Stage_2","position":[106.173897,266.794281,188.369843],"luaFunction":"onBeamNGTrigger","rotationMatrix":[0.510169148,-0.860073984,4.12855297e-06,0.85963136,0.509906471,-0.0320806243,0.027589608,0.0163700916,0.999485314],"scale":[8.60417175,1.37468839,4.47933054]}
{"name":"fre_staging_norteRallyStage2","class":"BeamNGTrigger","__parent":"Norte_Rally_Stage_2","position":[106.765587,267.12149,188.446655],"luaFunction":"onBeamNGTrigger","rotationMatrix":[0.510169148,-0.860073984,4.12855297e-06,0.85963136,0.509906471,-0.0320806243,0.027589608,0.0163700916,0.999485314],"scale":[8.60417175,0.739773929,4.47933054]}
{"name":"fre_finish_norteRallyStage2","class":"BeamNGTrigger","__parent":"Norte_Rally_Stage_2","position":[-348.112366,-203.614594,306.177002],"luaFunction":"onBeamNGTrigger","rotationMatrix":[0.871536911,-0.490330011,5.49480319e-08,0.490073353,0.871080637,-0.0323519707,0.0158630908,0.0281959623,0.999476552],"scale":[6.3856039,0.739773929,3.83414936]}
{"class":"TSStatic","__parent":"Norte_Rally_Stage_2","position":[106.270531,267.380096,186.773315],"isRenderEnabled":false,"rotationMatrix":[-0.506339669,0.862333775,0,-0.862333775,-0.506339669,0,0,0,1],"shapeName":"/levels/italy/art/shapes/buildings/race_rally_gate.dae","useInstanceRenderData":true}
{"class":"TSStatic","__parent":"Norte_Rally_Stage_2","position":[-348.116455,-203.555206,304.861694],"isRenderEnabled":false,"rotationMatrix":[-0.884212375,0.467085689,-1.86264515e-09,-0.465799242,-0.881777167,0.0741676465,0.0346426368,0.0655799285,0.997245789],"shapeName":"/levels/italy/art/shapes/race/race_rally_gate_finish.dae","useInstanceRenderData":true}
{"name":"fre_start_norteRallyStage2asset0","class":"DecalRoad","persistentId":"5b18baf0-2388-4345-a448-8892b077ce22","__parent":"Norte_Rally_Stage_2","position":[136.140488,277.915222,186.543671],"hidden":true,"improvedSpline":true,"material":"track_rubber","nodes":[[136.140488,277.915222,186.543671,5],[129.504913,275.963531,186.678406,5],[113.14222,270.740936,187.103043,5],[105.714172,266.834198,187.465576,5],[98.2047653,259.619568,188.018707,5],[79.1699982,241.079498,189.653107,5],[68.7877655,235.766296,190.091278,5],[49.9036484,231.635376,190.273773,5],[-9.21685982,216.548065,190.182098,5],[-73.6522598,199.896225,190.080765,5],[-98.4839172,186.374405,190.613678,5],[-96.8166351,177.724487,191.353973,5],[-86.8658752,175.736679,192.153259,5],[-64.5324707,181.528076,193.73761,5],[-2.70576096,186.71701,197.933746,5],[25.646553,197.175003,198.653824,5],[36.2037163,199.210434,199.170471,5],[46.0870514,194.1008,199.900162,5],[69.7883759,171.989594,202.885895,5],[79.4810562,151.004044,203.820374,5],[73.0573044,102.763702,207.141968,5],[60.8274384,51.0443573,210.684631,5],[41.5333633,24.3958035,212.425262,5],[33.1057205,14.0893545,213.141876,5],[31.3299656,2.04401398,213.760193,5],[32.3031311,-15.4267502,214.591766,5],[29.4408283,-27.1007538,215.420197,5],[19.7532806,-37.0456161,216.302643,5],[-5.11275196,-66.0049438,218.335754,5],[-41.6371765,-107.962723,221.363373,5],[-82.4193878,-126.419388,224.677368,5],[-138.138489,-147.270554,231.139435,5],[-157.225494,-158.35376,233.545578,5],[-168.517395,-155.606384,234.107529,5],[-166.541351,-143.443604,234.721161,5],[-139.493073,-125.702133,237.159378,5],[-97.0624695,-107.08989,240.986237,5],[-58.9709892,-76.7688217,243.403198,5],[-39.4593086,-51.1556931,244.006119,5],[-26.7466049,-18.5905457,245.054092,5],[-30.0246735,7.90468979,246.297058,5],[-53.1095657,36.6949654,247.560867,5],[-79.0982895,52.723835,248.254715,5],[-108.707016,58.5090332,249.573105,5],[-131.403595,51.2309113,251.125809,5],[-142.417633,29.4457016,255.42038,5],[-153.214249,-3.05291748,260.820374,5],[-177.10257,-35.4451714,262.589752,5],[-208.894867,-70.8941956,264.61853,5],[-217.257355,-84.5844955,266.920471,5],[-228.232956,-86.054985,268.482544,5],[-234.915741,-75.9083786,269.605957,5],[-242.77597,-55.2018776,270.414917,5],[-257.463715,-49.878334,271.175903,5],[-318.009064,-37.5556679,271.764709,5],[-341.03894,-33.4752197,272.339966,5],[-349.349884,-39.4292908,273.005615,5],[-365.101196,-59.6319504,273.344727,5],[-379.720093,-85.6448135,278.904968,5],[-399.832886,-126.75177,279.974335,5],[-411.123718,-155.030121,283.461182,5],[-410.691101,-203.507782,287.800659,5],[-404.010071,-215.064301,289.041779,5],[-393.062653,-205.389709,290.38385,5],[-389.469788,-173.919479,292.10199,5],[-383.384338,-160.339401,292.858063,5],[-356.215973,-146.181122,295.017212,5],[-329.020203,-143.217636,297.955078,5],[-317.836212,-153.775848,300.890137,5],[-322.760376,-168.920837,302.378906,5],[-337.396576,-185.337814,303.690002,5],[-347.451477,-203.919968,304.866974,5]],"startEndFade":[5,5],"textureLength":7}
