{"class":"TSStatic","__parent":"Rock Crawl Central","position":[-815.821472,-215.196548,229.557495],"isRenderEnabled":false,"rotationMatrix":[0.845337331,-0.534232914,0,0.534232914,0.845337331,0,0,0,1],"shapeName":"/levels/italy/art/shapes/objects/featherflag_beamng.dae","useInstanceRenderData":true}
{"class":"TSStatic","__parent":"Rock Crawl Central","position":[-807.979736,-219.600235,229.557495],"isRenderEnabled":false,"rotationMatrix":[-0.825909257,0.563803792,0,-0.563803792,-0.825909257,0,0,0,1],"shapeName":"/levels/italy/art/shapes/objects/featherflag_beamng.dae","useInstanceRenderData":true}
{"class":"TSStatic","__parent":"Rock Crawl Central","position":[-872.277893,-258.124786,253.871964],"isRenderEnabled":false,"rotationMatrix":[0.703099728,-0.660840631,-0.262564749,0.499962896,0.721977949,-0.478314579,0.505655706,0.205030158,0.838018417],"scale":[1.5,1.5,1.5],"shapeName":"/levels/italy/art/shapes/rocksJV/s_rocks_desert_collection_03.dae","useInstanceRenderData":true}
{"class":"TSStatic","__parent":"Rock Crawl Central","position":[-852.120544,-236.872955,243.749496],"isRenderEnabled":false,"rotationMatrix":[0.965754926,0.0652519539,-0.251116723,-0.0775623545,0.996207476,-0.0394308493,0.247591406,0.0575577393,0.96715337],"scale":[1.5,1.5,1.5],"shapeName":"/levels/italy/art/shapes/rocksJV/s_rocks_desert_huge_sheet_1.dae","useInstanceRenderData":true}
{"class":"TSStatic","__parent":"Rock Crawl Central","position":[-843.369568,-256.787201,244.421524],"isRenderEnabled":false,"rotationMatrix":[0.899425745,0.434206337,-0.0499820337,-0.437044352,0.894788384,-0.0913567916,0.00505565293,0.104013018,0.994563103],"scale":[1.5,1.5,1.5],"shapeName":"/levels/italy/art/shapes/rocksJV/s_rocks_desert_huge_sheet_2.dae","useInstanceRenderData":true}
{"class":"TSStatic","__parent":"Rock Crawl Central","position":[-830.0495,-243.181839,240.744156],"isRenderEnabled":false,"rotationMatrix":[0.962831676,0.245897546,-0.111756906,-0.270068526,0.869903803,-0.412711084,-0.00426686555,0.427553296,0.903980076],"scale":[1.5,1.5,1.5],"shapeName":"/levels/italy/art/shapes/rocksJV/s_rocks_desert_huge_sheet_3.dae","useInstanceRenderData":true}
{"class":"TSStatic","__parent":"Rock Crawl Central","position":[-879.966919,-252.533157,256.929016],"isRenderEnabled":false,"rotationMatrix":[0.931421697,0.00206484646,-0.363935977,-0.151419193,0.911524177,-0.38235569,0.330946952,0.411241293,0.849326074],"scale":[1.5,1.5,1.5],"shapeName":"/levels/italy/art/shapes/rocksJV/s_rocks_desert_huge_sheet_3.dae","useInstanceRenderData":true}
{"class":"TSStatic","__parent":"Rock Crawl Central","position":[-880.181519,-264.647491,260.024628],"isRenderEnabled":false,"rotationMatrix":[0.690269649,0.522123277,-0.500914276,-0.676987827,0.710392654,-0.192431301,0.255373001,0.471942335,0.843833566],"scale":[1.5,1.5,1.5],"shapeName":"/levels/italy/art/shapes/rocksJV/s_rocks_desert_collection_01.dae","useInstanceRenderData":true}
{"class":"TSStatic","__parent":"Rock Crawl Central","position":[-864.913147,-243.655121,249.493652],"isRenderEnabled":false,"rotationMatrix":[-0.920535803,0.31255132,0.234363288,-0.239622474,-0.925553441,0.293142587,0.308537751,0.213689476,0.926898718],"scale":[1.5,1.5,1.5],"shapeName":"/levels/italy/art/shapes/rocksJV/s_rocks_desert_huge_sheet_1.dae","useInstanceRenderData":true}
{"class":"TSStatic","__parent":"Rock Crawl Central","position":[-884.15448,-263.564606,263.332458],"isRenderEnabled":false,"rotationMatrix":[0.84263587,-0.413300574,-0.345177352,0.17233175,0.814283013,-0.554296732,0.510163248,0.407585263,0.757368922],"scale":[1.5,1.5,1.5],"shapeName":"/levels/italy/art/shapes/rocksJV/s_rocks_desert_collection_02.dae","useInstanceRenderData":true}
{"name":"fre_start_rockCrawlCentral","class":"BeamNGTrigger","__parent":"Rock Crawl Central","position":[-812.217102,-217.855209,231.229248],"luaFunction":"onBeamNGTrigger","rotationMatrix":[0.879814088,-0.475279272,-0.00606950559,0.474883914,0.879484475,-0.0315012522,0.0203099269,0.024832936,0.999485254],"scale":[8.70452118,1.37468839,4.83498001]}
{"class":"TSStatic","__parent":"Rock Crawl Central","position":[-853.792908,-260.679901,250.681747],"isRenderEnabled":false,"rotationMatrix":[-0.914511204,0.371373177,0.160475582,-0.286689758,-0.87477088,0.390622675,0.285446018,0.311221898,0.906455517],"scale":[1.5,1.5,1.5],"shapeName":"/levels/italy/art/shapes/rocksJV/s_rocks_desert_huge_sheet_1.dae","useInstanceRenderData":true}
{"class":"TSStatic","__parent":"Rock Crawl Central","position":[-825.487427,-229.38446,234.309952],"isRenderEnabled":false,"rotationMatrix":[0.6054914,0.774680674,-0.182346061,-0.784272254,0.619751275,0.0287321731,0.135267481,0.125611842,0.982814491],"scale":[1.5,1.5,1.5],"shapeName":"/levels/italy/art/shapes/rocksJV/s_rocks_desert_collection_01.dae","useInstanceRenderData":true}
{"class":"TSStatic","__parent":"Rock Crawl Central","position":[-855.140686,-257.957733,252.679245],"isRenderEnabled":false,"rotationMatrix":[-0.352906227,0.935658872,0,-0.935658872,-0.352906227,0,0,0,1],"shapeName":"/levels/italy/art/shapes/objects/featherflag_beamng.dae","useInstanceRenderData":true}
{"class":"TSStatic","__parent":"Rock Crawl Central","position":[-833.971863,-237.222137,237.98999],"isRenderEnabled":false,"rotationMatrix":[0.915133715,-0.0310859717,-0.4019503,-0.11148712,0.93862772,-0.326418012,0.387428701,0.34352842,0.855504155],"scale":[1.5,1.5,1.5],"shapeName":"/levels/italy/art/shapes/rocksJV/s_rocks_desert_collection_02.dae","useInstanceRenderData":true}
{"name":"rockCrawlCentral","class":"DecalRoad","persistentId":"c42fbf51-ef28-4459-9a8c-b5df14267900","__parent":"Rock Crawl Central","position":[-812.290039,-214.834259,229.459686],"improvedSpline":true,"material":"m_dirt_variation_02","nodes":[[-812.290039,-214.834259,229.459686,11],[-816.206604,-221.790421,230.376877,11],[-823.278259,-227.744141,234.85878,11],[-830.036865,-232.301819,236.522919,11],[-837.962891,-238.792953,238.402725,11],[-849.379944,-249.783813,243.879227,11],[-855.955627,-251.632965,247.053482,11],[-867.826355,-253.76709,251.214569,11],[-877.323364,-260.951599,258.060181,11],[-883.037231,-264.254852,263.317657,11],[-893.385742,-270.595032,273.225708,11]],"renderPriority":15,"startEndFade":[1,1]}
{"class":"TSStatic","__parent":"Rock Crawl Central","position":[-846.228027,-249.218292,242.001801],"isRenderEnabled":false,"rotationMatrix":[0.604408741,0.711918771,-0.357577682,-0.768080413,0.639892817,-0.0242824256,0.211524308,0.289324909,0.933567643],"scale":[1.5,1.5,1.5],"shapeName":"/levels/italy/art/shapes/rocksJV/s_rocks_desert_collection_01.dae","useInstanceRenderData":true}
{"class":"TSStatic","__parent":"Rock Crawl Central","position":[-878.999878,-271.659424,263.48584],"isRenderEnabled":false,"rotationMatrix":[0.973072886,-0.0661307201,-0.220807359,-0.0417335704,0.891578794,-0.450938463,0.226688042,0.448011041,0.864811301],"scale":[1.5,1.5,1.5],"shapeName":"/levels/italy/art/shapes/rocksJV/s_rocks_desert_huge_sheet_1.dae","useInstanceRenderData":true}
{"class":"TSStatic","__parent":"Rock Crawl Central","position":[-851.712524,-249.795624,243.897568],"isRenderEnabled":false,"rotationMatrix":[0.967105389,-0.206360206,-0.148737043,0.0842088014,0.811464131,-0.578303576,0.240033567,0.546755552,0.80214864],"scale":[1.5,1.5,1.5],"shapeName":"/levels/italy/art/shapes/rocksJV/s_rocks_desert_collection_03.dae","useInstanceRenderData":true}
{"class":"TSStatic","__parent":"Rock Crawl Central","position":[-822.849365,-217.113037,231.48822],"isRenderEnabled":false,"rotationMatrix":[0.972213507,0.052045133,-0.228237256,-0.138217181,0.914509237,-0.380222201,0.188936368,0.401203454,0.896291733],"scale":[1.5,1.5,1.5],"shapeName":"/levels/italy/art/shapes/rocksJV/s_rocks_desert_huge_sheet_3.dae","useInstanceRenderData":true}
{"class":"TSStatic","__parent":"Rock Crawl Central","position":[-860.416931,-251.143768,247.684723],"isRenderEnabled":false,"rotationMatrix":[-0.0611834526,-0.907171726,0.416288584,0.917203546,-0.215605497,-0.335040361,0.393693179,0.361322433,0.845252514],"scale":[1.5,1.5,1.5],"shapeName":"/levels/italy/art/shapes/rocksJV/s_rocks_desert_collection_02.dae","useInstanceRenderData":true}
{"class":"TSStatic","__parent":"Rock Crawl Central","position":[-838.081909,-227.874878,237.546432],"isRenderEnabled":false,"rotationMatrix":[0.955495954,0.247883543,-0.159941167,-0.257349163,0.965442657,-0.0411322042,0.144218028,0.0804623738,0.986269236],"scale":[1.5,1.5,1.5],"shapeName":"/levels/italy/art/shapes/rocksJV/s_rocks_desert_huge_sheet_2.dae","useInstanceRenderData":true}
{"class":"TSStatic","__parent":"Rock Crawl Central","position":[-821.979736,-230.441055,234.065598],"isRenderEnabled":false,"rotationMatrix":[0.971175432,0.211000472,0.110892296,-0.101680659,0.78748554,-0.607887864,-0.215590686,0.579090118,0.786241233],"scale":[1.5,1.5,1.5],"shapeName":"/levels/italy/art/shapes/rocksJV/s_rocks_desert_huge_sheet_1.dae","useInstanceRenderData":true}
{"class":"TSStatic","__parent":"Rock Crawl Central","position":[-842.82312,-231.210709,240.508286],"isRenderEnabled":false,"rotationMatrix":[0.931652308,0.0994850099,-0.349466264,-0.138026163,0.986590564,-0.0871083885,0.336114109,0.12939021,0.932890892],"scale":[1.5,1.5,1.5],"shapeName":"/levels/italy/art/shapes/rocksJV/s_rocks_desert_huge_sheet_3.dae","useInstanceRenderData":true}
{"class":"TSStatic","__parent":"Rock Crawl Central","position":[-827.206421,-236.440475,236.237595],"isRenderEnabled":false,"rotationMatrix":[0.923982143,0.382393837,0.00565437973,-0.349995017,0.851470947,-0.39051342,-0.154144451,0.358848393,0.92057991],"scale":[1.5,1.5,1.5],"shapeName":"/levels/italy/art/shapes/rocksJV/s_rocks_desert_huge_sheet_2.dae","useInstanceRenderData":true}
{"class":"TSStatic","__parent":"Rock Crawl Central","position":[-857.74353,-242.8004,244.880325],"isRenderEnabled":false,"rotationMatrix":[0.935950875,0.268364191,-0.227983937,-0.205015823,0.941687822,0.266819447,0.28629446,-0.202989578,0.936392426],"scale":[1.5,1.5,1.5],"shapeName":"/levels/italy/art/shapes/rocksJV/s_rocks_desert_huge_sheet_2.dae","useInstanceRenderData":true}
{"class":"TSStatic","__parent":"Rock Crawl Central","position":[-838.780579,-250.074219,243.040298],"isRenderEnabled":false,"rotationMatrix":[0.969335735,0.245728627,-0.00237146392,-0.230420962,0.905512333,-0.35630551,-0.0854070634,0.345926136,0.934366524],"scale":[1.5,1.5,1.5],"shapeName":"/levels/italy/art/shapes/rocksJV/s_rocks_desert_huge_sheet_1.dae","useInstanceRenderData":true}
{"class":"TSStatic","__parent":"Rock Crawl Central","position":[-875.456238,-245.313446,253.394455],"isRenderEnabled":false,"rotationMatrix":[-0.973940134,-0.0829968974,0.211078092,0.132942379,-0.962913156,0.234790355,0.183762804,0.256732762,0.948851705],"scale":[1.5,1.5,1.5],"shapeName":"/levels/italy/art/shapes/rocksJV/s_rocks_desert_huge_sheet_3.dae","useInstanceRenderData":true}
{"class":"TSStatic","__parent":"Rock Crawl Central","position":[-874.481445,-262.953094,257.255646],"isRenderEnabled":false,"rotationMatrix":[0.902182579,-0.402667165,-0.154679686,0.257569551,0.790527344,-0.555629849,0.346012384,0.461438775,0.816914737],"scale":[1.5,1.5,1.5],"shapeName":"/levels/italy/art/shapes/rocksJV/s_rocks_desert_collection_03.dae","useInstanceRenderData":true}
{"class":"TSStatic","__parent":"Rock Crawl Central","position":[-896.275085,-261.638672,270.407379],"isRenderEnabled":false,"rotationMatrix":[0.892710209,0.128887117,-0.431806177,-0.200377166,0.971816301,-0.124185741,0.403630346,0.197385967,0.89337635],"scale":[1.5,1.5,1.5],"shapeName":"/levels/italy/art/shapes/rocksJV/s_rocks_desert_huge_sheet_2.dae","useInstanceRenderData":true}
{"class":"TSStatic","__parent":"Rock Crawl Central","position":[-888.349487,-267.885986,267.351257],"isRenderEnabled":false,"rotationMatrix":[0.826236606,-0.42283985,-0.372209251,0.24490425,0.864654362,-0.438628376,0.507301807,0.271255314,0.817964315],"scale":[1.5,1.5,1.5],"shapeName":"/levels/italy/art/shapes/rocksJV/s_rocks_desert_huge_sheet_1.dae","useInstanceRenderData":true}
{"name":"fre_staging_rockCrawlCentral","class":"BeamNGTrigger","__parent":"Rock Crawl Central","position":[-811.877441,-217.271805,231.314178],"luaFunction":"onBeamNGTrigger","rotationMatrix":[0.879814088,-0.475279272,-0.00606950559,0.474883914,0.879484475,-0.0315012522,0.0203099269,0.024832936,0.999485254],"scale":[8.70452118,0.739773929,4.83498001]}
{"class":"TSStatic","__parent":"Rock Crawl Central","position":[-846.815247,-258.321777,246.969131],"isRenderEnabled":false,"rotationMatrix":[-0.945789814,0.193526119,0.260825604,-0.00969804078,-0.819553256,0.572921515,0.324635655,0.539333582,0.777001262],"scale":[1.5,1.5,1.5],"shapeName":"/levels/italy/art/shapes/rocksJV/s_rocks_desert_huge_sheet_2.dae","useInstanceRenderData":true}
{"name":"fre_finish_rockCrawlCentral","class":"BeamNGTrigger","__parent":"Rock Crawl Central","position":[-895.786316,-269.951202,275.227814],"luaFunction":"onBeamNGTrigger","rotationMatrix":[0.536102355,-0.844153106,6.05359674e-08,0.843711197,0.535821736,-0.0323519781,0.027309984,0.0173440259,0.999476552],"scale":[11.8562679,0.739773929,7.9474864]}
{"class":"TSStatic","__parent":"Rock Crawl Central","position":[-864.520264,-261.478943,254.343399],"isRenderEnabled":false,"rotationMatrix":[-0.983077765,-0.0219376944,0.181871384,0.0858145803,-0.932283044,0.351403624,0.161846578,0.361064225,0.918388963],"scale":[1.5,1.5,1.5],"shapeName":"/levels/italy/art/shapes/rocksJV/s_rocks_desert_huge_sheet_3.dae","useInstanceRenderData":true}
{"class":"TSStatic","__parent":"Rock Crawl Central","position":[-869.456543,-250.91452,250.954224],"isRenderEnabled":false,"rotationMatrix":[-0.21898365,0.96765554,-0.125254348,-0.897672296,-0.149488688,0.414532781,0.38240087,0.203213334,0.901373327],"scale":[1.5,1.5,1.5],"shapeName":"/levels/italy/art/shapes/rocksJV/s_rocks_desert_collection_02.dae","useInstanceRenderData":true}
{"class":"TSStatic","__parent":"Rock Crawl Central","position":[-820.615295,-226.227127,233.077774],"isRenderEnabled":false,"rotationMatrix":[0.889062703,-0.157799557,-0.429728836,0,0.93871218,-0.344701976,0.457785517,0.306461662,0.834573984],"scale":[1.5,1.5,1.5],"shapeName":"/levels/italy/art/shapes/rocksJV/s_rocks_desert_collection_03.dae","useInstanceRenderData":true}
{"class":"TSStatic","__parent":"Rock Crawl Central","position":[-841.305664,-242.071518,239.408798],"isRenderEnabled":false,"rotationMatrix":[0.967105389,-0.157799587,-0.199515536,0.0842087716,0.93871218,-0.334257931,0.240033433,0.306461722,0.921121716],"scale":[1.5,1.5,1.5],"shapeName":"/levels/italy/art/shapes/rocksJV/s_rocks_desert_collection_03.dae","useInstanceRenderData":true}
{"class":"DecalRoad","persistentId":"fd845d8b-a120-4d46-af2b-7a1252ff76d4","__parent":"Rock Crawl Central","position":[-812.00647,-214.754608,229.451981],"improvedSpline":true,"material":"m_dirt_tiretracks","nodes":[[-812.00647,-214.754608,229.451981,8],[-816.206604,-221.744598,230.377563,8],[-823.278259,-227.698318,234.836777,8],[-830.036865,-232.255997,236.520477,8],[-837.962891,-238.747131,238.397125,8],[-850.348694,-248.933426,243.571548,8],[-856.838806,-250.819977,246.673523,8],[-867.826355,-253.721268,251.198486,8],[-877.46936,-261.352325,258.403625,8],[-883.044495,-264.512115,263.400696,8],[-893.385742,-270.549225,273.178894,8]],"renderPriority":12,"startEndFade":[1,1]}
{"class":"TSStatic","__parent":"Rock Crawl Central","position":[-884.851624,-276.458221,266.766052],"isRenderEnabled":false,"rotationMatrix":[0.949854672,0.128887087,-0.284893304,-0.178167284,0.971816301,-0.154368117,0.256967872,0.197385952,0.946047723],"scale":[1.5,1.5,1.5],"shapeName":"/levels/italy/art/shapes/rocksJV/s_rocks_desert_huge_sheet_2.dae","useInstanceRenderData":true}
{"class":"TSStatic","__parent":"Rock Crawl Central","position":[-864.541626,-245.195648,252.09729],"isRenderEnabled":false,"rotationMatrix":[0.600819468,-0.799384713,0,0.799384713,0.600819468,0,0,0,1],"shapeName":"/levels/italy/art/shapes/objects/featherflag_beamng.dae","useInstanceRenderData":true}
{"class":"TSStatic","__parent":"Rock Crawl Central","position":[-897.632629,-264.221619,273.648071],"isRenderEnabled":false,"rotationMatrix":[0.600819468,-0.799384713,0,0.799384713,0.600819468,0,0,0,1],"shapeName":"/levels/italy/art/shapes/objects/featherflag_beamng.dae","useInstanceRenderData":true}
{"class":"TSStatic","__parent":"Rock Crawl Central","position":[-869.436584,-268.05838,258.527466],"isRenderEnabled":false,"rotationMatrix":[0.942505538,-0.0750264078,-0.325659871,-0.101361364,0.864392519,-0.49249512,0.318448067,0.497188687,0.807089925],"scale":[1.5,1.5,1.5],"shapeName":"/levels/italy/art/shapes/rocksJV/s_rocks_desert_huge_sheet_3.dae","useInstanceRenderData":true}
{"class":"TSStatic","__parent":"Rock Crawl Central","position":[-812.514099,-224.615509,231.725723],"isRenderEnabled":false,"rotationMatrix":[0.98311615,0.182895347,0.00565441698,-0.133778498,0.739495039,-0.659735143,-0.124843888,0.647839844,0.751476943],"scale":[1.5,1.5,1.5],"shapeName":"/levels/italy/art/shapes/rocksJV/s_rocks_desert_huge_sheet_3.dae","useInstanceRenderData":true}
{"class":"TSStatic","__parent":"Rock Crawl Central","position":[-891.035339,-274.653229,273.648071],"isRenderEnabled":false,"rotationMatrix":[-0.352906227,0.935658872,0,-0.935658872,-0.352906227,0,0,0,1],"shapeName":"/levels/italy/art/shapes/objects/featherflag_beamng.dae","useInstanceRenderData":true}
{"class":"TSStatic","__parent":"Rock Crawl Central","position":[-891.01709,-256.839966,266.241333],"isRenderEnabled":false,"rotationMatrix":[0.925790012,-0.0661307052,-0.372209042,-0.11266119,0.891578853,-0.438628197,0.360860497,0.4480111,0.817964435],"scale":[1.5,1.5,1.5],"shapeName":"/levels/italy/art/shapes/rocksJV/s_rocks_desert_huge_sheet_1.dae","useInstanceRenderData":true}
{"class":"TSStatic","__parent":"Rock Crawl Central","position":[-832.443359,-222.180038,234.848312],"isRenderEnabled":false,"rotationMatrix":[0.991542995,0.0483385175,-0.120440453,-0.0858253092,0.940367699,-0.329154462,0.0973474681,0.336707622,0.936563611],"scale":[1.5,1.5,1.5],"shapeName":"/levels/italy/art/shapes/rocksJV/s_rocks_desert_huge_sheet_1.dae","useInstanceRenderData":true}
{"class":"TSStatic","__parent":"Rock Crawl Central","position":[-816.897705,-221.828232,230.566864],"isRenderEnabled":false,"rotationMatrix":[0.915133715,-0.0310859717,-0.4019503,-0.11148712,0.93862772,-0.326418012,0.387428701,0.34352842,0.855504155],"scale":[1.5,1.5,1.5],"shapeName":"/levels/italy/art/shapes/rocksJV/s_rocks_desert_collection_02.dae","useInstanceRenderData":true}
{"class":"TSStatic","__parent":"Rock Crawl Central","position":[-882.360291,-253.238907,259.830231],"isRenderEnabled":false,"rotationMatrix":[0.878994107,-0.0750264004,-0.470893204,-0.178120643,0.864392519,-0.470211267,0.442314804,0.497188747,0.746432185],"scale":[1.5,1.5,1.5],"shapeName":"/levels/italy/art/shapes/rocksJV/s_rocks_desert_huge_sheet_3.dae","useInstanceRenderData":true}
{"class":"TSStatic","__parent":"Rock Crawl Central","position":[-866.703552,-256.761444,251.857971],"isRenderEnabled":false,"rotationMatrix":[0.789020777,-0.560929298,-0.250608355,0.40346241,0.780714989,-0.477181494,0.463318795,0.275395036,0.842314243],"scale":[1.5,1.5,1.5],"shapeName":"/levels/italy/art/shapes/rocksJV/s_rocks_desert_collection_02.dae","useInstanceRenderData":true}
{"class":"TSStatic","__parent":"Rock Crawl Central","position":[-878.13678,-258.132935,256.82196],"isRenderEnabled":false,"rotationMatrix":[0.814594746,0.317967266,-0.485110521,-0.394757777,0.916689038,-0.0620280355,0.424972594,0.242028877,0.87225008],"scale":[1.5,1.5,1.5],"shapeName":"/levels/italy/art/shapes/rocksJV/s_rocks_desert_collection_01.dae","useInstanceRenderData":true}
