{"name":"fre_finish_mountainClimb","class":"BeamNGTrigger","__parent":"MountainHillClimb","position":[-1359.74524,-954.790344,559.719238],"luaFunction":"onBeamNGTrigger","rotationMatrix":[-0.514495611,0.857492805,2.98023188e-08,-0.844230592,-0.506538391,-0.175194561,-0.150227979,-0.0901367962,0.984533608],"scale":[8.73854351,1,3.12096977]}
{"name":"fre_staging_mountainClimb","class":"BeamNGTrigger","__parent":"MountainHillClimb","position":[-1355.9928,-754.029358,493.361023],"luaFunction":"onBeamNGTrigger","rotationMatrix":[0.420071363,-0.907491088,4.3772161e-08,0.907016039,0.419851482,-0.0323519483,0.0293590836,0.0135901663,0.999476552],"scale":[6.3856039,0.739773929,3.83414936]}
{"name":"mountainClimb","class":"DecalRoad","persistentId":"67bc0810-01b5-4a75-806a-89b212d00dc6","__parent":"MountainHillClimb","position":[-1361.56299,-955.174805,558.325562],"decalBias":0.00150000001,"drivability":0,"material":"road_invisible","nodes":[[-1361.56299,-955.174805,558.325562,3],[-1371.57043,-961.46167,556.913696,3],[-1380.05151,-968.768921,554.886963,3],[-1387.41492,-977.75708,553.136719,2.5],[-1391.52356,-985.089172,552.583008,2.5],[-1398.43347,-996.826904,550.30658,2.5],[-1402.44263,-1004.43414,549.148682,2.5],[-1403.77637,-1011.70398,548.513062,2.5],[-1403.96204,-1020.0993,546.898804,2.5],[-1401.81897,-1030.18079,545.46814,2.5],[-1400.49744,-1039.57178,543.847229,2.5],[-1400.47498,-1052.46094,541.120728,2.5],[-1396.77393,-1068.86743,537.660522,2.5],[-1392.8811,-1088.08691,535.283569,2.5],[-1390.29395,-1103.48523,533.566956,2.5],[-1387.59778,-1110.59753,532.634033,2.5],[-1382.01721,-1114.57666,532.068542,2.5],[-1372.33105,-1117.02026,531.737061,2.5],[-1361.89136,-1120.99878,531.276245,2.5],[-1355.64758,-1124.69531,531.186279,2.5],[-1352.78625,-1128.91809,530.783752,3.5],[-1354.66992,-1132.06433,530.781006,4],[-1358.62207,-1132.0592,530.497742,3.5],[-1365.48828,-1128.177,529.989258,2.5],[-1371.99829,-1125.67212,529.748718,2.5],[-1381.34607,-1123.36694,529.306641,2.5],[-1388.7677,-1119.87439,528.796875,2.5],[-1395.14905,-1114.13586,528.390747,2.5],[-1397.85278,-1109.04089,527.905273,2.5],[-1399.75171,-1096.89368,527.567993,2.5],[-1402.09351,-1084.38037,527.114441,2.5],[-1404.45203,-1076.59436,526.797729,2.5],[-1409.70422,-1068.50366,526.202271,2.5],[-1412.40515,-1060.84607,525.592651,2.5],[-1415.19531,-1048.38428,524.843262,2.5],[-1419.23279,-1038.58044,524.25415,2.5],[-1420.71533,-1032.66113,523.778931,2.5],[-1422.07568,-1016.33099,522.411377,2.5],[-1421.82043,-1009.10809,522.003784,2.5],[-1417.45801,-992.018738,520.516113,2.5],[-1416.09705,-983.561462,519.995972,2.5],[-1416.01965,-966.898071,518.718506,2.5],[-1415.23071,-954.666687,518.132324,2.5],[-1413.70386,-946.4646,517.73468,2.5],[-1411.67969,-935.592102,517.197632,2.5],[-1412.37683,-925.809814,516.439941,2.5],[-1415.41602,-919.20929,515.432434,2.5],[-1420.30005,-913.360291,514.540894,2.5],[-1425.6543,-906.046631,513.605591,2.5],[-1429.93921,-898.275818,512.883362,2.5],[-1433.12939,-888.396118,511.988281,2.5],[-1434.32788,-880.532166,511.275604,2.5],[-1434.42297,-870.499451,510.336426,2.5],[-1436.86841,-861.903259,509.799194,2.5],[-1439.78857,-852.138306,509.401093,2.5],[-1439.70447,-847.085571,509.010864,2.5],[-1436.44312,-841.291626,508.35907,2.5],[-1432.92261,-838.69165,507.63208,2.5],[-1428.54016,-839.183716,507.112671,2.5],[-1420.93433,-841.472717,506.397705,2.5],[-1415.57129,-839.482605,505.945496,2.5],[-1409.86157,-832.993896,505.967072,2.5],[-1406.04468,-826.197632,505.438538,2.5],[-1406.06042,-820.197693,503.506348,2.5],[-1407.1687,-807.127747,499.776886,2.5],[-1406.78943,-799.927002,498.335602,2.5],[-1404.50378,-790.452759,496.982422,2.5],[-1403.60413,-782.366516,496.075897,2.5],[-1401.20178,-776.750793,495.194183,2.5],[-1395.1748,-770.021667,494.274261,2.5],[-1386.59778,-766.067322,493.618042,2.5],[-1371.6593,-760.148621,493.167633,2.5],[-1361.28027,-756.250122,491.678497,2.5]],"useTemplate":"true"}
{"name":"fre_start_mountainClimb","class":"BeamNGTrigger","__parent":"MountainHillClimb","position":[-1356.70483,-754.359131,493.386536],"luaFunction":"onBeamNGTrigger","rotationMatrix":[0.420071363,-0.907491088,4.3772161e-08,0.907016039,0.419851482,-0.0323519483,0.0293590836,0.0135901663,0.999476552],"scale":[6.3856039,1.37468839,3.83414936]}
