{"name":"portinoGarageComputer_area","class":"BeamNGGameplayArea","__parent":"player_garage","position":[-793.228455,-1370.63721,146.155304],"rotationMatrix":[0.489500821,-0.871997535,-0.00306728482,0.871815503,0.489465475,-0.0190124158,0.0180801079,0.00663248822,0.99981457],"scale":[1,1.29851007,1.49128199]}
{"name":"portinoGarageComputer_icon","class":"BeamNGPointOfInterest","__parent":"player_garage","position":[-793.555054,-1370.01025,146.627991],"rotationMatrix":[0.344474018,-0.938463271,-0.0249911994,0.92778641,0.344378531,-0.14358297,0.143353745,0.0262741223,0.989322662]}
{"name":"fbxGarageComputer_icon","class":"BeamNGPointOfInterest","__parent":"player_garage","position":[1202.51831,-835.334473,147.256241],"rotationMatrix":[-0.732723951,0.680067778,-0.0249911807,-0.670596123,-0.727795362,-0.143583015,-0.115834594,-0.0884476453,0.989322662]}
{"name":"fbxGarageComputer_area","class":"BeamNGGameplayArea","__parent":"player_garage","position":[1201.94287,-834.923889,146.783554],"rotationMatrix":[-0.831816554,0.555043221,-0.00306728529,-0.554896951,-0.831702471,-0.0190124214,-0.0131037794,-0.0141128087,0.99981457],"scale":[1,1.29851007,1.49128199]}
