{"name":"portinoGarageComputer_area","class":"BeamNGGameplayArea","__parent":"player_garage","position":[-697.167725,-1329.41797,141.787628],"rotationMatrix":[0.46261692,-0.886553109,-0.00306728389,0.886370003,0.462587178,-0.0190124195,0.0182744041,0.00607671961,0.99981457],"scale":[1,1.29851007,1.49128199]}
{"name":"portinoGarageComputer_icon","class":"BeamNGPointOfInterest","__parent":"player_garage","position":[-697.475037,-1328.78137,142.260315],"rotationMatrix":[0.315626025,-0.948554635,-0.0249911882,0.937879801,0.315856934,-0.143583,0.144089937,0.0218798295,0.989322662]}
{"name":"fbxGarageComputer_icon","class":"BeamNGPointOfInterest","__parent":"player_garage","position":[1202.51831,-835.334473,147.256241],"rotationMatrix":[-0.732723951,0.680067778,-0.0249911807,-0.670596123,-0.727795362,-0.143583015,-0.115834594,-0.0884476453,0.989322662]}
{"name":"fbxGarageComputer_area","class":"BeamNGGameplayArea","__parent":"player_garage","position":[1201.94287,-834.923889,146.783554],"rotationMatrix":[-0.831816554,0.555043221,-0.00306728529,-0.554896951,-0.831702471,-0.0190124214,-0.0131037794,-0.0141128087,0.99981457],"scale":[1,1.29851007,1.49128199]}
