{"name":"carlinoGarageComputer_area","class":"BeamNGGameplayArea","__parent":"player_garage","position":[758.053101,404.310181,179.423843],"rotationMatrix":[-0.695300221,-0.717990935,0.0323604718,0.718660653,-0.69396019,0.0441208966,-0.00922153052,0.0539334528,0.998501956],"scale":[1,1.29851007,1.49128199]}
{"name":"carlinoGarageComputer_icon","class":"BeamNGPointOfInterest","__parent":"player_garage","position":[757.48999,405.75351,179.871658],"rotationMatrix":[-0.799999833,-0.599999905,0,0.598261237,-0.79768163,-0.0760730058,0.0456437618,-0.0608583093,0.997102082]}
{"name":"biancoGarageComputer_area","class":"BeamNGGameplayArea","__parent":"player_garage","position":[-1808.78149,1521.74023,144.282684],"rotationMatrix":[-0.0553945303,-0.997940361,0.0323604792,0.997569144,-0.0539431572,0.0441209078,-0.0422844067,0.0347258374,0.998501956],"scale":[1,1.29851007,1.49128199]}
{"name":"biancoGarageComputer_icon","class":"BeamNGPointOfInterest","__parent":"player_garage","position":[-1808.74902,1522.4624,144.730499],"rotationMatrix":[-0.211786985,-0.97731638,0,0.974484324,-0.211173296,-0.0760729983,0.0743473545,-0.0161112342,0.997102261]}
{"name":"portinoGarageComputer_area","class":"BeamNGGameplayArea","__parent":"player_garage","position":[-698.442444,-1327.14404,141.429932],"rotationMatrix":[0.489500821,-0.871997535,-0.00306728482,0.871815503,0.489465475,-0.0190124158,0.0180801079,0.00663248822,0.99981457],"scale":[1,1.29851007,1.49128199]}
{"name":"portinoGarageComputer_icon","class":"BeamNGPointOfInterest","__parent":"player_garage","position":[-698.769043,-1326.51709,141.902618],"rotationMatrix":[0.344474018,-0.938463271,-0.0249911994,0.92778641,0.344378531,-0.14358297,0.143353745,0.0262741223,0.989322662]}
{"name":"fbxGarageComputer_icon","class":"BeamNGPointOfInterest","__parent":"player_garage","position":[1202.51831,-835.334473,147.256241],"rotationMatrix":[-0.732723951,0.680067778,-0.0249911807,-0.670596123,-0.727795362,-0.143583015,-0.115834594,-0.0884476453,0.989322662]}
{"name":"fbxGarageComputer_area","class":"BeamNGGameplayArea","__parent":"player_garage","position":[1201.94287,-834.923889,146.783554],"rotationMatrix":[-0.831816554,0.555043221,-0.00306728529,-0.554896951,-0.831702471,-0.0190124214,-0.0131037794,-0.0141128087,0.99981457],"scale":[1,1.29851007,1.49128199]}
