{"name":"fre_staging_norteRallyStage3","class":"BeamNGTrigger","__parent":"Norte Rally Stage 3","position":[-401.39563,-258.120239,311.40033],"luaFunction":"onBeamNGTrigger","rotationMatrix":[0.766170084,-0.642367125,-0.0186519362,0.64188683,0.766355097,-0.0261012018,0.0310605578,0.00802553073,0.999485254],"scale":[6.3856039,0.739773929,3.83414936]}
{"name":"fre_start_norteRallyStage3","class":"BeamNGTrigger","__parent":"Norte Rally Stage 3","position":[-401.841797,-258.627075,311.333984],"luaFunction":"onBeamNGTrigger","rotationMatrix":[0.766170084,-0.642367125,-0.0186519362,0.64188683,0.766355097,-0.0261012018,0.0310605578,0.00802553073,0.999485254],"scale":[6.3856039,1.37468839,3.83414936]}
{"name":"fre_finish_norteRallyStage3","class":"BeamNGTrigger","__parent":"Norte Rally Stage 3","position":[1087.42456,-11.5180035,264.473541],"luaFunction":"onBeamNGTrigger","rotationMatrix":[0.707715154,-0.706444323,0.00869688205,0.706319749,0.707206726,-0.0311610941,0.015863087,0.0281959567,0.999476552],"scale":[6.61105108,0.739773929,4.13503742]}
{"class":"TSStatic","__parent":"Norte Rally Stage 3","position":[-401.496002,-258.113953,310.084503],"isRenderEnabled":false,"rotationMatrix":[-0.765263319,0.643717945,0,-0.643717945,-0.765263319,0,0,0,1],"scale":[0.426830411,0.469999999,0.594658136],"shapeName":"/levels/italy/art/shapes/buildings/race_rally_gate.dae","useInstanceRenderData":true}
{"name":"norteRallyStage3","class":"DecalRoad","persistentId":"47b604a1-1f9d-4e2c-a8f7-aa4b97b73de3","__parent":"Norte Rally Stage 3","position":[-401.388824,-258.282227,309.342163],"improvedSpline":true,"material":"road_invisible","nodes":[[-401.388824,-258.282227,309.342163,5],[-407.632355,-265.681183,309.76709,5],[-420.372955,-281.225342,310.652161,5],[-432.100525,-308.929535,310.012054,5],[-448.571503,-336.404053,311.344849,5],[-463.204987,-346.60556,311.882446,5],[-479.8591,-350.918274,312.772919,5],[-503.428101,-352.8302,314.457275,5],[-517.02771,-361.345978,315.261841,5],[-521.666931,-372.57843,315.650452,5],[-525.17395,-392.478851,316.255859,5],[-533.018127,-406.518341,316.736267,5],[-565.995789,-440.806458,318.42395,5],[-585.022583,-449.579651,319.382111,5],[-609.401855,-449.905487,320.176361,5],[-672.059937,-454.171967,321.128723,5],[-733.464355,-467.706726,323.845306,5],[-759.559204,-473.914856,326.22287,5],[-773.865967,-470.273926,326.933655,5],[-779.469971,-459.631958,327.336365,5],[-783.404053,-443.12912,328.257874,5],[-793.336121,-433.76059,328.872742,5],[-807.780396,-435.237671,328.67804,5],[-822.780396,-444.116882,328.956482,5],[-851.549316,-463.631866,329.96344,5],[-872.258301,-475.162689,330.735046,5],[-889.259521,-476.150543,331.718872,5],[-908.259766,-477.363464,332.779785,5],[-911.454346,-485.072266,333.416992,5],[-904.759033,-491.878387,334.13031,5],[-873.799194,-487.365814,338.694427,5],[-861.460144,-488.918732,340.09552,5],[-852.317139,-492.909088,341.311615,5],[-818.938354,-521.808105,346.37085,5],[-788.573608,-542.07959,349.789001,5],[-754.696777,-549.772339,352.823425,5],[-718.007874,-549.298096,355.919739,5],[-672.280945,-537.709106,359.322388,5],[-632.685974,-516.662964,362.797516,5],[-599.364868,-504.854309,367.05072,5],[-552.16626,-505.878601,374.002686,5],[-507.284363,-508.908173,379.20517,5],[-469.647461,-494.472443,384.529755,5],[-444.43988,-481.503479,386.530182,5],[-435.14975,-481.361145,387.288666,5],[-438.070374,-487.994263,387.447388,5],[-454.624969,-498.074036,387.319336,5],[-465.400665,-519.731873,388.884491,5],[-475.823059,-531.128174,389.742645,5],[-486.514709,-535.346313,390.619934,5],[-518.606934,-544.774902,394.165619,5],[-523.316345,-557.260498,395.270264,5],[-512.042542,-562.825928,396.675415,5],[-473.609009,-558.363037,399.387482,5],[-448.724884,-555.462646,401.214233,5],[-420.89505,-544.931396,403.767517,5],[-407.76825,-550.339417,404.126099,5],[-392.627625,-544.2854,403.19339,5],[-376.318573,-534.722229,401.969879,5],[-367.619598,-531.5448,401.264191,5],[-357.770844,-531.393982,400.545868,5],[-322.483948,-529.001282,402.624664,5],[-257.971008,-510.500427,399.087067,5],[-214.296249,-505.473053,397.937714,5],[-198.065704,-514.275269,397.411041,5],[-183.605225,-528.958252,397.043823,5],[-161.554138,-533.356262,396.522675,5],[-132.418259,-534.14032,396.29303,5],[-122.857712,-539.071411,396.109894,5],[-116.513901,-548.778198,395.841003,5],[-106.197433,-578.093994,395.195099,5],[-83.2136307,-601.303162,394.683319,5],[-56.7529793,-630.835876,393.638672,5],[-47.3354263,-672.338135,392.327576,5],[-35.6141205,-703.458679,391.223511,5],[-29.2692509,-732.960083,390.470184,5],[1.82336807,-778.605835,388.236511,5],[16.4813423,-779.494507,387.746246,5],[18.2407284,-767.065918,387.022736,5],[0.120963097,-750.446289,385.964172,5],[-4.49797249,-723.57019,382.956482,5],[-17.5393658,-705.775879,380.980347,5],[-26.8622189,-645.028442,375.430511,5],[-71.2916565,-580.902405,370.856934,5],[-73.4016571,-560.812866,369.996643,5],[-58.3044891,-563.914856,369.183807,5],[-35.0213509,-599.772156,368.24826,5],[-15.8139362,-627.656494,366.907074,5],[-10.1601639,-655.627441,365.835175,5],[-2.37400818,-679.250732,365.249237,5],[29.7945976,-729.279968,364.262604,5],[46.1578979,-737.212769,363.933167,5],[50.3799133,-722.036011,362.43689,5],[45.0758438,-691.009094,360.267059,5],[59.3518524,-668.299744,359.830872,5],[83.0777283,-651.084717,359.350677,5],[94.6060791,-622.32373,358.379395,5],[104.87442,-611.932617,357.031067,5],[126.147217,-609.57489,355.46228,5],[191.828857,-610.205994,350.592163,5],[233.359451,-615.358093,348.823303,5],[277.146423,-601.253296,346.2966,5],[285.563293,-585.571472,346.003052,5],[299.284363,-579.99292,346.156738,5],[338.942749,-568.659302,343.400208,5],[398.204346,-537.015015,349.869385,5],[445.52655,-512.964905,339.014282,5],[492.971039,-481.806549,336.959534,5],[537.072632,-443.901917,337.789001,5],[572.794434,-415.023712,334.521973,5],[617.455444,-399.233643,330.770203,5],[659.997864,-395.776245,327.697632,5],[694.317139,-378.962494,323.875519,5],[715.999756,-364.494385,320.248749,5],[748.694519,-349.979431,314.016541,5],[801.606201,-316.633545,304.990906,5],[819.211609,-291.104797,301.278198,5],[833.236572,-270.733856,298.420166,5],[870.890381,-245.603729,294.234985,5],[888.650574,-238.671585,291.355499,5],[897.513245,-227.217346,288.945648,5],[912.044067,-207.561127,285.133972,5],[929.653503,-200.672058,282.029022,5],[972.726685,-189.91449,278.406982,5],[1020.96143,-165.337646,274.192139,5],[1035.14673,-130.178879,274.079285,5],[1035.8075,-89.8565598,270.633942,5],[1045.87964,-63.1638832,266.588959,5],[1071.99573,-27.754406,263.640991,5],[1086.89893,-11.3597565,263.774963,5]]}
{"class":"TSStatic","__parent":"Norte Rally Stage 3","position":[1087.34497,-11.4864588,263.842499],"isRenderEnabled":false,"rotationMatrix":[-0.719275475,0.694417715,-0.0206792317,-0.694642305,-0.719331503,0.00592939788,-0.0107577359,0.0186295342,0.999768555],"scale":[1.25,1,1],"shapeName":"/levels/italy/art/shapes/race/race_rally_gate_finish.dae","useInstanceRenderData":true}
