{"name":"fre_start_norteRallyStage1","class":"BeamNGTrigger","__parent":"Norte Rally Stage 1","position":[308.802887,1794.92688,208.584488],"luaFunction":"onBeamNGTrigger","rotationMatrix":[0.993039072,-0.117785469,4.13157977e-06,0.11772497,0.992527902,-0.0320806354,0.00377453025,0.0318578109,0.999485314],"scale":[6.3856039,1.37468839,3.83414936]}
{"name":"fre_staging_norteRallyStage1","class":"BeamNGTrigger","__parent":"Norte Rally Stage 1","position":[308.897369,1795.59583,208.647095],"luaFunction":"onBeamNGTrigger","rotationMatrix":[0.993039072,-0.117785469,4.13157977e-06,0.11772497,0.992527902,-0.0320806354,0.00377453025,0.0318578109,0.999485314],"scale":[6.3856039,0.739773929,3.83414936]}
{"name":"fre_finish_norteRallyStage1","class":"BeamNGTrigger","__parent":"Norte Rally Stage 1","position":[173.942337,287.966553,186.557693],"luaFunction":"onBeamNGTrigger","rotationMatrix":[0.295960546,-0.955200255,5.40167093e-08,0.954700291,0.295805633,-0.0323519669,0.030902585,0.00957496185,0.999476552],"scale":[6.3856039,0.739773929,3.83414936]}
{"name":"norteRallyStage1","class":"DecalRoad","persistentId":"abed7b67-6141-44ee-b0ae-eae43a128a01","__parent":"Norte Rally Stage 1","position":[308.550018,1794.20288,207.821136],"improvedSpline":true,"material":"road_invisible","nodes":[[308.550018,1794.20288,207.821136,5],[305.918213,1776.50708,208.504517,5],[299.772919,1754.73389,208.4198,5],[291.856659,1743.99646,206.970245,5],[277.353302,1730.97058,203.711563,5],[267.991302,1713.48889,201.805984,5],[266.241333,1693.72839,200.382889,5],[270.382507,1680.14514,199.21254,5],[283.522186,1672.6145,197.756165,5],[296.131561,1671.48035,196.553024,5],[307.494812,1676.96887,195.298401,5],[318.601166,1686.70593,194.036316,5],[329.456665,1702.00562,193.245636,5],[341.327209,1728.69653,192.242325,5],[347.88443,1759.24512,189.188736,5],[351.360657,1793.45508,187.057877,5],[358.510162,1800.01025,186.532196,5],[364.45343,1793.68115,185.533737,5],[364.125061,1767.62549,184.60141,5],[359.137848,1731.12854,184.555054,5],[332.865387,1680.14868,183.282806,5],[305.03009,1647.30457,181.528473,5],[274.653809,1628.30078,178.707794,5],[235.998413,1601.85864,175.658569,5],[207.198532,1563.34607,174.072479,5],[190.201584,1564.33447,174.279358,5],[187.028732,1571.80237,173.528107,5],[190.969894,1578.00464,172.321747,5],[200.15062,1587.70386,170.218262,5],[205.484055,1611.11401,168.822021,5],[212.541412,1631.63672,167.46611,5],[210.540009,1640.97949,166.831802,5],[202.235352,1640.11658,166.141846,5],[188.340118,1626.58032,163.333633,5],[150.786148,1598.98865,156.237244,5],[92.5044708,1552.81641,148.404709,5],[59.1032066,1512.25122,144.750031,5],[27.2033539,1471.27783,143.523438,5],[-2.87977505,1448.33435,143.491196,5],[-34.2916641,1420.44385,143.532227,5],[-62.8279305,1392.06055,143.577393,5],[-73.889595,1371.55054,143.546036,5],[-71.0399704,1359.75745,143.659271,5],[-57.0557327,1351.04089,144.087173,5],[-8.11218834,1330.16187,145.481445,5],[24.8949966,1310.22156,146.48938,5],[69.6276703,1292.92371,148.531433,5],[132.125504,1283.44409,150.398926,5],[200.394913,1274.823,153.120483,5],[243.485336,1264.62671,155.062073,5],[278.623932,1245.37817,155.555527,5],[311.024017,1226.88586,156.183121,5],[336.728058,1215.92261,158.425613,5],[354.373535,1174.64502,155.899597,5],[376.057312,1143.75403,156.162979,5],[431.24762,1086.99805,156.814117,5],[491.4711,1025.32617,158.406555,5],[536.969299,953.043945,162.516785,5],[560.572876,889.509583,172.866669,5],[579.247314,842.324585,177.362854,5],[592.291809,778.91803,179.443985,5],[590.974426,748.067749,179.166962,5],[564.531006,688.518982,177.976379,5],[516.732239,620.819336,177.795364,5],[499.842804,605.658813,178.071991,5],[480.4599,600.177673,177.563507,5],[453.749969,593.776428,174.183517,5],[304.238037,557.640869,173.927719,5],[189.458038,531.059021,178.034729,5],[139.132919,519.64917,178.672653,5],[129.614792,510.274048,179.089752,5],[139.358078,488.757935,178.98616,5],[175.631943,400.143341,183.046295,5],[197.602829,318.448303,185.046158,5],[198.808884,297.531403,185.552292,5],[188.986374,293.034912,185.784576,5],[172.87088,287.644745,185.935028,5]]}
{"class":"TSStatic","__parent":"Norte Rally Stage 1","position":[309.298309,1795.5238,208.684067],"isRenderEnabled":false,"rotationMatrix":[-0.985879183,0.167458475,0,-0.167458475,-0.985879183,0,0,0,1],"shapeName":"/levels/italy/art/shapes/buildings/race_rally_gate.dae","useInstanceRenderData":true}
{"class":"TSStatic","__parent":"Norte Rally Stage 1","position":[174.461487,288.093201,185.743546],"isRenderEnabled":false,"rotationMatrix":[-0.262114406,0.965037107,0,-0.965037107,-0.262114406,0,0,0,1],"shapeName":"/levels/italy/art/shapes/race/race_rally_gate_finish.dae","useInstanceRenderData":true}
